currentNumberOfWords,maxNumberOfWords,currentTime,timeWithMaxWords,convergenceTime,maxNumberOfDifferentWords,currentNumberOfDifferentWords
0,0,0,0,0,0,0
0,0,1,0,1,0,0
2,2,2,2,2,1,1
4,4,3,3,3,2,2
5,5,4,4,4,2,2
7,7,5,5,5,3,3
8,8,6,6,6,3,3
10,10,7,7,7,4,4
12,12,8,8,8,5,5
14,14,9,9,9,6,6
16,16,10,10,10,7,7
18,18,11,11,11,8,8
20,20,12,12,12,9,9
22,22,13,13,13,10,10
24,24,14,14,14,11,11
26,26,15,15,15,12,12
28,28,16,16,16,13,13
30,30,17,17,17,14,14
31,31,18,18,18,14,14
33,33,19,19,19,15,15
35,35,20,20,20,16,16
36,36,21,21,21,16,16
38,38,22,22,22,17,17
40,40,23,23,23,18,18
42,42,24,24,24,19,19
44,44,25,25,25,20,20
46,46,26,26,26,21,21
48,48,27,27,27,22,22
50,50,28,28,28,23,23
52,52,29,29,29,24,24
54,54,30,30,30,25,25
54,54,31,30,31,25,25
56,56,32,32,32,26,26
57,57,33,33,33,26,26
59,59,34,34,34,27,27
60,60,35,35,35,27,27
62,62,36,36,36,28,28
64,64,37,37,37,29,29
66,66,38,38,38,30,30
68,68,39,39,39,31,31
70,70,40,40,40,32,32
72,72,41,41,41,33,33
74,74,42,42,42,34,34
74,74,43,42,43,34,34
76,76,44,44,44,35,35
78,78,45,45,45,36,36
80,80,46,46,46,37,37
82,82,47,47,47,38,38
84,84,48,48,48,39,39
86,86,49,49,49,40,40
88,88,50,50,50,41,41
90,90,51,51,51,42,42
91,91,52,52,52,42,42
93,93,53,53,53,43,43
95,95,54,54,54,44,44
97,97,55,55,55,45,45
99,99,56,56,56,46,46
101,101,57,57,57,47,47
102,102,58,58,58,47,47
104,104,59,59,59,48,48
106,106,60,60,60,49,49
108,108,61,61,61,50,50
109,109,62,62,62,50,50
111,111,63,63,63,51,51
113,113,64,64,64,52,52
115,115,65,65,65,53,53
117,117,66,66,66,54,54
119,119,67,67,67,55,55
121,121,68,68,68,56,56
123,123,69,69,69,57,57
124,124,70,70,70,57,57
126,126,71,71,71,58,58
126,126,72,71,72,58,58
128,128,73,73,73,59,59
129,129,74,74,74,59,59
131,131,75,75,75,60,60
133,133,76,76,76,61,61
134,134,77,77,77,61,61
136,136,78,78,78,62,62
138,138,79,79,79,63,63
140,140,80,80,80,64,64
142,142,81,81,81,65,65
144,144,82,82,82,66,66
145,145,83,83,83,66,66
147,147,84,84,84,67,67
148,148,85,85,85,67,67
150,150,86,86,86,68,68
151,151,87,87,87,68,68
152,152,88,88,88,68,68
152,152,89,88,89,68,68
152,152,90,88,90,68,68
154,154,91,91,91,69,69
156,156,92,92,92,70,70
158,158,93,93,93,71,71
160,160,94,94,94,72,72
162,162,95,95,95,73,73
163,163,96,96,96,73,73
164,164,97,97,97,73,73
166,166,98,98,98,74,74
167,167,99,99,99,74,74
168,168,100,100,100,74,74
170,170,101,101,101,75,75
172,172,102,102,102,76,76
174,174,103,103,103,77,77
176,176,104,104,104,78,78
177,177,105,105,105,78,78
179,179,106,106,106,79,79
180,180,107,107,107,79,79
181,181,108,108,108,79,79
183,183,109,109,109,80,80
185,185,110,110,110,81,81
187,187,111,111,111,82,82
189,189,112,112,112,83,83
190,190,113,113,113,83,83
189,190,114,113,114,83,83
190,190,115,113,115,83,83
189,190,116,113,116,83,83
191,191,117,117,117,84,84
193,193,118,118,118,85,85
194,194,119,119,119,85,85
194,194,120,119,120,85,85
195,195,121,121,121,85,85
196,196,122,122,122,85,85
197,197,123,123,123,85,85
199,199,124,124,124,86,86
201,201,125,125,125,87,87
202,202,126,126,126,87,87
204,204,127,127,127,88,88
206,206,128,128,128,89,89
208,208,129,129,129,90,90
210,210,130,130,130,91,91
212,212,131,131,131,92,92
214,214,132,132,132,93,93
215,215,133,133,133,93,93
217,217,134,134,134,94,94
218,218,135,135,135,94,94
220,220,136,136,136,95,95
222,222,137,137,137,96,96
223,223,138,138,138,96,96
225,225,139,139,139,97,97
226,226,140,140,140,97,97
226,226,141,140,141,97,97
227,227,142,142,142,97,97
228,228,143,143,143,97,97
230,230,144,144,144,98,98
229,230,145,144,145,98,98
231,231,146,146,146,99,99
232,232,147,147,147,99,99
234,234,148,148,148,100,100
235,235,149,149,149,100,100
236,236,150,150,150,100,100
236,236,151,150,151,100,100
238,238,152,152,152,101,101
240,240,153,153,153,102,102
242,242,154,154,154,103,103
243,243,155,155,155,103,103
245,245,156,156,156,104,104
246,246,157,157,157,104,104
247,247,158,158,158,104,104
248,248,159,159,159,104,104
250,250,160,160,160,105,105
252,252,161,161,161,106,106
253,253,162,162,162,106,106
255,255,163,163,163,107,107
257,257,164,164,164,108,108
256,257,165,164,165,108,108
258,258,166,166,166,109,109
259,259,167,167,167,109,109
260,260,168,168,168,109,109
261,261,169,169,169,109,109
262,262,170,170,170,109,109
263,263,171,171,171,109,109
264,264,172,172,172,109,109
265,265,173,173,173,109,109
264,265,174,173,174,109,109
265,265,175,173,175,109,109
267,267,176,176,176,110,110
269,269,177,177,177,111,111
271,271,178,178,178,112,112
272,272,179,179,179,112,112
274,274,180,180,180,113,113
275,275,181,181,181,113,113
277,277,182,182,182,114,114
278,278,183,183,183,114,114
279,279,184,184,184,114,114
281,281,185,185,185,115,115
282,282,186,186,186,115,115
283,283,187,187,187,115,115
284,284,188,188,188,115,115
284,284,189,188,189,115,115
285,285,190,190,190,115,115
286,286,191,191,191,115,115
287,287,192,192,192,115,115
289,289,193,193,193,116,116
291,291,194,194,194,117,117
293,293,195,195,195,118,118
295,295,196,196,196,119,119
296,296,197,197,197,119,119
297,297,198,198,198,119,119
298,298,199,199,199,119,119
299,299,200,200,200,119,119
300,300,201,201,201,119,119
301,301,202,202,202,119,119
302,302,203,203,203,119,119
304,304,204,204,204,120,120
304,304,205,204,205,120,120
305,305,206,206,206,120,120
306,306,207,207,207,120,120
308,308,208,208,208,121,121
309,309,209,209,209,121,121
311,311,210,210,210,122,122
313,313,211,211,211,123,123
315,315,212,212,212,124,124
316,316,213,213,213,124,124
318,318,214,214,214,125,125
319,319,215,215,215,125,125
321,321,216,216,216,126,126
323,323,217,217,217,127,127
324,324,218,218,218,127,127
325,325,219,219,219,127,127
326,326,220,220,220,127,127
328,328,221,221,221,128,128
329,329,222,222,222,128,128
331,331,223,223,223,129,129
333,333,224,224,224,130,130
334,334,225,225,225,130,130
333,334,226,225,226,130,130
334,334,227,225,227,130,130
334,334,228,225,228,130,130
336,336,229,229,229,131,131
338,338,230,230,230,132,132
340,340,231,231,231,133,133
341,341,232,232,232,133,133
342,342,233,233,233,133,133
344,344,234,234,234,134,134
346,346,235,235,235,135,135
345,346,236,235,236,135,135
347,347,237,237,237,136,136
349,349,238,238,238,137,137
350,350,239,239,239,137,137
351,351,240,240,240,137,137
353,353,241,241,241,138,138
354,354,242,242,242,138,138
355,355,243,243,243,138,138
356,356,244,244,244,138,138
358,358,245,245,245,139,139
360,360,246,246,246,140,140
361,361,247,247,247,140,140
362,362,248,248,248,140,140
363,363,249,249,249,140,140
364,364,250,250,250,140,140
366,366,251,251,251,141,141
367,367,252,252,252,141,141
369,369,253,253,253,142,142
370,370,254,254,254,142,142
370,370,255,254,255,142,142
369,370,256,254,256,142,142
370,370,257,254,257,142,142
371,371,258,258,258,142,142
373,373,259,259,259,143,143
375,375,260,260,260,144,144
376,376,261,261,261,144,144
376,376,262,261,262,144,144
376,376,263,261,263,144,144
377,377,264,264,264,144,144
377,377,265,264,265,144,144
378,378,266,266,266,144,144
379,379,267,267,267,144,144
378,379,268,267,268,144,144
380,380,269,269,269,145,145
381,381,270,270,270,145,145
382,382,271,271,271,145,145
383,383,272,272,272,145,145
384,384,273,273,273,145,145
386,386,274,274,274,146,146
387,387,275,275,275,146,146
389,389,276,276,276,147,147
390,390,277,277,277,147,147
391,391,278,278,278,147,147
392,392,279,279,279,147,147
393,393,280,280,280,147,147
395,395,281,281,281,148,148
396,396,282,282,282,148,148
398,398,283,283,283,149,149
398,398,284,283,284,149,149
399,399,285,285,285,149,149
401,401,286,286,286,150,150
400,401,287,286,287,150,150
401,401,288,286,288,150,150
403,403,289,289,289,151,151
405,405,290,290,290,152,152
407,407,291,291,291,153,153
408,408,292,292,292,153,153
410,410,293,293,293,154,154
409,410,294,293,294,154,154
411,411,295,295,295,155,155
412,412,296,296,296,155,155
414,414,297,297,297,156,156
415,415,298,298,298,156,156
417,417,299,299,299,157,157
418,418,300,300,300,157,157
416,418,301,300,301,157,157
417,418,302,300,302,157,157
415,418,303,300,303,157,157
416,418,304,300,304,157,157
417,418,305,300,305,157,157
418,418,306,300,306,157,157
419,419,307,307,307,157,157
420,420,308,308,308,157,157
421,421,309,309,309,157,157
423,423,310,310,310,158,158
425,425,311,311,311,159,159
426,426,312,312,312,159,159
427,427,313,313,313,159,159
428,428,314,314,314,159,159
429,429,315,315,315,159,159
430,430,316,316,316,159,159
430,430,317,316,317,159,159
431,431,318,318,318,159,159
433,433,319,319,319,160,160
435,435,320,320,320,161,161
436,436,321,321,321,161,161
438,438,322,322,322,162,162
438,438,323,322,323,162,162
439,439,324,324,324,162,162
440,440,325,325,325,162,162
442,442,326,326,326,163,163
441,442,327,326,327,163,163
442,442,328,326,328,163,163
441,442,329,326,329,163,163
440,442,330,326,330,163,163
441,442,331,326,331,163,163
442,442,332,326,332,163,163
443,443,333,333,333,163,163
444,444,334,334,334,163,163
445,445,335,335,335,163,163
446,446,336,336,336,163,163
447,447,337,337,337,163,163
448,448,338,338,338,163,163
449,449,339,339,339,163,163
450,450,340,340,340,163,163
451,451,341,341,341,163,163
452,452,342,342,342,163,163
453,453,343,343,343,163,163
454,454,344,344,344,163,163
455,455,345,345,345,163,163
456,456,346,346,346,163,163
457,457,347,347,347,163,163
457,457,348,347,348,163,163
459,459,349,349,349,164,164
460,460,350,350,350,164,164
461,461,351,351,351,164,164
457,461,352,351,352,164,164
458,461,353,351,353,164,164
455,461,354,351,354,164,164
457,461,355,351,355,165,165
457,461,356,351,356,165,165
458,461,357,351,357,165,165
459,461,358,351,358,165,165
460,461,359,351,359,165,165
461,461,360,351,360,165,165
462,462,361,361,361,165,165
463,463,362,362,362,165,165
464,464,363,363,363,165,165
465,465,364,364,364,165,165
466,466,365,365,365,165,165
468,468,366,366,366,166,166
469,469,367,367,367,166,166
469,469,368,367,368,166,166
468,469,369,367,369,166,166
469,469,370,367,370,166,166
470,470,371,371,371,166,166
471,471,372,372,372,166,166
472,472,373,373,373,166,166
474,474,374,374,374,167,167
475,475,375,375,375,167,167
476,476,376,376,376,167,167
477,477,377,377,377,167,167
478,478,378,378,378,167,167
479,479,379,379,379,167,167
480,480,380,380,380,167,167
481,481,381,381,381,167,167
482,482,382,382,382,167,167
483,483,383,383,383,167,167
484,484,384,384,384,167,167
485,485,385,385,385,167,167
487,487,386,386,386,168,168
488,488,387,387,387,168,168
490,490,388,388,388,169,169
491,491,389,389,389,169,169
492,492,390,390,390,169,169
493,493,391,391,391,169,169
494,494,392,392,392,169,169
495,495,393,393,393,169,169
497,497,394,394,394,170,170
498,498,395,395,395,170,170
497,498,396,395,396,170,170
498,498,397,395,397,170,170
500,500,398,398,398,171,171
502,502,399,399,399,172,172
504,504,400,400,400,173,173
505,505,401,401,401,173,173
506,506,402,402,402,173,173
507,507,403,403,403,173,173
506,507,404,403,404,173,173
507,507,405,403,405,173,173
508,508,406,406,406,173,173
509,509,407,407,407,173,173
510,510,408,408,408,173,173
509,510,409,408,409,173,173
510,510,410,408,410,173,173
511,511,411,411,411,173,173
512,512,412,412,412,173,173
513,513,413,413,413,173,173
514,514,414,414,414,173,173
515,515,415,415,415,173,173
516,516,416,416,416,173,173
518,518,417,417,417,174,174
520,520,418,418,418,175,175
520,520,419,418,419,175,175
522,522,420,420,420,176,176
521,522,421,420,421,176,176
522,522,422,420,422,176,176
522,522,423,420,423,176,176
523,523,424,424,424,176,176
524,524,425,425,425,176,176
526,526,426,426,426,177,177
525,526,427,426,427,177,177
526,526,428,426,428,177,177
527,527,429,429,429,177,177
527,527,430,429,430,177,177
528,528,431,431,431,177,177
529,529,432,432,432,177,177
528,529,433,432,433,177,177
529,529,434,432,434,177,177
530,530,435,435,435,177,177
531,531,436,436,436,177,177
532,532,437,437,437,177,177
534,534,438,438,438,178,178
534,534,439,438,439,178,178
535,535,440,440,440,178,178
536,536,441,441,441,178,178
537,537,442,442,442,178,178
538,538,443,443,443,178,178
540,540,444,444,444,179,179
541,541,445,445,445,179,179
542,542,446,446,446,179,179
543,543,447,447,447,179,179
545,545,448,448,448,180,180
546,546,449,449,449,180,180
547,547,450,450,450,180,180
548,548,451,451,451,180,180
547,548,452,451,452,180,180
548,548,453,451,453,180,180
550,550,454,454,454,181,181
549,550,455,454,455,181,181
548,550,456,454,456,181,181
549,550,457,454,457,181,181
549,550,458,454,458,181,181
548,550,459,454,459,181,181
548,550,460,454,460,181,181
549,550,461,454,461,181,181
550,550,462,454,462,181,181
551,551,463,463,463,181,181
549,551,464,463,464,181,181
550,551,465,463,465,181,181
551,551,466,463,466,181,181
552,552,467,467,467,181,181
553,553,468,468,468,181,181
554,554,469,469,469,181,181
556,556,470,470,470,182,182
557,557,471,471,471,182,182
558,558,472,472,472,182,182
559,559,473,473,473,182,182
557,559,474,473,474,182,182
558,559,475,473,475,182,182
559,559,476,473,476,182,182
560,560,477,477,477,182,182
561,561,478,478,478,182,182
562,562,479,479,479,182,182
563,563,480,480,480,182,182
564,564,481,481,481,182,182
564,564,482,481,482,182,182
565,565,483,483,483,182,182
566,566,484,484,484,182,182
567,567,485,485,485,182,182
568,568,486,486,486,182,182
569,569,487,487,487,182,182
570,570,488,488,488,182,182
572,572,489,489,489,183,183
573,573,490,490,490,183,183
574,574,491,491,491,183,183
575,575,492,492,492,183,183
576,576,493,493,493,183,183
577,577,494,494,494,183,183
576,577,495,494,495,183,183
577,577,496,494,496,183,183
577,577,497,494,497,183,183
578,578,498,498,498,183,183
579,579,499,499,499,183,183
580,580,500,500,500,183,183
581,581,501,501,501,183,183
582,582,502,502,502,183,183
583,583,503,503,503,183,183
584,584,504,504,504,183,183
585,585,505,505,505,183,183
586,586,506,506,506,183,183
587,587,507,507,507,183,183
583,587,508,507,508,183,183
584,587,509,507,509,183,183
585,587,510,507,510,183,183
587,587,511,507,511,184,184
588,588,512,512,512,184,184
589,589,513,513,513,184,184
590,590,514,514,514,184,184
589,590,515,514,515,184,184
591,591,516,516,516,185,185
593,593,517,517,517,186,186
594,594,518,518,518,186,186
595,595,519,519,519,186,186
596,596,520,520,520,186,186
598,598,521,521,521,187,187
599,599,522,522,522,187,187
597,599,523,522,523,187,187
596,599,524,522,524,187,187
595,599,525,522,525,187,187
594,599,526,522,526,187,187
595,599,527,522,527,187,187
596,599,528,522,528,187,187
597,599,529,522,529,187,187
598,599,530,522,530,187,187
599,599,531,522,531,187,187
600,600,532,532,532,187,187
599,600,533,532,533,187,187
600,600,534,532,534,187,187
601,601,535,535,535,187,187
601,601,536,535,536,187,187
602,602,537,537,537,187,187
603,603,538,538,538,187,187
604,604,539,539,539,187,187
605,605,540,540,540,187,187
606,606,541,541,541,187,187
607,607,542,542,542,187,187
607,607,543,542,543,187,187
608,608,544,544,544,187,187
609,609,545,545,545,187,187
610,610,546,546,546,187,187
610,610,547,546,547,187,187
610,610,548,546,548,187,187
611,611,549,549,549,187,187
609,611,550,549,550,187,187
610,611,551,549,551,187,187
611,611,552,549,552,187,187
611,611,553,549,553,187,187
613,613,554,554,554,188,188
612,613,555,554,555,188,187
613,613,556,554,556,188,187
612,613,557,554,557,188,187
614,614,558,558,558,188,188
615,615,559,559,559,188,188
613,615,560,559,560,188,188
614,615,561,559,561,188,188
615,615,562,559,562,188,188
616,616,563,563,563,188,188
617,617,564,564,564,188,188
616,617,565,564,565,188,188
617,617,566,564,566,188,188
618,618,567,567,567,188,188
619,619,568,568,568,188,188
620,620,569,569,569,188,188
620,620,570,569,570,188,188
621,621,571,571,571,188,188
622,622,572,572,572,188,188
622,622,573,572,573,188,188
624,624,574,574,574,189,189
625,625,575,575,575,189,189
626,626,576,576,576,189,189
627,627,577,577,577,189,189
628,628,578,578,578,189,189
629,629,579,579,579,189,189
630,630,580,580,580,189,189
630,630,581,580,581,189,189
631,631,582,582,582,189,189
628,631,583,582,583,189,189
629,631,584,582,584,189,189
630,631,585,582,585,189,189
631,631,586,582,586,189,189
631,631,587,582,587,189,189
632,632,588,588,588,189,189
633,633,589,589,589,189,189
634,634,590,590,590,189,189
635,635,591,591,591,189,189
634,635,592,591,592,189,188
635,635,593,591,593,189,188
636,636,594,594,594,189,188
637,637,595,595,595,189,188
635,637,596,595,596,189,188
632,637,597,595,597,189,188
633,637,598,595,598,189,188
634,637,599,595,599,189,188
630,637,600,595,600,189,188
631,637,601,595,601,189,188
630,637,602,595,602,189,188
630,637,603,595,603,189,188
631,637,604,595,604,189,188
632,637,605,595,605,189,188
632,637,606,595,606,189,188
633,637,607,595,607,189,188
634,637,608,595,608,189,188
635,637,609,595,609,189,188
636,637,610,595,610,189,188
637,637,611,595,611,189,188
638,638,612,612,612,189,188
639,639,613,613,613,189,188
639,639,614,613,614,189,188
639,639,615,613,615,189,188
640,640,616,616,616,189,188
641,641,617,617,617,189,188
642,642,618,618,618,189,188
643,643,619,619,619,189,188
641,643,620,619,620,189,187
641,643,621,619,621,189,187
640,643,622,619,622,189,187
641,643,623,619,623,189,187
643,643,624,619,624,189,188
641,643,625,619,625,189,188
640,643,626,619,626,189,188
641,643,627,619,627,189,188
642,643,628,619,628,189,188
643,643,629,619,629,189,188
644,644,630,630,630,189,188
645,645,631,631,631,189,188
646,646,632,632,632,189,188
647,647,633,633,633,189,188
645,647,634,633,634,189,188
646,647,635,633,635,189,188
647,647,636,633,636,189,188
648,648,637,637,637,189,188
647,648,638,637,638,189,188
648,648,639,637,639,189,188
649,649,640,640,640,189,188
650,650,641,641,641,189,188
652,652,642,642,642,189,189
653,653,643,643,643,189,189
654,654,644,644,644,189,189
651,654,645,644,645,189,189
652,654,646,644,646,189,189
653,654,647,644,647,189,189
654,654,648,644,648,189,189
655,655,649,649,649,189,189
656,656,650,650,650,189,189
657,657,651,651,651,189,189
658,658,652,652,652,189,189
658,658,653,652,653,189,189
659,659,654,654,654,189,189
660,660,655,655,655,189,189
660,660,656,655,656,189,189
660,660,657,655,657,189,189
661,661,658,658,658,189,189
661,661,659,658,659,189,189
662,662,660,660,660,189,189
663,663,661,661,661,189,189
663,663,662,661,662,189,189
664,664,663,663,663,189,189
665,665,664,664,664,189,189
665,665,665,664,665,189,189
666,666,666,666,666,189,189
667,667,667,667,667,189,189
667,667,668,667,668,189,189
668,668,669,669,669,189,189
669,669,670,670,670,189,189
669,669,671,670,671,189,189
670,670,672,672,672,189,189
671,671,673,673,673,189,189
672,672,674,674,674,189,189
673,673,675,675,675,189,189
674,674,676,676,676,189,189
675,675,677,677,677,189,189
676,676,678,678,678,189,189
673,676,679,678,679,189,189
669,676,680,678,680,189,189
671,676,681,678,681,190,190
670,676,682,678,682,190,190
669,676,683,678,683,190,190
670,676,684,678,684,190,190
671,676,685,678,685,190,190
672,676,686,678,686,190,190
673,676,687,678,687,190,190
674,676,688,678,688,190,190
674,676,689,678,689,190,190
675,676,690,678,690,190,190
676,676,691,678,691,190,190
677,677,692,692,692,190,190
678,678,693,693,693,190,190
678,678,694,693,694,190,190
679,679,695,695,695,190,190
678,679,696,695,696,190,190
679,679,697,695,697,190,190
678,679,698,695,698,190,190
679,679,699,695,699,190,190
680,680,700,700,700,190,190
681,681,701,701,701,190,190
682,682,702,702,702,190,190
680,682,703,702,703,190,190
678,682,704,702,704,190,190
678,682,705,702,705,190,190
678,682,706,702,706,190,190
678,682,707,702,707,190,190
679,682,708,702,708,190,190
680,682,709,702,709,190,190
681,682,710,702,710,190,190
682,682,711,702,711,190,190
683,683,712,712,712,190,190
684,684,713,713,713,190,190
685,685,714,714,714,190,190
686,686,715,715,715,190,190
687,687,716,716,716,190,190
688,688,717,717,717,190,190
689,689,718,718,718,190,190
690,690,719,719,719,190,190
691,691,720,720,720,190,190
692,692,721,721,721,190,190
693,693,722,722,722,190,190
691,693,723,722,723,190,190
692,693,724,722,724,190,190
689,693,725,722,725,190,190
690,693,726,722,726,190,190
691,693,727,722,727,190,190
692,693,728,722,728,190,190
691,693,729,722,729,190,190
692,693,730,722,730,190,190
690,693,731,722,731,190,190
689,693,732,722,732,190,190
688,693,733,722,733,190,190
689,693,734,722,734,190,190
690,693,735,722,735,190,190
691,693,736,722,736,190,190
690,693,737,722,737,190,190
691,693,738,722,738,190,190
692,693,739,722,739,190,190
694,694,740,740,740,191,191
695,695,741,741,741,191,191
694,695,742,741,742,191,191
693,695,743,741,743,191,191
692,695,744,741,744,191,191
689,695,745,741,745,191,190
689,695,746,741,746,191,190
690,695,747,741,747,191,190
691,695,748,741,748,191,190
690,695,749,741,749,191,190
690,695,750,741,750,191,190
690,695,751,741,751,191,190
690,695,752,741,752,191,190
690,695,753,741,753,191,190
691,695,754,741,754,191,190
692,695,755,741,755,191,190
692,695,756,741,756,191,190
693,695,757,741,757,191,190
694,695,758,741,758,191,190
694,695,759,741,759,191,190
694,695,760,741,760,191,190
695,695,761,741,761,191,190
696,696,762,762,762,191,190
697,697,763,763,763,191,190
698,698,764,764,764,191,190
698,698,765,764,765,191,190
699,699,766,766,766,191,190
700,700,767,767,767,191,190
697,700,768,767,768,191,190
698,700,769,767,769,191,190
699,700,770,767,770,191,190
700,700,771,767,771,191,190
699,700,772,767,772,191,190
698,700,773,767,773,191,190
697,700,774,767,774,191,190
694,700,775,767,775,191,190
693,700,776,767,776,191,190
694,700,777,767,777,191,190
692,700,778,767,778,191,190
693,700,779,767,779,191,190
692,700,780,767,780,191,190
693,700,781,767,781,191,190
694,700,782,767,782,191,190
694,700,783,767,783,191,190
695,700,784,767,784,191,190
694,700,785,767,785,191,190
694,700,786,767,786,191,190
695,700,787,767,787,191,190
695,700,788,767,788,191,190
696,700,789,767,789,191,190
696,700,790,767,790,191,190
696,700,791,767,791,191,190
694,700,792,767,792,191,190
693,700,793,767,793,191,190
692,700,794,767,794,191,190
693,700,795,767,795,191,190
695,700,796,767,796,191,191
696,700,797,767,797,191,191
697,700,798,767,798,191,191
698,700,799,767,799,191,191
699,700,800,767,800,191,191
698,700,801,767,801,191,191
697,700,802,767,802,191,191
698,700,803,767,803,191,191
697,700,804,767,804,191,191
698,700,805,767,805,191,191
697,700,806,767,806,191,191
698,700,807,767,807,191,191
699,700,808,767,808,191,191
700,700,809,767,809,191,191
701,701,810,810,810,191,191
702,702,811,811,811,191,191
703,703,812,812,812,191,191
704,704,813,813,813,191,191
705,705,814,814,814,191,191
706,706,815,815,815,191,191
704,706,816,815,816,191,191
705,706,817,815,817,191,191
703,706,818,815,818,191,191
704,706,819,815,819,191,191
705,706,820,815,820,191,191
706,706,821,815,821,191,191
707,707,822,822,822,191,191
708,708,823,823,823,191,191
706,708,824,823,824,191,191
707,708,825,823,825,191,191
708,708,826,823,826,191,191
709,709,827,827,827,191,191
710,710,828,828,828,191,191
710,710,829,828,829,191,191
710,710,830,828,830,191,191
712,712,831,831,831,192,192
710,712,832,831,832,192,192
709,712,833,831,833,192,192
709,712,834,831,834,192,192
710,712,835,831,835,192,192
711,712,836,831,836,192,192
709,712,837,831,837,192,191
710,712,838,831,838,192,191
709,712,839,831,839,192,191
710,712,840,831,840,192,191
711,712,841,831,841,192,191
712,712,842,831,842,192,191
711,712,843,831,843,192,191
712,712,844,831,844,192,191
713,713,845,845,845,192,191
714,714,846,846,846,192,191
714,714,847,846,847,192,191
715,715,848,848,848,192,191
716,716,849,849,849,192,191
717,717,850,850,850,192,191
718,718,851,851,851,192,191
719,719,852,852,852,192,191
718,719,853,852,853,192,191
719,719,854,852,854,192,191
720,720,855,855,855,192,191
721,721,856,856,856,192,191
722,722,857,857,857,192,191
720,722,858,857,858,192,191
721,722,859,857,859,192,191
722,722,860,857,860,192,191
720,722,861,857,861,192,191
721,722,862,857,862,192,191
718,722,863,857,863,192,191
718,722,864,857,864,192,191
717,722,865,857,865,192,191
718,722,866,857,866,192,191
717,722,867,857,867,192,191
716,722,868,857,868,192,191
717,722,869,857,869,192,191
718,722,870,857,870,192,191
717,722,871,857,871,192,191
718,722,872,857,872,192,191
715,722,873,857,873,192,191
715,722,874,857,874,192,191
714,722,875,857,875,192,191
715,722,876,857,876,192,191
716,722,877,857,877,192,191
717,722,878,857,878,192,191
718,722,879,857,879,192,191
717,722,880,857,880,192,191
717,722,881,857,881,192,191
718,722,882,857,882,192,191
716,722,883,857,883,192,191
717,722,884,857,884,192,191
717,722,885,857,885,192,191
718,722,886,857,886,192,191
719,722,887,857,887,192,191
720,722,888,857,888,192,191
719,722,889,857,889,192,191
719,722,890,857,890,192,191
720,722,891,857,891,192,191
719,722,892,857,892,192,191
717,722,893,857,893,192,191
718,722,894,857,894,192,191
718,722,895,857,895,192,191
718,722,896,857,896,192,191
719,722,897,857,897,192,191
717,722,898,857,898,192,191
715,722,899,857,899,192,191
716,722,900,857,900,192,191
717,722,901,857,901,192,191
715,722,902,857,902,192,191
714,722,903,857,903,192,190
714,722,904,857,904,192,190
715,722,905,857,905,192,190
713,722,906,857,906,192,190
712,722,907,857,907,192,190
710,722,908,857,908,192,190
711,722,909,857,909,192,190
712,722,910,857,910,192,190
713,722,911,857,911,192,190
714,722,912,857,912,192,190
715,722,913,857,913,192,190
716,722,914,857,914,192,190
717,722,915,857,915,192,190
718,722,916,857,916,192,190
719,722,917,857,917,192,190
720,722,918,857,918,192,190
721,722,919,857,919,192,190
720,722,920,857,920,192,190
721,722,921,857,921,192,190
722,722,922,857,922,192,190
723,723,923,923,923,192,190
721,723,924,923,924,192,190
722,723,925,923,925,192,190
722,723,926,923,926,192,190
723,723,927,923,927,192,190
724,724,928,928,928,192,190
721,724,929,928,929,192,190
722,724,930,928,930,192,190
723,724,931,928,931,192,190
723,724,932,928,932,192,190
724,724,933,928,933,192,190
725,725,934,934,934,192,190
726,726,935,935,935,192,190
727,727,936,936,936,192,190
728,728,937,937,937,192,190
729,729,938,938,938,192,190
727,729,939,938,939,192,190
728,729,940,938,940,192,190
729,729,941,938,941,192,190
728,729,942,938,942,192,190
729,729,943,938,943,192,190
729,729,944,938,944,192,190
730,730,945,945,945,192,190
731,731,946,946,946,192,190
728,731,947,946,947,192,190
729,731,948,946,948,192,190
728,731,949,946,949,192,190
729,731,950,946,950,192,190
728,731,951,946,951,192,190
729,731,952,946,952,192,190
729,731,953,946,953,192,190
728,731,954,946,954,192,190
728,731,955,946,955,192,190
726,731,956,946,956,192,189
727,731,957,946,957,192,189
728,731,958,946,958,192,189
728,731,959,946,959,192,189
727,731,960,946,960,192,189
726,731,961,946,961,192,189
727,731,962,946,962,192,189
728,731,963,946,963,192,189
727,731,964,946,964,192,189
728,731,965,946,965,192,189
727,731,966,946,966,192,188
726,731,967,946,967,192,188
727,731,968,946,968,192,188
728,731,969,946,969,192,188
728,731,970,946,970,192,188
726,731,971,946,971,192,187
725,731,972,946,972,192,187
725,731,973,946,973,192,187
726,731,974,946,974,192,187
725,731,975,946,975,192,187
726,731,976,946,976,192,187
727,731,977,946,977,192,187
727,731,978,946,978,192,187
727,731,979,946,979,192,187
726,731,980,946,980,192,186
725,731,981,946,981,192,186
726,731,982,946,982,192,186
727,731,983,946,983,192,186
728,731,984,946,984,192,186
729,731,985,946,985,192,186
730,731,986,946,986,192,186
727,731,987,946,987,192,186
728,731,988,946,988,192,186
728,731,989,946,989,192,186
728,731,990,946,990,192,186
729,731,991,946,991,192,186
727,731,992,946,992,192,185
728,731,993,946,993,192,185
729,731,994,946,994,192,185
730,731,995,946,995,192,185
729,731,996,946,996,192,184
730,731,997,946,997,192,184
727,731,998,946,998,192,184
728,731,999,946,999,192,184
729,731,1000,946,1000,192,184
730,731,1001,946,1001,192,184
731,731,1002,946,1002,192,184
731,731,1003,946,1003,192,184
732,732,1004,1004,1004,192,184
730,732,1005,1004,1005,192,184
731,732,1006,1004,1006,192,184
730,732,1007,1004,1007,192,184
728,732,1008,1004,1008,192,184
729,732,1009,1004,1009,192,184
730,732,1010,1004,1010,192,184
731,732,1011,1004,1011,192,184
730,732,1012,1004,1012,192,184
729,732,1013,1004,1013,192,183
729,732,1014,1004,1014,192,183
729,732,1015,1004,1015,192,183
729,732,1016,1004,1016,192,183
727,732,1017,1004,1017,192,183
728,732,1018,1004,1018,192,183
725,732,1019,1004,1019,192,183
726,732,1020,1004,1020,192,183
725,732,1021,1004,1021,192,183
726,732,1022,1004,1022,192,183
725,732,1023,1004,1023,192,183
726,732,1024,1004,1024,192,183
725,732,1025,1004,1025,192,183
726,732,1026,1004,1026,192,183
727,732,1027,1004,1027,192,183
728,732,1028,1004,1028,192,183
725,732,1029,1004,1029,192,183
726,732,1030,1004,1030,192,183
724,732,1031,1004,1031,192,183
724,732,1032,1004,1032,192,183
725,732,1033,1004,1033,192,183
723,732,1034,1004,1034,192,183
724,732,1035,1004,1035,192,183
722,732,1036,1004,1036,192,183
723,732,1037,1004,1037,192,183
724,732,1038,1004,1038,192,183
725,732,1039,1004,1039,192,183
723,732,1040,1004,1040,192,183
724,732,1041,1004,1041,192,183
725,732,1042,1004,1042,192,183
723,732,1043,1004,1043,192,183
724,732,1044,1004,1044,192,183
723,732,1045,1004,1045,192,183
722,732,1046,1004,1046,192,183
721,732,1047,1004,1047,192,183
720,732,1048,1004,1048,192,183
719,732,1049,1004,1049,192,183
717,732,1050,1004,1050,192,183
718,732,1051,1004,1051,192,183
719,732,1052,1004,1052,192,183
719,732,1053,1004,1053,192,183
720,732,1054,1004,1054,192,183
719,732,1055,1004,1055,192,183
720,732,1056,1004,1056,192,183
720,732,1057,1004,1057,192,183
718,732,1058,1004,1058,192,183
716,732,1059,1004,1059,192,182
717,732,1060,1004,1060,192,182
714,732,1061,1004,1061,192,181
714,732,1062,1004,1062,192,181
712,732,1063,1004,1063,192,181
711,732,1064,1004,1064,192,180
712,732,1065,1004,1065,192,180
712,732,1066,1004,1066,192,180
713,732,1067,1004,1067,192,180
714,732,1068,1004,1068,192,180
715,732,1069,1004,1069,192,180
716,732,1070,1004,1070,192,180
714,732,1071,1004,1071,192,180
714,732,1072,1004,1072,192,180
715,732,1073,1004,1073,192,180
715,732,1074,1004,1074,192,180
716,732,1075,1004,1075,192,180
716,732,1076,1004,1076,192,180
717,732,1077,1004,1077,192,180
718,732,1078,1004,1078,192,180
719,732,1079,1004,1079,192,180
720,732,1080,1004,1080,192,180
721,732,1081,1004,1081,192,180
722,732,1082,1004,1082,192,180
720,732,1083,1004,1083,192,180
718,732,1084,1004,1084,192,180
719,732,1085,1004,1085,192,180
720,732,1086,1004,1086,192,180
720,732,1087,1004,1087,192,180
719,732,1088,1004,1088,192,180
720,732,1089,1004,1089,192,180
717,732,1090,1004,1090,192,180
718,732,1091,1004,1091,192,180
719,732,1092,1004,1092,192,180
720,732,1093,1004,1093,192,180
721,732,1094,1004,1094,192,180
719,732,1095,1004,1095,192,180
719,732,1096,1004,1096,192,180
718,732,1097,1004,1097,192,180
719,732,1098,1004,1098,192,180
720,732,1099,1004,1099,192,180
721,732,1100,1004,1100,192,180
721,732,1101,1004,1101,192,180
722,732,1102,1004,1102,192,180
719,732,1103,1004,1103,192,180
720,732,1104,1004,1104,192,180
720,732,1105,1004,1105,192,180
721,732,1106,1004,1106,192,180
719,732,1107,1004,1107,192,180
717,732,1108,1004,1108,192,180
715,732,1109,1004,1109,192,180
713,732,1110,1004,1110,192,180
713,732,1111,1004,1111,192,180
714,732,1112,1004,1112,192,180
712,732,1113,1004,1113,192,180
712,732,1114,1004,1114,192,180
712,732,1115,1004,1115,192,180
712,732,1116,1004,1116,192,180
713,732,1117,1004,1117,192,180
712,732,1118,1004,1118,192,180
713,732,1119,1004,1119,192,180
714,732,1120,1004,1120,192,180
712,732,1121,1004,1121,192,180
713,732,1122,1004,1122,192,180
714,732,1123,1004,1123,192,180
712,732,1124,1004,1124,192,180
711,732,1125,1004,1125,192,180
712,732,1126,1004,1126,192,180
713,732,1127,1004,1127,192,180
711,732,1128,1004,1128,192,180
712,732,1129,1004,1129,192,180
712,732,1130,1004,1130,192,180
710,732,1131,1004,1131,192,180
711,732,1132,1004,1132,192,180
712,732,1133,1004,1133,192,180
713,732,1134,1004,1134,192,180
713,732,1135,1004,1135,192,180
714,732,1136,1004,1136,192,180
715,732,1137,1004,1137,192,180
716,732,1138,1004,1138,192,180
717,732,1139,1004,1139,192,180
718,732,1140,1004,1140,192,180
716,732,1141,1004,1141,192,179
715,732,1142,1004,1142,192,179
714,732,1143,1004,1143,192,179
714,732,1144,1004,1144,192,179
715,732,1145,1004,1145,192,179
715,732,1146,1004,1146,192,179
713,732,1147,1004,1147,192,179
714,732,1148,1004,1148,192,179
715,732,1149,1004,1149,192,179
716,732,1150,1004,1150,192,179
714,732,1151,1004,1151,192,178
711,732,1152,1004,1152,192,178
708,732,1153,1004,1153,192,177
706,732,1154,1004,1154,192,177
706,732,1155,1004,1155,192,177
707,732,1156,1004,1156,192,177
708,732,1157,1004,1157,192,177
707,732,1158,1004,1158,192,177
707,732,1159,1004,1159,192,177
708,732,1160,1004,1160,192,177
709,732,1161,1004,1161,192,177
710,732,1162,1004,1162,192,177
711,732,1163,1004,1163,192,177
712,732,1164,1004,1164,192,177
712,732,1165,1004,1165,192,177
711,732,1166,1004,1166,192,177
709,732,1167,1004,1167,192,177
708,732,1168,1004,1168,192,177
705,732,1169,1004,1169,192,176
706,732,1170,1004,1170,192,176
707,732,1171,1004,1171,192,176
704,732,1172,1004,1172,192,175
705,732,1173,1004,1173,192,175
706,732,1174,1004,1174,192,175
704,732,1175,1004,1175,192,175
704,732,1176,1004,1176,192,175
703,732,1177,1004,1177,192,175
703,732,1178,1004,1178,192,175
704,732,1179,1004,1179,192,175
703,732,1180,1004,1180,192,175
703,732,1181,1004,1181,192,175
704,732,1182,1004,1182,192,175
704,732,1183,1004,1183,192,175
705,732,1184,1004,1184,192,175
704,732,1185,1004,1185,192,175
704,732,1186,1004,1186,192,175
705,732,1187,1004,1187,192,175
704,732,1188,1004,1188,192,175
704,732,1189,1004,1189,192,175
704,732,1190,1004,1190,192,175
704,732,1191,1004,1191,192,175
704,732,1192,1004,1192,192,175
704,732,1193,1004,1193,192,175
703,732,1194,1004,1194,192,175
703,732,1195,1004,1195,192,175
704,732,1196,1004,1196,192,175
703,732,1197,1004,1197,192,174
702,732,1198,1004,1198,192,174
702,732,1199,1004,1199,192,174
701,732,1200,1004,1200,192,174
699,732,1201,1004,1201,192,174
700,732,1202,1004,1202,192,174
701,732,1203,1004,1203,192,174
702,732,1204,1004,1204,192,174
701,732,1205,1004,1205,192,174
701,732,1206,1004,1206,192,174
700,732,1207,1004,1207,192,174
701,732,1208,1004,1208,192,174
702,732,1209,1004,1209,192,174
701,732,1210,1004,1210,192,174
699,732,1211,1004,1211,192,174
699,732,1212,1004,1212,192,174
700,732,1213,1004,1213,192,174
698,732,1214,1004,1214,192,174
695,732,1215,1004,1215,192,174
696,732,1216,1004,1216,192,174
695,732,1217,1004,1217,192,174
696,732,1218,1004,1218,192,174
696,732,1219,1004,1219,192,174
697,732,1220,1004,1220,192,174
698,732,1221,1004,1221,192,174
699,732,1222,1004,1222,192,174
697,732,1223,1004,1223,192,174
695,732,1224,1004,1224,192,173
696,732,1225,1004,1225,192,173
695,732,1226,1004,1226,192,173
696,732,1227,1004,1227,192,173
695,732,1228,1004,1228,192,173
696,732,1229,1004,1229,192,173
696,732,1230,1004,1230,192,173
697,732,1231,1004,1231,192,173
697,732,1232,1004,1232,192,173
698,732,1233,1004,1233,192,173
698,732,1234,1004,1234,192,173
698,732,1235,1004,1235,192,173
695,732,1236,1004,1236,192,173
695,732,1237,1004,1237,192,173
695,732,1238,1004,1238,192,173
693,732,1239,1004,1239,192,173
694,732,1240,1004,1240,192,173
693,732,1241,1004,1241,192,173
690,732,1242,1004,1242,192,173
691,732,1243,1004,1243,192,173
692,732,1244,1004,1244,192,173
691,732,1245,1004,1245,192,173
691,732,1246,1004,1246,192,173
692,732,1247,1004,1247,192,173
692,732,1248,1004,1248,192,173
690,732,1249,1004,1249,192,172
690,732,1250,1004,1250,192,172
691,732,1251,1004,1251,192,172
691,732,1252,1004,1252,192,172
692,732,1253,1004,1253,192,172
691,732,1254,1004,1254,192,172
692,732,1255,1004,1255,192,172
691,732,1256,1004,1256,192,172
692,732,1257,1004,1257,192,172
693,732,1258,1004,1258,192,172
693,732,1259,1004,1259,192,172
694,732,1260,1004,1260,192,172
695,732,1261,1004,1261,192,172
696,732,1262,1004,1262,192,172
694,732,1263,1004,1263,192,172
692,732,1264,1004,1264,192,172
691,732,1265,1004,1265,192,172
691,732,1266,1004,1266,192,172
690,732,1267,1004,1267,192,172
690,732,1268,1004,1268,192,172
691,732,1269,1004,1269,192,172
691,732,1270,1004,1270,192,172
690,732,1271,1004,1271,192,172
689,732,1272,1004,1272,192,172
690,732,1273,1004,1273,192,172
691,732,1274,1004,1274,192,172
692,732,1275,1004,1275,192,172
693,732,1276,1004,1276,192,172
694,732,1277,1004,1277,192,172
695,732,1278,1004,1278,192,172
693,732,1279,1004,1279,192,171
693,732,1280,1004,1280,192,171
694,732,1281,1004,1281,192,171
695,732,1282,1004,1282,192,171
692,732,1283,1004,1283,192,170
693,732,1284,1004,1284,192,170
690,732,1285,1004,1285,192,170
691,732,1286,1004,1286,192,170
691,732,1287,1004,1287,192,170
692,732,1288,1004,1288,192,170
692,732,1289,1004,1289,192,170
690,732,1290,1004,1290,192,170
690,732,1291,1004,1291,192,170
688,732,1292,1004,1292,192,170
688,732,1293,1004,1293,192,170
688,732,1294,1004,1294,192,170
687,732,1295,1004,1295,192,170
688,732,1296,1004,1296,192,170
689,732,1297,1004,1297,192,170
689,732,1298,1004,1298,192,170
690,732,1299,1004,1299,192,170
691,732,1300,1004,1300,192,170
692,732,1301,1004,1301,192,170
691,732,1302,1004,1302,192,170
691,732,1303,1004,1303,192,170
691,732,1304,1004,1304,192,170
692,732,1305,1004,1305,192,170
693,732,1306,1004,1306,192,170
694,732,1307,1004,1307,192,170
693,732,1308,1004,1308,192,170
692,732,1309,1004,1309,192,170
693,732,1310,1004,1310,192,170
691,732,1311,1004,1311,192,170
691,732,1312,1004,1312,192,170
692,732,1313,1004,1313,192,170
689,732,1314,1004,1314,192,170
690,732,1315,1004,1315,192,170
691,732,1316,1004,1316,192,170
692,732,1317,1004,1317,192,170
692,732,1318,1004,1318,192,170
693,732,1319,1004,1319,192,170
694,732,1320,1004,1320,192,170
695,732,1321,1004,1321,192,170
695,732,1322,1004,1322,192,170
696,732,1323,1004,1323,192,170
694,732,1324,1004,1324,192,170
691,732,1325,1004,1325,192,169
689,732,1326,1004,1326,192,168
689,732,1327,1004,1327,192,168
687,732,1328,1004,1328,192,168
687,732,1329,1004,1329,192,168
686,732,1330,1004,1330,192,168
683,732,1331,1004,1331,192,168
684,732,1332,1004,1332,192,168
685,732,1333,1004,1333,192,168
685,732,1334,1004,1334,192,168
686,732,1335,1004,1335,192,168
686,732,1336,1004,1336,192,168
686,732,1337,1004,1337,192,168
687,732,1338,1004,1338,192,168
688,732,1339,1004,1339,192,168
689,732,1340,1004,1340,192,168
688,732,1341,1004,1341,192,167
688,732,1342,1004,1342,192,167
689,732,1343,1004,1343,192,167
689,732,1344,1004,1344,192,167
690,732,1345,1004,1345,192,167
689,732,1346,1004,1346,192,167
689,732,1347,1004,1347,192,167
688,732,1348,1004,1348,192,167
689,732,1349,1004,1349,192,167
688,732,1350,1004,1350,192,167
689,732,1351,1004,1351,192,167
688,732,1352,1004,1352,192,167
686,732,1353,1004,1353,192,167
686,732,1354,1004,1354,192,167
687,732,1355,1004,1355,192,167
688,732,1356,1004,1356,192,167
689,732,1357,1004,1357,192,167
690,732,1358,1004,1358,192,167
691,732,1359,1004,1359,192,167
691,732,1360,1004,1360,192,167
692,732,1361,1004,1361,192,167
692,732,1362,1004,1362,192,167
693,732,1363,1004,1363,192,167
693,732,1364,1004,1364,192,167
693,732,1365,1004,1365,192,167
694,732,1366,1004,1366,192,167
695,732,1367,1004,1367,192,167
693,732,1368,1004,1368,192,165
694,732,1369,1004,1369,192,165
692,732,1370,1004,1370,192,165
692,732,1371,1004,1371,192,165
692,732,1372,1004,1372,192,165
691,732,1373,1004,1373,192,165
692,732,1374,1004,1374,192,165
693,732,1375,1004,1375,192,165
692,732,1376,1004,1376,192,164
693,732,1377,1004,1377,192,164
693,732,1378,1004,1378,192,164
693,732,1379,1004,1379,192,164
694,732,1380,1004,1380,192,164
695,732,1381,1004,1381,192,164
695,732,1382,1004,1382,192,164
695,732,1383,1004,1383,192,164
696,732,1384,1004,1384,192,164
696,732,1385,1004,1385,192,164
696,732,1386,1004,1386,192,164
696,732,1387,1004,1387,192,164
697,732,1388,1004,1388,192,164
695,732,1389,1004,1389,192,164
694,732,1390,1004,1390,192,164
694,732,1391,1004,1391,192,164
695,732,1392,1004,1392,192,164
696,732,1393,1004,1393,192,164
695,732,1394,1004,1394,192,164
694,732,1395,1004,1395,192,164
695,732,1396,1004,1396,192,164
691,732,1397,1004,1397,192,163
690,732,1398,1004,1398,192,163
689,732,1399,1004,1399,192,163
689,732,1400,1004,1400,192,163
690,732,1401,1004,1401,192,163
691,732,1402,1004,1402,192,163
692,732,1403,1004,1403,192,163
690,732,1404,1004,1404,192,163
691,732,1405,1004,1405,192,163
691,732,1406,1004,1406,192,163
691,732,1407,1004,1407,192,163
691,732,1408,1004,1408,192,163
690,732,1409,1004,1409,192,163
685,732,1410,1004,1410,192,162
683,732,1411,1004,1411,192,162
684,732,1412,1004,1412,192,162
684,732,1413,1004,1413,192,162
685,732,1414,1004,1414,192,162
685,732,1415,1004,1415,192,162
684,732,1416,1004,1416,192,162
684,732,1417,1004,1417,192,162
685,732,1418,1004,1418,192,162
686,732,1419,1004,1419,192,162
686,732,1420,1004,1420,192,162
685,732,1421,1004,1421,192,162
686,732,1422,1004,1422,192,162
686,732,1423,1004,1423,192,162
685,732,1424,1004,1424,192,162
686,732,1425,1004,1425,192,162
684,732,1426,1004,1426,192,162
684,732,1427,1004,1427,192,162
684,732,1428,1004,1428,192,162
685,732,1429,1004,1429,192,162
686,732,1430,1004,1430,192,162
683,732,1431,1004,1431,192,160
682,732,1432,1004,1432,192,160
683,732,1433,1004,1433,192,160
682,732,1434,1004,1434,192,160
683,732,1435,1004,1435,192,160
683,732,1436,1004,1436,192,160
684,732,1437,1004,1437,192,160
684,732,1438,1004,1438,192,160
684,732,1439,1004,1439,192,160
682,732,1440,1004,1440,192,160
679,732,1441,1004,1441,192,160
678,732,1442,1004,1442,192,160
679,732,1443,1004,1443,192,160
677,732,1444,1004,1444,192,160
677,732,1445,1004,1445,192,160
678,732,1446,1004,1446,192,160
679,732,1447,1004,1447,192,160
680,732,1448,1004,1448,192,160
681,732,1449,1004,1449,192,160
681,732,1450,1004,1450,192,160
680,732,1451,1004,1451,192,160
681,732,1452,1004,1452,192,160
682,732,1453,1004,1453,192,160
681,732,1454,1004,1454,192,160
681,732,1455,1004,1455,192,160
681,732,1456,1004,1456,192,160
681,732,1457,1004,1457,192,160
680,732,1458,1004,1458,192,160
681,732,1459,1004,1459,192,160
679,732,1460,1004,1460,192,160
677,732,1461,1004,1461,192,160
678,732,1462,1004,1462,192,160
678,732,1463,1004,1463,192,160
679,732,1464,1004,1464,192,160
679,732,1465,1004,1465,192,160
679,732,1466,1004,1466,192,160
678,732,1467,1004,1467,192,160
676,732,1468,1004,1468,192,160
676,732,1469,1004,1469,192,160
674,732,1470,1004,1470,192,160
674,732,1471,1004,1471,192,160
675,732,1472,1004,1472,192,160
675,732,1473,1004,1473,192,160
676,732,1474,1004,1474,192,160
675,732,1475,1004,1475,192,160
676,732,1476,1004,1476,192,160
674,732,1477,1004,1477,192,160
674,732,1478,1004,1478,192,160
674,732,1479,1004,1479,192,160
672,732,1480,1004,1480,192,160
671,732,1481,1004,1481,192,160
672,732,1482,1004,1482,192,160
673,732,1483,1004,1483,192,160
674,732,1484,1004,1484,192,160
675,732,1485,1004,1485,192,160
676,732,1486,1004,1486,192,160
677,732,1487,1004,1487,192,160
678,732,1488,1004,1488,192,160
679,732,1489,1004,1489,192,160
680,732,1490,1004,1490,192,160
680,732,1491,1004,1491,192,160
680,732,1492,1004,1492,192,160
681,732,1493,1004,1493,192,160
681,732,1494,1004,1494,192,160
680,732,1495,1004,1495,192,160
680,732,1496,1004,1496,192,160
678,732,1497,1004,1497,192,160
679,732,1498,1004,1498,192,160
679,732,1499,1004,1499,192,160
679,732,1500,1004,1500,192,160
676,732,1501,1004,1501,192,160
677,732,1502,1004,1502,192,160
678,732,1503,1004,1503,192,160
679,732,1504,1004,1504,192,160
680,732,1505,1004,1505,192,160
681,732,1506,1004,1506,192,160
679,732,1507,1004,1507,192,160
678,732,1508,1004,1508,192,159
676,732,1509,1004,1509,192,159
676,732,1510,1004,1510,192,159
675,732,1511,1004,1511,192,159
675,732,1512,1004,1512,192,159
676,732,1513,1004,1513,192,159
675,732,1514,1004,1514,192,159
675,732,1515,1004,1515,192,159
674,732,1516,1004,1516,192,159
674,732,1517,1004,1517,192,159
675,732,1518,1004,1518,192,159
674,732,1519,1004,1519,192,159
673,732,1520,1004,1520,192,159
675,732,1521,1004,1521,192,160
675,732,1522,1004,1522,192,160
675,732,1523,1004,1523,192,160
675,732,1524,1004,1524,192,160
676,732,1525,1004,1525,192,160
677,732,1526,1004,1526,192,160
677,732,1527,1004,1527,192,160
678,732,1528,1004,1528,192,160
679,732,1529,1004,1529,192,160
677,732,1530,1004,1530,192,160
678,732,1531,1004,1531,192,160
677,732,1532,1004,1532,192,160
678,732,1533,1004,1533,192,160
677,732,1534,1004,1534,192,159
678,732,1535,1004,1535,192,159
677,732,1536,1004,1536,192,159
673,732,1537,1004,1537,192,159
673,732,1538,1004,1538,192,159
672,732,1539,1004,1539,192,159
673,732,1540,1004,1540,192,159
672,732,1541,1004,1541,192,159
672,732,1542,1004,1542,192,159
671,732,1543,1004,1543,192,159
668,732,1544,1004,1544,192,159
668,732,1545,1004,1545,192,159
669,732,1546,1004,1546,192,159
668,732,1547,1004,1547,192,159
669,732,1548,1004,1548,192,159
670,732,1549,1004,1549,192,159
670,732,1550,1004,1550,192,159
670,732,1551,1004,1551,192,159
671,732,1552,1004,1552,192,159
672,732,1553,1004,1553,192,159
671,732,1554,1004,1554,192,159
670,732,1555,1004,1555,192,159
670,732,1556,1004,1556,192,159
670,732,1557,1004,1557,192,159
671,732,1558,1004,1558,192,159
671,732,1559,1004,1559,192,159
672,732,1560,1004,1560,192,159
673,732,1561,1004,1561,192,159
674,732,1562,1004,1562,192,159
673,732,1563,1004,1563,192,159
674,732,1564,1004,1564,192,159
672,732,1565,1004,1565,192,159
673,732,1566,1004,1566,192,159
674,732,1567,1004,1567,192,159
675,732,1568,1004,1568,192,159
676,732,1569,1004,1569,192,159
675,732,1570,1004,1570,192,159
675,732,1571,1004,1571,192,159
673,732,1572,1004,1572,192,158
674,732,1573,1004,1573,192,158
672,732,1574,1004,1574,192,157
670,732,1575,1004,1575,192,157
670,732,1576,1004,1576,192,157
669,732,1577,1004,1577,192,157
669,732,1578,1004,1578,192,157
669,732,1579,1004,1579,192,157
669,732,1580,1004,1580,192,157
668,732,1581,1004,1581,192,157
667,732,1582,1004,1582,192,157
667,732,1583,1004,1583,192,157
668,732,1584,1004,1584,192,157
668,732,1585,1004,1585,192,157
666,732,1586,1004,1586,192,157
667,732,1587,1004,1587,192,157
665,732,1588,1004,1588,192,157
661,732,1589,1004,1589,192,156
661,732,1590,1004,1590,192,156
662,732,1591,1004,1591,192,156
659,732,1592,1004,1592,192,155
660,732,1593,1004,1593,192,155
660,732,1594,1004,1594,192,155
660,732,1595,1004,1595,192,155
655,732,1596,1004,1596,192,155
656,732,1597,1004,1597,192,155
657,732,1598,1004,1598,192,155
657,732,1599,1004,1599,192,155
654,732,1600,1004,1600,192,155
653,732,1601,1004,1601,192,155
653,732,1602,1004,1602,192,155
654,732,1603,1004,1603,192,155
654,732,1604,1004,1604,192,155
655,732,1605,1004,1605,192,155
652,732,1606,1004,1606,192,155
652,732,1607,1004,1607,192,155
653,732,1608,1004,1608,192,155
653,732,1609,1004,1609,192,155
654,732,1610,1004,1610,192,155
654,732,1611,1004,1611,192,155
654,732,1612,1004,1612,192,155
655,732,1613,1004,1613,192,155
656,732,1614,1004,1614,192,155
657,732,1615,1004,1615,192,155
657,732,1616,1004,1616,192,155
656,732,1617,1004,1617,192,155
657,732,1618,1004,1618,192,155
656,732,1619,1004,1619,192,155
656,732,1620,1004,1620,192,155
657,732,1621,1004,1621,192,155
658,732,1622,1004,1622,192,155
658,732,1623,1004,1623,192,155
657,732,1624,1004,1624,192,155
658,732,1625,1004,1625,192,155
657,732,1626,1004,1626,192,155
658,732,1627,1004,1627,192,155
659,732,1628,1004,1628,192,155
660,732,1629,1004,1629,192,155
661,732,1630,1004,1630,192,155
659,732,1631,1004,1631,192,155
657,732,1632,1004,1632,192,154
657,732,1633,1004,1633,192,154
657,732,1634,1004,1634,192,154
657,732,1635,1004,1635,192,154
656,732,1636,1004,1636,192,154
657,732,1637,1004,1637,192,154
657,732,1638,1004,1638,192,154
658,732,1639,1004,1639,192,154
658,732,1640,1004,1640,192,154
658,732,1641,1004,1641,192,154
658,732,1642,1004,1642,192,154
659,732,1643,1004,1643,192,154
659,732,1644,1004,1644,192,154
660,732,1645,1004,1645,192,154
658,732,1646,1004,1646,192,154
657,732,1647,1004,1647,192,153
656,732,1648,1004,1648,192,153
657,732,1649,1004,1649,192,153
658,732,1650,1004,1650,192,153
658,732,1651,1004,1651,192,153
657,732,1652,1004,1652,192,153
655,732,1653,1004,1653,192,152
654,732,1654,1004,1654,192,152
655,732,1655,1004,1655,192,152
656,732,1656,1004,1656,192,152
655,732,1657,1004,1657,192,152
656,732,1658,1004,1658,192,152
656,732,1659,1004,1659,192,152
656,732,1660,1004,1660,192,152
657,732,1661,1004,1661,192,152
655,732,1662,1004,1662,192,152
656,732,1663,1004,1663,192,152
656,732,1664,1004,1664,192,152
656,732,1665,1004,1665,192,152
657,732,1666,1004,1666,192,152
656,732,1667,1004,1667,192,152
657,732,1668,1004,1668,192,152
657,732,1669,1004,1669,192,152
658,732,1670,1004,1670,192,152
659,732,1671,1004,1671,192,152
657,732,1672,1004,1672,192,151
658,732,1673,1004,1673,192,151
657,732,1674,1004,1674,192,151
657,732,1675,1004,1675,192,151
656,732,1676,1004,1676,192,151
655,732,1677,1004,1677,192,151
654,732,1678,1004,1678,192,151
654,732,1679,1004,1679,192,151
654,732,1680,1004,1680,192,151
655,732,1681,1004,1681,192,151
656,732,1682,1004,1682,192,151
657,732,1683,1004,1683,192,151
658,732,1684,1004,1684,192,151
657,732,1685,1004,1685,192,151
658,732,1686,1004,1686,192,151
656,732,1687,1004,1687,192,151
657,732,1688,1004,1688,192,151
657,732,1689,1004,1689,192,151
656,732,1690,1004,1690,192,151
655,732,1691,1004,1691,192,151
656,732,1692,1004,1692,192,151
656,732,1693,1004,1693,192,151
656,732,1694,1004,1694,192,151
656,732,1695,1004,1695,192,151
654,732,1696,1004,1696,192,151
654,732,1697,1004,1697,192,151
653,732,1698,1004,1698,192,151
654,732,1699,1004,1699,192,151
654,732,1700,1004,1700,192,151
654,732,1701,1004,1701,192,151
655,732,1702,1004,1702,192,151
655,732,1703,1004,1703,192,151
655,732,1704,1004,1704,192,151
655,732,1705,1004,1705,192,151
655,732,1706,1004,1706,192,151
652,732,1707,1004,1707,192,151
652,732,1708,1004,1708,192,151
651,732,1709,1004,1709,192,151
651,732,1710,1004,1710,192,151
652,732,1711,1004,1711,192,151
652,732,1712,1004,1712,192,151
653,732,1713,1004,1713,192,151
654,732,1714,1004,1714,192,151
655,732,1715,1004,1715,192,151
652,732,1716,1004,1716,192,151
651,732,1717,1004,1717,192,151
650,732,1718,1004,1718,192,151
647,732,1719,1004,1719,192,148
648,732,1720,1004,1720,192,148
648,732,1721,1004,1721,192,148
648,732,1722,1004,1722,192,148
648,732,1723,1004,1723,192,148
645,732,1724,1004,1724,192,147
646,732,1725,1004,1725,192,147
645,732,1726,1004,1726,192,147
646,732,1727,1004,1727,192,147
647,732,1728,1004,1728,192,147
648,732,1729,1004,1729,192,147
649,732,1730,1004,1730,192,147
649,732,1731,1004,1731,192,147
650,732,1732,1004,1732,192,147
650,732,1733,1004,1733,192,147
650,732,1734,1004,1734,192,147
649,732,1735,1004,1735,192,147
648,732,1736,1004,1736,192,146
649,732,1737,1004,1737,192,146
648,732,1738,1004,1738,192,146
649,732,1739,1004,1739,192,146
650,732,1740,1004,1740,192,146
650,732,1741,1004,1741,192,146
651,732,1742,1004,1742,192,146
651,732,1743,1004,1743,192,146
652,732,1744,1004,1744,192,146
653,732,1745,1004,1745,192,146
653,732,1746,1004,1746,192,146
654,732,1747,1004,1747,192,146
652,732,1748,1004,1748,192,145
652,732,1749,1004,1749,192,145
651,732,1750,1004,1750,192,145
652,732,1751,1004,1751,192,145
652,732,1752,1004,1752,192,145
653,732,1753,1004,1753,192,145
653,732,1754,1004,1754,192,145
653,732,1755,1004,1755,192,145
653,732,1756,1004,1756,192,145
654,732,1757,1004,1757,192,145
655,732,1758,1004,1758,192,145
655,732,1759,1004,1759,192,145
655,732,1760,1004,1760,192,145
655,732,1761,1004,1761,192,145
654,732,1762,1004,1762,192,145
653,732,1763,1004,1763,192,145
650,732,1764,1004,1764,192,144
651,732,1765,1004,1765,192,144
652,732,1766,1004,1766,192,144
653,732,1767,1004,1767,192,144
652,732,1768,1004,1768,192,144
653,732,1769,1004,1769,192,144
651,732,1770,1004,1770,192,144
649,732,1771,1004,1771,192,143
648,732,1772,1004,1772,192,143
648,732,1773,1004,1773,192,143
648,732,1774,1004,1774,192,143
649,732,1775,1004,1775,192,143
649,732,1776,1004,1776,192,143
649,732,1777,1004,1777,192,143
650,732,1778,1004,1778,192,143
651,732,1779,1004,1779,192,143
651,732,1780,1004,1780,192,143
652,732,1781,1004,1781,192,143
653,732,1782,1004,1782,192,143
654,732,1783,1004,1783,192,143
654,732,1784,1004,1784,192,143
654,732,1785,1004,1785,192,143
654,732,1786,1004,1786,192,143
653,732,1787,1004,1787,192,143
653,732,1788,1004,1788,192,143
653,732,1789,1004,1789,192,143
654,732,1790,1004,1790,192,143
652,732,1791,1004,1791,192,143
652,732,1792,1004,1792,192,143
652,732,1793,1004,1793,192,143
651,732,1794,1004,1794,192,143
652,732,1795,1004,1795,192,143
652,732,1796,1004,1796,192,143
651,732,1797,1004,1797,192,143
652,732,1798,1004,1798,192,143
651,732,1799,1004,1799,192,143
650,732,1800,1004,1800,192,143
648,732,1801,1004,1801,192,142
649,732,1802,1004,1802,192,142
648,732,1803,1004,1803,192,142
648,732,1804,1004,1804,192,142
649,732,1805,1004,1805,192,142
649,732,1806,1004,1806,192,142
648,732,1807,1004,1807,192,142
648,732,1808,1004,1808,192,142
648,732,1809,1004,1809,192,142
649,732,1810,1004,1810,192,142
648,732,1811,1004,1811,192,142
648,732,1812,1004,1812,192,142
647,732,1813,1004,1813,192,142
648,732,1814,1004,1814,192,142
647,732,1815,1004,1815,192,141
646,732,1816,1004,1816,192,141
643,732,1817,1004,1817,192,141
644,732,1818,1004,1818,192,141
644,732,1819,1004,1819,192,141
643,732,1820,1004,1820,192,141
643,732,1821,1004,1821,192,141
642,732,1822,1004,1822,192,141
642,732,1823,1004,1823,192,141
642,732,1824,1004,1824,192,141
642,732,1825,1004,1825,192,141
640,732,1826,1004,1826,192,140
641,732,1827,1004,1827,192,140
641,732,1828,1004,1828,192,140
642,732,1829,1004,1829,192,140
643,732,1830,1004,1830,192,140
643,732,1831,1004,1831,192,140
643,732,1832,1004,1832,192,140
640,732,1833,1004,1833,192,138
640,732,1834,1004,1834,192,138
640,732,1835,1004,1835,192,138
640,732,1836,1004,1836,192,138
637,732,1837,1004,1837,192,138
636,732,1838,1004,1838,192,138
637,732,1839,1004,1839,192,138
635,732,1840,1004,1840,192,137
633,732,1841,1004,1841,192,137
634,732,1842,1004,1842,192,137
634,732,1843,1004,1843,192,137
635,732,1844,1004,1844,192,137
635,732,1845,1004,1845,192,137
636,732,1846,1004,1846,192,137
636,732,1847,1004,1847,192,137
637,732,1848,1004,1848,192,137
635,732,1849,1004,1849,192,137
636,732,1850,1004,1850,192,137
636,732,1851,1004,1851,192,137
637,732,1852,1004,1852,192,137
638,732,1853,1004,1853,192,137
639,732,1854,1004,1854,192,137
639,732,1855,1004,1855,192,137
636,732,1856,1004,1856,192,136
633,732,1857,1004,1857,192,136
634,732,1858,1004,1858,192,136
635,732,1859,1004,1859,192,136
635,732,1860,1004,1860,192,136
636,732,1861,1004,1861,192,136
635,732,1862,1004,1862,192,135
635,732,1863,1004,1863,192,135
636,732,1864,1004,1864,192,135
637,732,1865,1004,1865,192,135
636,732,1866,1004,1866,192,135
635,732,1867,1004,1867,192,135
635,732,1868,1004,1868,192,135
635,732,1869,1004,1869,192,135
636,732,1870,1004,1870,192,135
635,732,1871,1004,1871,192,134
635,732,1872,1004,1872,192,134
634,732,1873,1004,1873,192,134
634,732,1874,1004,1874,192,134
634,732,1875,1004,1875,192,134
634,732,1876,1004,1876,192,134
635,732,1877,1004,1877,192,134
634,732,1878,1004,1878,192,134
632,732,1879,1004,1879,192,134
630,732,1880,1004,1880,192,134
630,732,1881,1004,1881,192,134
630,732,1882,1004,1882,192,134
628,732,1883,1004,1883,192,134
627,732,1884,1004,1884,192,134
628,732,1885,1004,1885,192,134
628,732,1886,1004,1886,192,134
629,732,1887,1004,1887,192,134
630,732,1888,1004,1888,192,134
629,732,1889,1004,1889,192,134
627,732,1890,1004,1890,192,133
626,732,1891,1004,1891,192,133
627,732,1892,1004,1892,192,133
627,732,1893,1004,1893,192,133
627,732,1894,1004,1894,192,133
626,732,1895,1004,1895,192,133
627,732,1896,1004,1896,192,133
626,732,1897,1004,1897,192,133
626,732,1898,1004,1898,192,133
624,732,1899,1004,1899,192,133
624,732,1900,1004,1900,192,133
624,732,1901,1004,1901,192,133
624,732,1902,1004,1902,192,133
624,732,1903,1004,1903,192,133
624,732,1904,1004,1904,192,133
624,732,1905,1004,1905,192,133
623,732,1906,1004,1906,192,133
624,732,1907,1004,1907,192,133
624,732,1908,1004,1908,192,133
625,732,1909,1004,1909,192,133
622,732,1910,1004,1910,192,131
623,732,1911,1004,1911,192,131
622,732,1912,1004,1912,192,131
622,732,1913,1004,1913,192,131
622,732,1914,1004,1914,192,131
622,732,1915,1004,1915,192,131
623,732,1916,1004,1916,192,131
622,732,1917,1004,1917,192,131
623,732,1918,1004,1918,192,131
623,732,1919,1004,1919,192,131
623,732,1920,1004,1920,192,131
624,732,1921,1004,1921,192,131
625,732,1922,1004,1922,192,131
625,732,1923,1004,1923,192,131
624,732,1924,1004,1924,192,131
624,732,1925,1004,1925,192,131
621,732,1926,1004,1926,192,128
622,732,1927,1004,1927,192,128
621,732,1928,1004,1928,192,128
621,732,1929,1004,1929,192,128
622,732,1930,1004,1930,192,128
622,732,1931,1004,1931,192,128
620,732,1932,1004,1932,192,127
620,732,1933,1004,1933,192,127
621,732,1934,1004,1934,192,127
621,732,1935,1004,1935,192,127
620,732,1936,1004,1936,192,127
620,732,1937,1004,1937,192,127
619,732,1938,1004,1938,192,127
620,732,1939,1004,1939,192,127
619,732,1940,1004,1940,192,127
619,732,1941,1004,1941,192,127
619,732,1942,1004,1942,192,127
619,732,1943,1004,1943,192,127
620,732,1944,1004,1944,192,127
620,732,1945,1004,1945,192,127
620,732,1946,1004,1946,192,127
620,732,1947,1004,1947,192,127
620,732,1948,1004,1948,192,127
620,732,1949,1004,1949,192,127
620,732,1950,1004,1950,192,127
621,732,1951,1004,1951,192,127
622,732,1952,1004,1952,192,127
623,732,1953,1004,1953,192,127
623,732,1954,1004,1954,192,127
624,732,1955,1004,1955,192,127
624,732,1956,1004,1956,192,127
622,732,1957,1004,1957,192,126
622,732,1958,1004,1958,192,126
620,732,1959,1004,1959,192,125
620,732,1960,1004,1960,192,125
619,732,1961,1004,1961,192,125
620,732,1962,1004,1962,192,125
620,732,1963,1004,1963,192,125
620,732,1964,1004,1964,192,125
620,732,1965,1004,1965,192,125
618,732,1966,1004,1966,192,125
618,732,1967,1004,1967,192,125
619,732,1968,1004,1968,192,125
619,732,1969,1004,1969,192,125
618,732,1970,1004,1970,192,125
619,732,1971,1004,1971,192,125
619,732,1972,1004,1972,192,125
618,732,1973,1004,1973,192,125
617,732,1974,1004,1974,192,125
618,732,1975,1004,1975,192,125
617,732,1976,1004,1976,192,125
617,732,1977,1004,1977,192,125
618,732,1978,1004,1978,192,125
619,732,1979,1004,1979,192,125
619,732,1980,1004,1980,192,125
618,732,1981,1004,1981,192,125
619,732,1982,1004,1982,192,125
619,732,1983,1004,1983,192,125
619,732,1984,1004,1984,192,125
620,732,1985,1004,1985,192,125
619,732,1986,1004,1986,192,125
619,732,1987,1004,1987,192,125
619,732,1988,1004,1988,192,125
616,732,1989,1004,1989,192,123
616,732,1990,1004,1990,192,123
614,732,1991,1004,1991,192,123
615,732,1992,1004,1992,192,123
616,732,1993,1004,1993,192,123
616,732,1994,1004,1994,192,123
617,732,1995,1004,1995,192,123
616,732,1996,1004,1996,192,123
616,732,1997,1004,1997,192,123
614,732,1998,1004,1998,192,123
614,732,1999,1004,1999,192,123
614,732,2000,1004,2000,192,123
614,732,2001,1004,2001,192,123
614,732,2002,1004,2002,192,123
614,732,2003,1004,2003,192,123
615,732,2004,1004,2004,192,123
616,732,2005,1004,2005,192,123
616,732,2006,1004,2006,192,123
615,732,2007,1004,2007,192,123
616,732,2008,1004,2008,192,123
617,732,2009,1004,2009,192,123
617,732,2010,1004,2010,192,123
618,732,2011,1004,2011,192,123
619,732,2012,1004,2012,192,123
619,732,2013,1004,2013,192,123
620,732,2014,1004,2014,192,123
618,732,2015,1004,2015,192,123
618,732,2016,1004,2016,192,123
618,732,2017,1004,2017,192,123
617,732,2018,1004,2018,192,123
618,732,2019,1004,2019,192,123
617,732,2020,1004,2020,192,123
618,732,2021,1004,2021,192,123
618,732,2022,1004,2022,192,123
618,732,2023,1004,2023,192,123
618,732,2024,1004,2024,192,123
618,732,2025,1004,2025,192,123
619,732,2026,1004,2026,192,123
618,732,2027,1004,2027,192,123
619,732,2028,1004,2028,192,123
620,732,2029,1004,2029,192,123
620,732,2030,1004,2030,192,123
620,732,2031,1004,2031,192,123
621,732,2032,1004,2032,192,123
621,732,2033,1004,2033,192,123
621,732,2034,1004,2034,192,123
621,732,2035,1004,2035,192,123
621,732,2036,1004,2036,192,123
621,732,2037,1004,2037,192,123
621,732,2038,1004,2038,192,123
622,732,2039,1004,2039,192,123
623,732,2040,1004,2040,192,123
623,732,2041,1004,2041,192,123
623,732,2042,1004,2042,192,123
622,732,2043,1004,2043,192,123
621,732,2044,1004,2044,192,123
622,732,2045,1004,2045,192,123
621,732,2046,1004,2046,192,123
622,732,2047,1004,2047,192,123
622,732,2048,1004,2048,192,123
621,732,2049,1004,2049,192,123
622,732,2050,1004,2050,192,123
621,732,2051,1004,2051,192,123
621,732,2052,1004,2052,192,123
622,732,2053,1004,2053,192,123
621,732,2054,1004,2054,192,123
621,732,2055,1004,2055,192,123
620,732,2056,1004,2056,192,122
620,732,2057,1004,2057,192,122
620,732,2058,1004,2058,192,122
619,732,2059,1004,2059,192,122
620,732,2060,1004,2060,192,122
620,732,2061,1004,2061,192,122
617,732,2062,1004,2062,192,122
615,732,2063,1004,2063,192,122
614,732,2064,1004,2064,192,122
614,732,2065,1004,2065,192,122
615,732,2066,1004,2066,192,122
615,732,2067,1004,2067,192,122
615,732,2068,1004,2068,192,122
615,732,2069,1004,2069,192,122
616,732,2070,1004,2070,192,122
616,732,2071,1004,2071,192,122
617,732,2072,1004,2072,192,122
618,732,2073,1004,2073,192,122
618,732,2074,1004,2074,192,122
619,732,2075,1004,2075,192,122
620,732,2076,1004,2076,192,122
621,732,2077,1004,2077,192,122
620,732,2078,1004,2078,192,122
621,732,2079,1004,2079,192,122
621,732,2080,1004,2080,192,122
620,732,2081,1004,2081,192,122
619,732,2082,1004,2082,192,122
618,732,2083,1004,2083,192,122
619,732,2084,1004,2084,192,122
619,732,2085,1004,2085,192,122
618,732,2086,1004,2086,192,122
618,732,2087,1004,2087,192,122
619,732,2088,1004,2088,192,122
619,732,2089,1004,2089,192,122
619,732,2090,1004,2090,192,122
619,732,2091,1004,2091,192,122
619,732,2092,1004,2092,192,122
619,732,2093,1004,2093,192,122
619,732,2094,1004,2094,192,122
618,732,2095,1004,2095,192,122
618,732,2096,1004,2096,192,122
618,732,2097,1004,2097,192,122
618,732,2098,1004,2098,192,122
618,732,2099,1004,2099,192,122
617,732,2100,1004,2100,192,122
617,732,2101,1004,2101,192,122
616,732,2102,1004,2102,192,122
614,732,2103,1004,2103,192,122
612,732,2104,1004,2104,192,122
613,732,2105,1004,2105,192,122
611,732,2106,1004,2106,192,121
612,732,2107,1004,2107,192,121
613,732,2108,1004,2108,192,121
611,732,2109,1004,2109,192,121
609,732,2110,1004,2110,192,121
610,732,2111,1004,2111,192,121
607,732,2112,1004,2112,192,121
607,732,2113,1004,2113,192,121
607,732,2114,1004,2114,192,121
606,732,2115,1004,2115,192,121
607,732,2116,1004,2116,192,121
607,732,2117,1004,2117,192,121
607,732,2118,1004,2118,192,121
606,732,2119,1004,2119,192,121
604,732,2120,1004,2120,192,121
605,732,2121,1004,2121,192,121
602,732,2122,1004,2122,192,120
601,732,2123,1004,2123,192,120
602,732,2124,1004,2124,192,120
602,732,2125,1004,2125,192,120
603,732,2126,1004,2126,192,120
602,732,2127,1004,2127,192,120
603,732,2128,1004,2128,192,120
602,732,2129,1004,2129,192,120
603,732,2130,1004,2130,192,120
604,732,2131,1004,2131,192,120
604,732,2132,1004,2132,192,120
604,732,2133,1004,2133,192,120
605,732,2134,1004,2134,192,120
605,732,2135,1004,2135,192,120
606,732,2136,1004,2136,192,120
606,732,2137,1004,2137,192,120
604,732,2138,1004,2138,192,120
602,732,2139,1004,2139,192,120
602,732,2140,1004,2140,192,120
602,732,2141,1004,2141,192,120
602,732,2142,1004,2142,192,120
603,732,2143,1004,2143,192,120
602,732,2144,1004,2144,192,120
598,732,2145,1004,2145,192,120
598,732,2146,1004,2146,192,120
598,732,2147,1004,2147,192,120
597,732,2148,1004,2148,192,120
597,732,2149,1004,2149,192,120
598,732,2150,1004,2150,192,120
599,732,2151,1004,2151,192,120
599,732,2152,1004,2152,192,120
599,732,2153,1004,2153,192,120
599,732,2154,1004,2154,192,120
600,732,2155,1004,2155,192,120
601,732,2156,1004,2156,192,120
602,732,2157,1004,2157,192,120
601,732,2158,1004,2158,192,120
600,732,2159,1004,2159,192,120
600,732,2160,1004,2160,192,120
600,732,2161,1004,2161,192,120
600,732,2162,1004,2162,192,120
601,732,2163,1004,2163,192,120
600,732,2164,1004,2164,192,120
601,732,2165,1004,2165,192,120
600,732,2166,1004,2166,192,119
600,732,2167,1004,2167,192,119
599,732,2168,1004,2168,192,119
600,732,2169,1004,2169,192,119
599,732,2170,1004,2170,192,119
598,732,2171,1004,2171,192,119
596,732,2172,1004,2172,192,118
597,732,2173,1004,2173,192,118
597,732,2174,1004,2174,192,118
597,732,2175,1004,2175,192,118
597,732,2176,1004,2176,192,118
596,732,2177,1004,2177,192,118
597,732,2178,1004,2178,192,118
597,732,2179,1004,2179,192,118
597,732,2180,1004,2180,192,118
597,732,2181,1004,2181,192,118
597,732,2182,1004,2182,192,118
597,732,2183,1004,2183,192,118
597,732,2184,1004,2184,192,118
597,732,2185,1004,2185,192,118
596,732,2186,1004,2186,192,118
596,732,2187,1004,2187,192,118
596,732,2188,1004,2188,192,118
597,732,2189,1004,2189,192,118
597,732,2190,1004,2190,192,118
597,732,2191,1004,2191,192,118
597,732,2192,1004,2192,192,118
597,732,2193,1004,2193,192,118
598,732,2194,1004,2194,192,118
599,732,2195,1004,2195,192,118
599,732,2196,1004,2196,192,118
597,732,2197,1004,2197,192,118
596,732,2198,1004,2198,192,118
593,732,2199,1004,2199,192,116
590,732,2200,1004,2200,192,114
589,732,2201,1004,2201,192,114
588,732,2202,1004,2202,192,114
588,732,2203,1004,2203,192,114
588,732,2204,1004,2204,192,114
589,732,2205,1004,2205,192,114
589,732,2206,1004,2206,192,114
589,732,2207,1004,2207,192,114
590,732,2208,1004,2208,192,114
588,732,2209,1004,2209,192,114
589,732,2210,1004,2210,192,114
590,732,2211,1004,2211,192,114
591,732,2212,1004,2212,192,114
590,732,2213,1004,2213,192,114
589,732,2214,1004,2214,192,114
589,732,2215,1004,2215,192,114
589,732,2216,1004,2216,192,114
590,732,2217,1004,2217,192,114
590,732,2218,1004,2218,192,114
590,732,2219,1004,2219,192,114
589,732,2220,1004,2220,192,114
590,732,2221,1004,2221,192,114
591,732,2222,1004,2222,192,114
591,732,2223,1004,2223,192,114
590,732,2224,1004,2224,192,114
590,732,2225,1004,2225,192,114
590,732,2226,1004,2226,192,114
590,732,2227,1004,2227,192,114
590,732,2228,1004,2228,192,114
591,732,2229,1004,2229,192,114
590,732,2230,1004,2230,192,114
588,732,2231,1004,2231,192,114
588,732,2232,1004,2232,192,114
587,732,2233,1004,2233,192,114
588,732,2234,1004,2234,192,114
589,732,2235,1004,2235,192,114
588,732,2236,1004,2236,192,114
588,732,2237,1004,2237,192,114
588,732,2238,1004,2238,192,114
587,732,2239,1004,2239,192,114
587,732,2240,1004,2240,192,114
587,732,2241,1004,2241,192,114
587,732,2242,1004,2242,192,114
585,732,2243,1004,2243,192,113
585,732,2244,1004,2244,192,113
586,732,2245,1004,2245,192,113
586,732,2246,1004,2246,192,113
585,732,2247,1004,2247,192,113
584,732,2248,1004,2248,192,113
583,732,2249,1004,2249,192,113
584,732,2250,1004,2250,192,113
583,732,2251,1004,2251,192,113
583,732,2252,1004,2252,192,113
582,732,2253,1004,2253,192,113
583,732,2254,1004,2254,192,113
583,732,2255,1004,2255,192,113
582,732,2256,1004,2256,192,113
582,732,2257,1004,2257,192,113
580,732,2258,1004,2258,192,111
581,732,2259,1004,2259,192,111
581,732,2260,1004,2260,192,111
581,732,2261,1004,2261,192,111
582,732,2262,1004,2262,192,111
583,732,2263,1004,2263,192,111
582,732,2264,1004,2264,192,111
581,732,2265,1004,2265,192,111
581,732,2266,1004,2266,192,111
580,732,2267,1004,2267,192,111
581,732,2268,1004,2268,192,111
579,732,2269,1004,2269,192,111
579,732,2270,1004,2270,192,111
579,732,2271,1004,2271,192,111
580,732,2272,1004,2272,192,111
580,732,2273,1004,2273,192,111
580,732,2274,1004,2274,192,111
581,732,2275,1004,2275,192,111
581,732,2276,1004,2276,192,111
580,732,2277,1004,2277,192,111
579,732,2278,1004,2278,192,111
579,732,2279,1004,2279,192,111
579,732,2280,1004,2280,192,111
580,732,2281,1004,2281,192,111
581,732,2282,1004,2282,192,111
582,732,2283,1004,2283,192,111
583,732,2284,1004,2284,192,111
580,732,2285,1004,2285,192,111
578,732,2286,1004,2286,192,109
577,732,2287,1004,2287,192,109
576,732,2288,1004,2288,192,108
576,732,2289,1004,2289,192,108
577,732,2290,1004,2290,192,108
575,732,2291,1004,2291,192,107
574,732,2292,1004,2292,192,107
574,732,2293,1004,2293,192,107
574,732,2294,1004,2294,192,107
575,732,2295,1004,2295,192,107
574,732,2296,1004,2296,192,107
573,732,2297,1004,2297,192,107
573,732,2298,1004,2298,192,107
572,732,2299,1004,2299,192,107
573,732,2300,1004,2300,192,107
572,732,2301,1004,2301,192,107
572,732,2302,1004,2302,192,107
572,732,2303,1004,2303,192,107
572,732,2304,1004,2304,192,107
572,732,2305,1004,2305,192,107
572,732,2306,1004,2306,192,107
572,732,2307,1004,2307,192,107
572,732,2308,1004,2308,192,107
573,732,2309,1004,2309,192,107
573,732,2310,1004,2310,192,107
573,732,2311,1004,2311,192,107
574,732,2312,1004,2312,192,107
574,732,2313,1004,2313,192,107
574,732,2314,1004,2314,192,107
574,732,2315,1004,2315,192,107
575,732,2316,1004,2316,192,107
573,732,2317,1004,2317,192,106
571,732,2318,1004,2318,192,106
571,732,2319,1004,2319,192,106
570,732,2320,1004,2320,192,106
570,732,2321,1004,2321,192,106
569,732,2322,1004,2322,192,106
569,732,2323,1004,2323,192,106
566,732,2324,1004,2324,192,106
566,732,2325,1004,2325,192,106
567,732,2326,1004,2326,192,106
562,732,2327,1004,2327,192,106
562,732,2328,1004,2328,192,106
562,732,2329,1004,2329,192,106
562,732,2330,1004,2330,192,106
562,732,2331,1004,2331,192,106
563,732,2332,1004,2332,192,106
563,732,2333,1004,2333,192,106
561,732,2334,1004,2334,192,106
560,732,2335,1004,2335,192,106
560,732,2336,1004,2336,192,106
560,732,2337,1004,2337,192,106
559,732,2338,1004,2338,192,106
558,732,2339,1004,2339,192,106
558,732,2340,1004,2340,192,106
559,732,2341,1004,2341,192,106
559,732,2342,1004,2342,192,106
559,732,2343,1004,2343,192,106
559,732,2344,1004,2344,192,106
559,732,2345,1004,2345,192,106
558,732,2346,1004,2346,192,106
558,732,2347,1004,2347,192,106
558,732,2348,1004,2348,192,106
556,732,2349,1004,2349,192,106
556,732,2350,1004,2350,192,106
555,732,2351,1004,2351,192,106
555,732,2352,1004,2352,192,106
555,732,2353,1004,2353,192,106
556,732,2354,1004,2354,192,106
556,732,2355,1004,2355,192,106
555,732,2356,1004,2356,192,106
555,732,2357,1004,2357,192,106
554,732,2358,1004,2358,192,106
554,732,2359,1004,2359,192,106
554,732,2360,1004,2360,192,106
554,732,2361,1004,2361,192,106
553,732,2362,1004,2362,192,106
553,732,2363,1004,2363,192,106
552,732,2364,1004,2364,192,106
552,732,2365,1004,2365,192,106
553,732,2366,1004,2366,192,106
552,732,2367,1004,2367,192,106
550,732,2368,1004,2368,192,106
550,732,2369,1004,2369,192,106
551,732,2370,1004,2370,192,106
551,732,2371,1004,2371,192,106
550,732,2372,1004,2372,192,106
550,732,2373,1004,2373,192,106
549,732,2374,1004,2374,192,106
548,732,2375,1004,2375,192,106
549,732,2376,1004,2376,192,106
549,732,2377,1004,2377,192,106
549,732,2378,1004,2378,192,106
548,732,2379,1004,2379,192,106
547,732,2380,1004,2380,192,106
547,732,2381,1004,2381,192,106
547,732,2382,1004,2382,192,106
547,732,2383,1004,2383,192,106
547,732,2384,1004,2384,192,106
548,732,2385,1004,2385,192,106
548,732,2386,1004,2386,192,106
549,732,2387,1004,2387,192,106
550,732,2388,1004,2388,192,106
551,732,2389,1004,2389,192,106
551,732,2390,1004,2390,192,106
552,732,2391,1004,2391,192,106
553,732,2392,1004,2392,192,106
552,732,2393,1004,2393,192,106
553,732,2394,1004,2394,192,106
553,732,2395,1004,2395,192,106
552,732,2396,1004,2396,192,106
552,732,2397,1004,2397,192,106
552,732,2398,1004,2398,192,106
552,732,2399,1004,2399,192,106
553,732,2400,1004,2400,192,106
553,732,2401,1004,2401,192,106
554,732,2402,1004,2402,192,106
554,732,2403,1004,2403,192,106
554,732,2404,1004,2404,192,106
554,732,2405,1004,2405,192,106
554,732,2406,1004,2406,192,106
555,732,2407,1004,2407,192,106
554,732,2408,1004,2408,192,106
555,732,2409,1004,2409,192,106
555,732,2410,1004,2410,192,106
556,732,2411,1004,2411,192,106
555,732,2412,1004,2412,192,106
554,732,2413,1004,2413,192,106
555,732,2414,1004,2414,192,106
555,732,2415,1004,2415,192,106
555,732,2416,1004,2416,192,106
555,732,2417,1004,2417,192,106
555,732,2418,1004,2418,192,106
555,732,2419,1004,2419,192,106
555,732,2420,1004,2420,192,106
555,732,2421,1004,2421,192,106
555,732,2422,1004,2422,192,106
555,732,2423,1004,2423,192,106
554,732,2424,1004,2424,192,106
552,732,2425,1004,2425,192,106
550,732,2426,1004,2426,192,106
550,732,2427,1004,2427,192,106
549,732,2428,1004,2428,192,106
550,732,2429,1004,2429,192,106
550,732,2430,1004,2430,192,106
549,732,2431,1004,2431,192,106
548,732,2432,1004,2432,192,106
548,732,2433,1004,2433,192,106
548,732,2434,1004,2434,192,106
548,732,2435,1004,2435,192,106
549,732,2436,1004,2436,192,106
549,732,2437,1004,2437,192,106
546,732,2438,1004,2438,192,105
546,732,2439,1004,2439,192,105
547,732,2440,1004,2440,192,105
546,732,2441,1004,2441,192,105
547,732,2442,1004,2442,192,105
547,732,2443,1004,2443,192,105
545,732,2444,1004,2444,192,105
544,732,2445,1004,2445,192,105
544,732,2446,1004,2446,192,105
543,732,2447,1004,2447,192,105
544,732,2448,1004,2448,192,105
543,732,2449,1004,2449,192,105
544,732,2450,1004,2450,192,105
544,732,2451,1004,2451,192,105
544,732,2452,1004,2452,192,105
542,732,2453,1004,2453,192,105
542,732,2454,1004,2454,192,105
542,732,2455,1004,2455,192,105
541,732,2456,1004,2456,192,105
541,732,2457,1004,2457,192,105
541,732,2458,1004,2458,192,105
541,732,2459,1004,2459,192,105
541,732,2460,1004,2460,192,105
539,732,2461,1004,2461,192,105
540,732,2462,1004,2462,192,105
540,732,2463,1004,2463,192,105
539,732,2464,1004,2464,192,105
540,732,2465,1004,2465,192,105
539,732,2466,1004,2466,192,105
538,732,2467,1004,2467,192,105
539,732,2468,1004,2468,192,105
540,732,2469,1004,2469,192,105
539,732,2470,1004,2470,192,105
540,732,2471,1004,2471,192,105
538,732,2472,1004,2472,192,104
538,732,2473,1004,2473,192,104
538,732,2474,1004,2474,192,104
538,732,2475,1004,2475,192,104
538,732,2476,1004,2476,192,104
538,732,2477,1004,2477,192,104
539,732,2478,1004,2478,192,104
539,732,2479,1004,2479,192,104
540,732,2480,1004,2480,192,104
540,732,2481,1004,2481,192,104
541,732,2482,1004,2482,192,104
541,732,2483,1004,2483,192,104
538,732,2484,1004,2484,192,104
537,732,2485,1004,2485,192,104
538,732,2486,1004,2486,192,104
538,732,2487,1004,2487,192,104
539,732,2488,1004,2488,192,104
539,732,2489,1004,2489,192,104
540,732,2490,1004,2490,192,104
539,732,2491,1004,2491,192,104
540,732,2492,1004,2492,192,104
540,732,2493,1004,2493,192,104
541,732,2494,1004,2494,192,104
542,732,2495,1004,2495,192,104
543,732,2496,1004,2496,192,104
543,732,2497,1004,2497,192,104
543,732,2498,1004,2498,192,104
544,732,2499,1004,2499,192,104
544,732,2500,1004,2500,192,104
544,732,2501,1004,2501,192,104
543,732,2502,1004,2502,192,104
543,732,2503,1004,2503,192,104
542,732,2504,1004,2504,192,104
542,732,2505,1004,2505,192,104
543,732,2506,1004,2506,192,104
543,732,2507,1004,2507,192,104
543,732,2508,1004,2508,192,104
544,732,2509,1004,2509,192,104
544,732,2510,1004,2510,192,104
544,732,2511,1004,2511,192,104
543,732,2512,1004,2512,192,104
543,732,2513,1004,2513,192,104
541,732,2514,1004,2514,192,104
540,732,2515,1004,2515,192,104
540,732,2516,1004,2516,192,104
540,732,2517,1004,2517,192,104
540,732,2518,1004,2518,192,104
538,732,2519,1004,2519,192,102
538,732,2520,1004,2520,192,102
539,732,2521,1004,2521,192,102
540,732,2522,1004,2522,192,102
540,732,2523,1004,2523,192,102
541,732,2524,1004,2524,192,102
541,732,2525,1004,2525,192,102
541,732,2526,1004,2526,192,102
541,732,2527,1004,2527,192,102
542,732,2528,1004,2528,192,102
541,732,2529,1004,2529,192,102
540,732,2530,1004,2530,192,102
540,732,2531,1004,2531,192,102
539,732,2532,1004,2532,192,102
538,732,2533,1004,2533,192,102
538,732,2534,1004,2534,192,102
538,732,2535,1004,2535,192,102
538,732,2536,1004,2536,192,102
539,732,2537,1004,2537,192,102
539,732,2538,1004,2538,192,102
539,732,2539,1004,2539,192,102
538,732,2540,1004,2540,192,102
539,732,2541,1004,2541,192,102
540,732,2542,1004,2542,192,102
540,732,2543,1004,2543,192,102
540,732,2544,1004,2544,192,102
540,732,2545,1004,2545,192,102
540,732,2546,1004,2546,192,102
540,732,2547,1004,2547,192,102
540,732,2548,1004,2548,192,102
541,732,2549,1004,2549,192,102
542,732,2550,1004,2550,192,102
540,732,2551,1004,2551,192,102
541,732,2552,1004,2552,192,102
541,732,2553,1004,2553,192,102
541,732,2554,1004,2554,192,102
541,732,2555,1004,2555,192,102
541,732,2556,1004,2556,192,102
539,732,2557,1004,2557,192,101
540,732,2558,1004,2558,192,101
540,732,2559,1004,2559,192,101
540,732,2560,1004,2560,192,101
540,732,2561,1004,2561,192,101
540,732,2562,1004,2562,192,101
539,732,2563,1004,2563,192,101
539,732,2564,1004,2564,192,101
539,732,2565,1004,2565,192,101
539,732,2566,1004,2566,192,101
537,732,2567,1004,2567,192,100
536,732,2568,1004,2568,192,100
536,732,2569,1004,2569,192,100
537,732,2570,1004,2570,192,100
537,732,2571,1004,2571,192,100
537,732,2572,1004,2572,192,100
537,732,2573,1004,2573,192,100
536,732,2574,1004,2574,192,100
535,732,2575,1004,2575,192,100
536,732,2576,1004,2576,192,100
536,732,2577,1004,2577,192,100
535,732,2578,1004,2578,192,100
535,732,2579,1004,2579,192,100
535,732,2580,1004,2580,192,100
535,732,2581,1004,2581,192,100
535,732,2582,1004,2582,192,100
535,732,2583,1004,2583,192,100
535,732,2584,1004,2584,192,100
535,732,2585,1004,2585,192,100
536,732,2586,1004,2586,192,100
537,732,2587,1004,2587,192,100
537,732,2588,1004,2588,192,100
536,732,2589,1004,2589,192,100
536,732,2590,1004,2590,192,100
535,732,2591,1004,2591,192,100
536,732,2592,1004,2592,192,100
536,732,2593,1004,2593,192,100
536,732,2594,1004,2594,192,100
535,732,2595,1004,2595,192,100
536,732,2596,1004,2596,192,100
537,732,2597,1004,2597,192,100
535,732,2598,1004,2598,192,99
535,732,2599,1004,2599,192,99
535,732,2600,1004,2600,192,99
534,732,2601,1004,2601,192,99
535,732,2602,1004,2602,192,99
535,732,2603,1004,2603,192,99
535,732,2604,1004,2604,192,99
535,732,2605,1004,2605,192,99
536,732,2606,1004,2606,192,99
536,732,2607,1004,2607,192,99
537,732,2608,1004,2608,192,99
536,732,2609,1004,2609,192,99
536,732,2610,1004,2610,192,99
535,732,2611,1004,2611,192,99
535,732,2612,1004,2612,192,99
535,732,2613,1004,2613,192,99
534,732,2614,1004,2614,192,99
531,732,2615,1004,2615,192,97
531,732,2616,1004,2616,192,97
531,732,2617,1004,2617,192,97
532,732,2618,1004,2618,192,97
532,732,2619,1004,2619,192,97
532,732,2620,1004,2620,192,97
532,732,2621,1004,2621,192,97
533,732,2622,1004,2622,192,97
533,732,2623,1004,2623,192,97
533,732,2624,1004,2624,192,97
533,732,2625,1004,2625,192,97
534,732,2626,1004,2626,192,97
533,732,2627,1004,2627,192,97
533,732,2628,1004,2628,192,97
534,732,2629,1004,2629,192,97
534,732,2630,1004,2630,192,97
533,732,2631,1004,2631,192,97
533,732,2632,1004,2632,192,97
534,732,2633,1004,2633,192,97
535,732,2634,1004,2634,192,97
535,732,2635,1004,2635,192,97
536,732,2636,1004,2636,192,97
535,732,2637,1004,2637,192,97
536,732,2638,1004,2638,192,97
535,732,2639,1004,2639,192,97
534,732,2640,1004,2640,192,97
533,732,2641,1004,2641,192,97
534,732,2642,1004,2642,192,97
535,732,2643,1004,2643,192,97
535,732,2644,1004,2644,192,97
535,732,2645,1004,2645,192,97
536,732,2646,1004,2646,192,97
536,732,2647,1004,2647,192,97
537,732,2648,1004,2648,192,97
537,732,2649,1004,2649,192,97
536,732,2650,1004,2650,192,97
535,732,2651,1004,2651,192,96
535,732,2652,1004,2652,192,96
535,732,2653,1004,2653,192,96
535,732,2654,1004,2654,192,96
535,732,2655,1004,2655,192,96
534,732,2656,1004,2656,192,96
534,732,2657,1004,2657,192,96
533,732,2658,1004,2658,192,96
533,732,2659,1004,2659,192,96
534,732,2660,1004,2660,192,96
535,732,2661,1004,2661,192,96
536,732,2662,1004,2662,192,96
536,732,2663,1004,2663,192,96
536,732,2664,1004,2664,192,96
536,732,2665,1004,2665,192,96
536,732,2666,1004,2666,192,96
536,732,2667,1004,2667,192,96
536,732,2668,1004,2668,192,96
536,732,2669,1004,2669,192,96
536,732,2670,1004,2670,192,96
536,732,2671,1004,2671,192,96
534,732,2672,1004,2672,192,96
534,732,2673,1004,2673,192,96
534,732,2674,1004,2674,192,96
534,732,2675,1004,2675,192,96
534,732,2676,1004,2676,192,96
534,732,2677,1004,2677,192,96
534,732,2678,1004,2678,192,96
534,732,2679,1004,2679,192,96
533,732,2680,1004,2680,192,96
531,732,2681,1004,2681,192,96
531,732,2682,1004,2682,192,96
531,732,2683,1004,2683,192,96
531,732,2684,1004,2684,192,96
531,732,2685,1004,2685,192,96
531,732,2686,1004,2686,192,96
531,732,2687,1004,2687,192,96
531,732,2688,1004,2688,192,96
531,732,2689,1004,2689,192,96
531,732,2690,1004,2690,192,96
531,732,2691,1004,2691,192,96
531,732,2692,1004,2692,192,96
531,732,2693,1004,2693,192,96
532,732,2694,1004,2694,192,96
532,732,2695,1004,2695,192,96
532,732,2696,1004,2696,192,96
528,732,2697,1004,2697,192,94
527,732,2698,1004,2698,192,93
528,732,2699,1004,2699,192,93
528,732,2700,1004,2700,192,93
528,732,2701,1004,2701,192,93
528,732,2702,1004,2702,192,93
529,732,2703,1004,2703,192,93
529,732,2704,1004,2704,192,93
528,732,2705,1004,2705,192,93
529,732,2706,1004,2706,192,93
529,732,2707,1004,2707,192,93
530,732,2708,1004,2708,192,93
529,732,2709,1004,2709,192,93
526,732,2710,1004,2710,192,90
527,732,2711,1004,2711,192,90
526,732,2712,1004,2712,192,90
525,732,2713,1004,2713,192,90
525,732,2714,1004,2714,192,90
526,732,2715,1004,2715,192,90
525,732,2716,1004,2716,192,90
525,732,2717,1004,2717,192,90
525,732,2718,1004,2718,192,90
525,732,2719,1004,2719,192,90
525,732,2720,1004,2720,192,90
525,732,2721,1004,2721,192,90
525,732,2722,1004,2722,192,90
524,732,2723,1004,2723,192,90
525,732,2724,1004,2724,192,90
526,732,2725,1004,2725,192,90
525,732,2726,1004,2726,192,90
525,732,2727,1004,2727,192,90
524,732,2728,1004,2728,192,90
524,732,2729,1004,2729,192,90
524,732,2730,1004,2730,192,90
523,732,2731,1004,2731,192,90
521,732,2732,1004,2732,192,89
521,732,2733,1004,2733,192,89
521,732,2734,1004,2734,192,89
521,732,2735,1004,2735,192,89
520,732,2736,1004,2736,192,89
519,732,2737,1004,2737,192,89
519,732,2738,1004,2738,192,89
520,732,2739,1004,2739,192,89
518,732,2740,1004,2740,192,89
518,732,2741,1004,2741,192,89
518,732,2742,1004,2742,192,89
518,732,2743,1004,2743,192,89
519,732,2744,1004,2744,192,89
518,732,2745,1004,2745,192,89
518,732,2746,1004,2746,192,89
518,732,2747,1004,2747,192,89
518,732,2748,1004,2748,192,89
518,732,2749,1004,2749,192,89
516,732,2750,1004,2750,192,88
517,732,2751,1004,2751,192,88
518,732,2752,1004,2752,192,88
518,732,2753,1004,2753,192,88
518,732,2754,1004,2754,192,88
518,732,2755,1004,2755,192,88
518,732,2756,1004,2756,192,88
518,732,2757,1004,2757,192,88
518,732,2758,1004,2758,192,88
519,732,2759,1004,2759,192,88
519,732,2760,1004,2760,192,88
519,732,2761,1004,2761,192,88
519,732,2762,1004,2762,192,88
519,732,2763,1004,2763,192,88
520,732,2764,1004,2764,192,88
520,732,2765,1004,2765,192,88
519,732,2766,1004,2766,192,88
519,732,2767,1004,2767,192,88
518,732,2768,1004,2768,192,88
519,732,2769,1004,2769,192,88
520,732,2770,1004,2770,192,88
520,732,2771,1004,2771,192,88
521,732,2772,1004,2772,192,88
519,732,2773,1004,2773,192,88
519,732,2774,1004,2774,192,88
519,732,2775,1004,2775,192,88
519,732,2776,1004,2776,192,88
519,732,2777,1004,2777,192,88
519,732,2778,1004,2778,192,88
517,732,2779,1004,2779,192,88
517,732,2780,1004,2780,192,88
517,732,2781,1004,2781,192,88
516,732,2782,1004,2782,192,88
516,732,2783,1004,2783,192,88
515,732,2784,1004,2784,192,88
515,732,2785,1004,2785,192,88
515,732,2786,1004,2786,192,88
515,732,2787,1004,2787,192,88
516,732,2788,1004,2788,192,88
514,732,2789,1004,2789,192,88
514,732,2790,1004,2790,192,88
514,732,2791,1004,2791,192,88
514,732,2792,1004,2792,192,88
515,732,2793,1004,2793,192,88
515,732,2794,1004,2794,192,88
515,732,2795,1004,2795,192,88
514,732,2796,1004,2796,192,88
513,732,2797,1004,2797,192,88
513,732,2798,1004,2798,192,88
513,732,2799,1004,2799,192,88
513,732,2800,1004,2800,192,88
513,732,2801,1004,2801,192,88
514,732,2802,1004,2802,192,88
515,732,2803,1004,2803,192,88
515,732,2804,1004,2804,192,88
514,732,2805,1004,2805,192,88
514,732,2806,1004,2806,192,88
514,732,2807,1004,2807,192,88
514,732,2808,1004,2808,192,88
514,732,2809,1004,2809,192,88
514,732,2810,1004,2810,192,88
513,732,2811,1004,2811,192,88
513,732,2812,1004,2812,192,88
514,732,2813,1004,2813,192,88
514,732,2814,1004,2814,192,88
514,732,2815,1004,2815,192,88
513,732,2816,1004,2816,192,88
512,732,2817,1004,2817,192,88
512,732,2818,1004,2818,192,88
512,732,2819,1004,2819,192,88
512,732,2820,1004,2820,192,88
512,732,2821,1004,2821,192,88
511,732,2822,1004,2822,192,88
512,732,2823,1004,2823,192,88
513,732,2824,1004,2824,192,88
513,732,2825,1004,2825,192,88
512,732,2826,1004,2826,192,87
512,732,2827,1004,2827,192,87
513,732,2828,1004,2828,192,87
513,732,2829,1004,2829,192,87
513,732,2830,1004,2830,192,87
514,732,2831,1004,2831,192,87
514,732,2832,1004,2832,192,87
514,732,2833,1004,2833,192,87
514,732,2834,1004,2834,192,87
514,732,2835,1004,2835,192,87
514,732,2836,1004,2836,192,87
514,732,2837,1004,2837,192,87
513,732,2838,1004,2838,192,87
513,732,2839,1004,2839,192,87
514,732,2840,1004,2840,192,87
514,732,2841,1004,2841,192,87
515,732,2842,1004,2842,192,87
515,732,2843,1004,2843,192,87
512,732,2844,1004,2844,192,86
512,732,2845,1004,2845,192,86
513,732,2846,1004,2846,192,86
512,732,2847,1004,2847,192,86
512,732,2848,1004,2848,192,86
513,732,2849,1004,2849,192,86
514,732,2850,1004,2850,192,86
514,732,2851,1004,2851,192,86
515,732,2852,1004,2852,192,86
515,732,2853,1004,2853,192,86
515,732,2854,1004,2854,192,86
515,732,2855,1004,2855,192,86
515,732,2856,1004,2856,192,86
515,732,2857,1004,2857,192,86
516,732,2858,1004,2858,192,86
516,732,2859,1004,2859,192,86
517,732,2860,1004,2860,192,86
518,732,2861,1004,2861,192,86
518,732,2862,1004,2862,192,86
518,732,2863,1004,2863,192,86
518,732,2864,1004,2864,192,86
518,732,2865,1004,2865,192,86
515,732,2866,1004,2866,192,85
516,732,2867,1004,2867,192,85
517,732,2868,1004,2868,192,85
517,732,2869,1004,2869,192,85
517,732,2870,1004,2870,192,85
517,732,2871,1004,2871,192,85
517,732,2872,1004,2872,192,85
517,732,2873,1004,2873,192,85
517,732,2874,1004,2874,192,85
517,732,2875,1004,2875,192,85
517,732,2876,1004,2876,192,85
517,732,2877,1004,2877,192,85
518,732,2878,1004,2878,192,85
518,732,2879,1004,2879,192,85
518,732,2880,1004,2880,192,85
516,732,2881,1004,2881,192,85
515,732,2882,1004,2882,192,85
515,732,2883,1004,2883,192,85
515,732,2884,1004,2884,192,85
515,732,2885,1004,2885,192,85
514,732,2886,1004,2886,192,85
514,732,2887,1004,2887,192,85
514,732,2888,1004,2888,192,85
514,732,2889,1004,2889,192,85
513,732,2890,1004,2890,192,85
513,732,2891,1004,2891,192,85
513,732,2892,1004,2892,192,85
513,732,2893,1004,2893,192,85
513,732,2894,1004,2894,192,85
513,732,2895,1004,2895,192,85
512,732,2896,1004,2896,192,85
512,732,2897,1004,2897,192,85
512,732,2898,1004,2898,192,85
512,732,2899,1004,2899,192,85
512,732,2900,1004,2900,192,85
511,732,2901,1004,2901,192,85
511,732,2902,1004,2902,192,85
512,732,2903,1004,2903,192,85
512,732,2904,1004,2904,192,85
512,732,2905,1004,2905,192,85
512,732,2906,1004,2906,192,85
513,732,2907,1004,2907,192,85
513,732,2908,1004,2908,192,85
512,732,2909,1004,2909,192,85
512,732,2910,1004,2910,192,85
512,732,2911,1004,2911,192,85
512,732,2912,1004,2912,192,85
512,732,2913,1004,2913,192,85
511,732,2914,1004,2914,192,85
512,732,2915,1004,2915,192,85
513,732,2916,1004,2916,192,85
513,732,2917,1004,2917,192,85
513,732,2918,1004,2918,192,85
514,732,2919,1004,2919,192,85
514,732,2920,1004,2920,192,85
514,732,2921,1004,2921,192,85
514,732,2922,1004,2922,192,85
514,732,2923,1004,2923,192,85
513,732,2924,1004,2924,192,84
514,732,2925,1004,2925,192,84
514,732,2926,1004,2926,192,84
515,732,2927,1004,2927,192,84
516,732,2928,1004,2928,192,84
516,732,2929,1004,2929,192,84
516,732,2930,1004,2930,192,84
516,732,2931,1004,2931,192,84
516,732,2932,1004,2932,192,84
517,732,2933,1004,2933,192,84
517,732,2934,1004,2934,192,84
516,732,2935,1004,2935,192,84
516,732,2936,1004,2936,192,84
516,732,2937,1004,2937,192,84
515,732,2938,1004,2938,192,84
515,732,2939,1004,2939,192,84
516,732,2940,1004,2940,192,84
516,732,2941,1004,2941,192,84
514,732,2942,1004,2942,192,84
513,732,2943,1004,2943,192,84
513,732,2944,1004,2944,192,84
512,732,2945,1004,2945,192,84
512,732,2946,1004,2946,192,84
512,732,2947,1004,2947,192,84
510,732,2948,1004,2948,192,83
510,732,2949,1004,2949,192,83
510,732,2950,1004,2950,192,83
510,732,2951,1004,2951,192,83
509,732,2952,1004,2952,192,83
509,732,2953,1004,2953,192,83
509,732,2954,1004,2954,192,83
509,732,2955,1004,2955,192,83
508,732,2956,1004,2956,192,83
508,732,2957,1004,2957,192,83
508,732,2958,1004,2958,192,83
508,732,2959,1004,2959,192,83
508,732,2960,1004,2960,192,83
507,732,2961,1004,2961,192,83
507,732,2962,1004,2962,192,83
508,732,2963,1004,2963,192,83
506,732,2964,1004,2964,192,83
504,732,2965,1004,2965,192,83
504,732,2966,1004,2966,192,83
503,732,2967,1004,2967,192,83
503,732,2968,1004,2968,192,83
502,732,2969,1004,2969,192,83
502,732,2970,1004,2970,192,83
501,732,2971,1004,2971,192,83
501,732,2972,1004,2972,192,83
502,732,2973,1004,2973,192,83
502,732,2974,1004,2974,192,83
502,732,2975,1004,2975,192,83
502,732,2976,1004,2976,192,83
502,732,2977,1004,2977,192,83
501,732,2978,1004,2978,192,83
501,732,2979,1004,2979,192,83
502,732,2980,1004,2980,192,83
501,732,2981,1004,2981,192,83
501,732,2982,1004,2982,192,83
501,732,2983,1004,2983,192,83
501,732,2984,1004,2984,192,83
501,732,2985,1004,2985,192,83
501,732,2986,1004,2986,192,83
501,732,2987,1004,2987,192,83
501,732,2988,1004,2988,192,83
501,732,2989,1004,2989,192,83
502,732,2990,1004,2990,192,83
503,732,2991,1004,2991,192,83
504,732,2992,1004,2992,192,83
504,732,2993,1004,2993,192,83
504,732,2994,1004,2994,192,83
505,732,2995,1004,2995,192,83
505,732,2996,1004,2996,192,83
504,732,2997,1004,2997,192,83
504,732,2998,1004,2998,192,83
504,732,2999,1004,2999,192,83
505,732,3000,1004,3000,192,83
505,732,3001,1004,3001,192,83
505,732,3002,1004,3002,192,83
505,732,3003,1004,3003,192,83
501,732,3004,1004,3004,192,81
500,732,3005,1004,3005,192,81
499,732,3006,1004,3006,192,81
498,732,3007,1004,3007,192,81
498,732,3008,1004,3008,192,81
498,732,3009,1004,3009,192,81
498,732,3010,1004,3010,192,81
498,732,3011,1004,3011,192,81
498,732,3012,1004,3012,192,81
498,732,3013,1004,3013,192,81
498,732,3014,1004,3014,192,81
498,732,3015,1004,3015,192,81
499,732,3016,1004,3016,192,81
499,732,3017,1004,3017,192,81
499,732,3018,1004,3018,192,81
500,732,3019,1004,3019,192,81
500,732,3020,1004,3020,192,81
500,732,3021,1004,3021,192,81
498,732,3022,1004,3022,192,81
499,732,3023,1004,3023,192,81
498,732,3024,1004,3024,192,81
499,732,3025,1004,3025,192,81
499,732,3026,1004,3026,192,81
498,732,3027,1004,3027,192,81
497,732,3028,1004,3028,192,80
497,732,3029,1004,3029,192,80
497,732,3030,1004,3030,192,80
497,732,3031,1004,3031,192,80
497,732,3032,1004,3032,192,80
496,732,3033,1004,3033,192,80
496,732,3034,1004,3034,192,80
495,732,3035,1004,3035,192,79
495,732,3036,1004,3036,192,79
495,732,3037,1004,3037,192,79
495,732,3038,1004,3038,192,79
496,732,3039,1004,3039,192,79
496,732,3040,1004,3040,192,79
497,732,3041,1004,3041,192,79
497,732,3042,1004,3042,192,79
497,732,3043,1004,3043,192,79
497,732,3044,1004,3044,192,79
497,732,3045,1004,3045,192,79
498,732,3046,1004,3046,192,79
497,732,3047,1004,3047,192,79
497,732,3048,1004,3048,192,79
497,732,3049,1004,3049,192,79
497,732,3050,1004,3050,192,79
497,732,3051,1004,3051,192,79
497,732,3052,1004,3052,192,79
497,732,3053,1004,3053,192,79
497,732,3054,1004,3054,192,79
494,732,3055,1004,3055,192,77
493,732,3056,1004,3056,192,76
494,732,3057,1004,3057,192,76
493,732,3058,1004,3058,192,76
491,732,3059,1004,3059,192,75
491,732,3060,1004,3060,192,75
491,732,3061,1004,3061,192,75
490,732,3062,1004,3062,192,75
490,732,3063,1004,3063,192,75
490,732,3064,1004,3064,192,75
490,732,3065,1004,3065,192,75
488,732,3066,1004,3066,192,74
487,732,3067,1004,3067,192,74
488,732,3068,1004,3068,192,74
487,732,3069,1004,3069,192,74
487,732,3070,1004,3070,192,74
487,732,3071,1004,3071,192,74
488,732,3072,1004,3072,192,74
488,732,3073,1004,3073,192,74
488,732,3074,1004,3074,192,74
487,732,3075,1004,3075,192,74
487,732,3076,1004,3076,192,74
487,732,3077,1004,3077,192,74
487,732,3078,1004,3078,192,74
487,732,3079,1004,3079,192,74
487,732,3080,1004,3080,192,74
487,732,3081,1004,3081,192,74
485,732,3082,1004,3082,192,74
485,732,3083,1004,3083,192,74
485,732,3084,1004,3084,192,74
485,732,3085,1004,3085,192,74
485,732,3086,1004,3086,192,74
485,732,3087,1004,3087,192,74
486,732,3088,1004,3088,192,74
487,732,3089,1004,3089,192,74
487,732,3090,1004,3090,192,74
485,732,3091,1004,3091,192,74
485,732,3092,1004,3092,192,74
485,732,3093,1004,3093,192,74
485,732,3094,1004,3094,192,74
485,732,3095,1004,3095,192,74
486,732,3096,1004,3096,192,74
484,732,3097,1004,3097,192,73
485,732,3098,1004,3098,192,73
486,732,3099,1004,3099,192,73
486,732,3100,1004,3100,192,73
486,732,3101,1004,3101,192,73
486,732,3102,1004,3102,192,73
486,732,3103,1004,3103,192,73
487,732,3104,1004,3104,192,73
487,732,3105,1004,3105,192,73
486,732,3106,1004,3106,192,73
485,732,3107,1004,3107,192,73
485,732,3108,1004,3108,192,73
485,732,3109,1004,3109,192,73
485,732,3110,1004,3110,192,73
484,732,3111,1004,3111,192,72
484,732,3112,1004,3112,192,72
484,732,3113,1004,3113,192,72
484,732,3114,1004,3114,192,72
484,732,3115,1004,3115,192,72
484,732,3116,1004,3116,192,72
484,732,3117,1004,3117,192,72
484,732,3118,1004,3118,192,72
484,732,3119,1004,3119,192,72
483,732,3120,1004,3120,192,72
482,732,3121,1004,3121,192,72
482,732,3122,1004,3122,192,72
482,732,3123,1004,3123,192,72
480,732,3124,1004,3124,192,71
480,732,3125,1004,3125,192,71
480,732,3126,1004,3126,192,71
480,732,3127,1004,3127,192,71
480,732,3128,1004,3128,192,71
481,732,3129,1004,3129,192,71
480,732,3130,1004,3130,192,71
479,732,3131,1004,3131,192,70
479,732,3132,1004,3132,192,70
479,732,3133,1004,3133,192,70
479,732,3134,1004,3134,192,70
480,732,3135,1004,3135,192,70
480,732,3136,1004,3136,192,70
477,732,3137,1004,3137,192,68
477,732,3138,1004,3138,192,68
477,732,3139,1004,3139,192,68
476,732,3140,1004,3140,192,68
476,732,3141,1004,3141,192,68
477,732,3142,1004,3142,192,68
478,732,3143,1004,3143,192,68
478,732,3144,1004,3144,192,68
478,732,3145,1004,3145,192,68
477,732,3146,1004,3146,192,68
477,732,3147,1004,3147,192,68
477,732,3148,1004,3148,192,68
477,732,3149,1004,3149,192,68
477,732,3150,1004,3150,192,68
477,732,3151,1004,3151,192,68
478,732,3152,1004,3152,192,68
479,732,3153,1004,3153,192,68
478,732,3154,1004,3154,192,67
478,732,3155,1004,3155,192,67
479,732,3156,1004,3156,192,67
480,732,3157,1004,3157,192,67
480,732,3158,1004,3158,192,67
480,732,3159,1004,3159,192,67
480,732,3160,1004,3160,192,67
480,732,3161,1004,3161,192,67
480,732,3162,1004,3162,192,67
480,732,3163,1004,3163,192,67
479,732,3164,1004,3164,192,66
479,732,3165,1004,3165,192,66
480,732,3166,1004,3166,192,66
480,732,3167,1004,3167,192,66
480,732,3168,1004,3168,192,66
480,732,3169,1004,3169,192,66
480,732,3170,1004,3170,192,66
480,732,3171,1004,3171,192,66
480,732,3172,1004,3172,192,66
480,732,3173,1004,3173,192,66
481,732,3174,1004,3174,192,66
481,732,3175,1004,3175,192,66
481,732,3176,1004,3176,192,66
481,732,3177,1004,3177,192,66
481,732,3178,1004,3178,192,66
482,732,3179,1004,3179,192,66
482,732,3180,1004,3180,192,66
480,732,3181,1004,3181,192,66
480,732,3182,1004,3182,192,66
481,732,3183,1004,3183,192,66
480,732,3184,1004,3184,192,66
480,732,3185,1004,3185,192,66
480,732,3186,1004,3186,192,66
480,732,3187,1004,3187,192,66
480,732,3188,1004,3188,192,66
480,732,3189,1004,3189,192,66
481,732,3190,1004,3190,192,66
481,732,3191,1004,3191,192,66
481,732,3192,1004,3192,192,66
481,732,3193,1004,3193,192,66
481,732,3194,1004,3194,192,66
480,732,3195,1004,3195,192,66
480,732,3196,1004,3196,192,66
480,732,3197,1004,3197,192,66
480,732,3198,1004,3198,192,66
481,732,3199,1004,3199,192,66
481,732,3200,1004,3200,192,66
481,732,3201,1004,3201,192,66
481,732,3202,1004,3202,192,66
481,732,3203,1004,3203,192,66
482,732,3204,1004,3204,192,66
482,732,3205,1004,3205,192,66
482,732,3206,1004,3206,192,66
483,732,3207,1004,3207,192,66
483,732,3208,1004,3208,192,66
483,732,3209,1004,3209,192,66
483,732,3210,1004,3210,192,66
483,732,3211,1004,3211,192,66
483,732,3212,1004,3212,192,66
483,732,3213,1004,3213,192,66
483,732,3214,1004,3214,192,66
483,732,3215,1004,3215,192,66
483,732,3216,1004,3216,192,66
482,732,3217,1004,3217,192,66
482,732,3218,1004,3218,192,66
482,732,3219,1004,3219,192,66
483,732,3220,1004,3220,192,66
483,732,3221,1004,3221,192,66
484,732,3222,1004,3222,192,66
482,732,3223,1004,3223,192,65
482,732,3224,1004,3224,192,65
482,732,3225,1004,3225,192,65
482,732,3226,1004,3226,192,65
483,732,3227,1004,3227,192,65
481,732,3228,1004,3228,192,64
481,732,3229,1004,3229,192,64
480,732,3230,1004,3230,192,64
481,732,3231,1004,3231,192,64
481,732,3232,1004,3232,192,64
481,732,3233,1004,3233,192,64
479,732,3234,1004,3234,192,64
479,732,3235,1004,3235,192,64
479,732,3236,1004,3236,192,64
479,732,3237,1004,3237,192,64
479,732,3238,1004,3238,192,64
479,732,3239,1004,3239,192,64
479,732,3240,1004,3240,192,64
477,732,3241,1004,3241,192,64
477,732,3242,1004,3242,192,64
476,732,3243,1004,3243,192,64
477,732,3244,1004,3244,192,64
476,732,3245,1004,3245,192,64
477,732,3246,1004,3246,192,64
476,732,3247,1004,3247,192,64
476,732,3248,1004,3248,192,64
476,732,3249,1004,3249,192,64
477,732,3250,1004,3250,192,64
477,732,3251,1004,3251,192,64
476,732,3252,1004,3252,192,64
475,732,3253,1004,3253,192,64
475,732,3254,1004,3254,192,64
475,732,3255,1004,3255,192,64
475,732,3256,1004,3256,192,64
475,732,3257,1004,3257,192,64
475,732,3258,1004,3258,192,64
475,732,3259,1004,3259,192,64
476,732,3260,1004,3260,192,64
477,732,3261,1004,3261,192,64
477,732,3262,1004,3262,192,64
477,732,3263,1004,3263,192,64
477,732,3264,1004,3264,192,64
477,732,3265,1004,3265,192,64
477,732,3266,1004,3266,192,64
476,732,3267,1004,3267,192,63
476,732,3268,1004,3268,192,63
476,732,3269,1004,3269,192,63
476,732,3270,1004,3270,192,63
477,732,3271,1004,3271,192,63
477,732,3272,1004,3272,192,63
476,732,3273,1004,3273,192,63
475,732,3274,1004,3274,192,63
476,732,3275,1004,3275,192,63
476,732,3276,1004,3276,192,63
475,732,3277,1004,3277,192,63
475,732,3278,1004,3278,192,63
475,732,3279,1004,3279,192,63
475,732,3280,1004,3280,192,63
475,732,3281,1004,3281,192,63
475,732,3282,1004,3282,192,63
475,732,3283,1004,3283,192,63
475,732,3284,1004,3284,192,63
474,732,3285,1004,3285,192,63
474,732,3286,1004,3286,192,63
474,732,3287,1004,3287,192,63
474,732,3288,1004,3288,192,63
474,732,3289,1004,3289,192,63
474,732,3290,1004,3290,192,63
473,732,3291,1004,3291,192,63
473,732,3292,1004,3292,192,63
473,732,3293,1004,3293,192,63
473,732,3294,1004,3294,192,63
473,732,3295,1004,3295,192,63
473,732,3296,1004,3296,192,63
473,732,3297,1004,3297,192,63
473,732,3298,1004,3298,192,63
473,732,3299,1004,3299,192,63
473,732,3300,1004,3300,192,63
474,732,3301,1004,3301,192,63
475,732,3302,1004,3302,192,63
475,732,3303,1004,3303,192,63
475,732,3304,1004,3304,192,63
475,732,3305,1004,3305,192,63
475,732,3306,1004,3306,192,63
474,732,3307,1004,3307,192,63
474,732,3308,1004,3308,192,63
474,732,3309,1004,3309,192,63
473,732,3310,1004,3310,192,63
473,732,3311,1004,3311,192,63
474,732,3312,1004,3312,192,63
474,732,3313,1004,3313,192,63
474,732,3314,1004,3314,192,63
474,732,3315,1004,3315,192,63
475,732,3316,1004,3316,192,63
476,732,3317,1004,3317,192,63
476,732,3318,1004,3318,192,63
476,732,3319,1004,3319,192,63
476,732,3320,1004,3320,192,63
476,732,3321,1004,3321,192,63
476,732,3322,1004,3322,192,63
476,732,3323,1004,3323,192,63
476,732,3324,1004,3324,192,63
476,732,3325,1004,3325,192,63
476,732,3326,1004,3326,192,63
476,732,3327,1004,3327,192,63
476,732,3328,1004,3328,192,63
476,732,3329,1004,3329,192,63
476,732,3330,1004,3330,192,63
476,732,3331,1004,3331,192,63
476,732,3332,1004,3332,192,63
477,732,3333,1004,3333,192,63
477,732,3334,1004,3334,192,63
477,732,3335,1004,3335,192,63
476,732,3336,1004,3336,192,63
476,732,3337,1004,3337,192,63
476,732,3338,1004,3338,192,63
476,732,3339,1004,3339,192,63
475,732,3340,1004,3340,192,63
475,732,3341,1004,3341,192,63
476,732,3342,1004,3342,192,63
476,732,3343,1004,3343,192,63
476,732,3344,1004,3344,192,63
476,732,3345,1004,3345,192,63
476,732,3346,1004,3346,192,63
477,732,3347,1004,3347,192,63
477,732,3348,1004,3348,192,63
477,732,3349,1004,3349,192,63
477,732,3350,1004,3350,192,63
477,732,3351,1004,3351,192,63
478,732,3352,1004,3352,192,63
479,732,3353,1004,3353,192,63
479,732,3354,1004,3354,192,63
479,732,3355,1004,3355,192,63
479,732,3356,1004,3356,192,63
479,732,3357,1004,3357,192,63
478,732,3358,1004,3358,192,63
478,732,3359,1004,3359,192,63
478,732,3360,1004,3360,192,63
479,732,3361,1004,3361,192,63
479,732,3362,1004,3362,192,63
480,732,3363,1004,3363,192,63
480,732,3364,1004,3364,192,63
480,732,3365,1004,3365,192,63
480,732,3366,1004,3366,192,63
480,732,3367,1004,3367,192,63
480,732,3368,1004,3368,192,63
480,732,3369,1004,3369,192,63
480,732,3370,1004,3370,192,63
480,732,3371,1004,3371,192,63
480,732,3372,1004,3372,192,63
479,732,3373,1004,3373,192,63
479,732,3374,1004,3374,192,63
479,732,3375,1004,3375,192,63
479,732,3376,1004,3376,192,63
479,732,3377,1004,3377,192,63
479,732,3378,1004,3378,192,63
479,732,3379,1004,3379,192,63
478,732,3380,1004,3380,192,63
478,732,3381,1004,3381,192,63
478,732,3382,1004,3382,192,63
478,732,3383,1004,3383,192,63
478,732,3384,1004,3384,192,63
478,732,3385,1004,3385,192,63
478,732,3386,1004,3386,192,63
478,732,3387,1004,3387,192,63
478,732,3388,1004,3388,192,63
478,732,3389,1004,3389,192,63
478,732,3390,1004,3390,192,63
477,732,3391,1004,3391,192,63
477,732,3392,1004,3392,192,63
476,732,3393,1004,3393,192,63
474,732,3394,1004,3394,192,63
475,732,3395,1004,3395,192,63
475,732,3396,1004,3396,192,63
475,732,3397,1004,3397,192,63
476,732,3398,1004,3398,192,63
475,732,3399,1004,3399,192,63
476,732,3400,1004,3400,192,63
476,732,3401,1004,3401,192,63
476,732,3402,1004,3402,192,63
476,732,3403,1004,3403,192,63
476,732,3404,1004,3404,192,63
476,732,3405,1004,3405,192,63
476,732,3406,1004,3406,192,63
476,732,3407,1004,3407,192,63
476,732,3408,1004,3408,192,63
476,732,3409,1004,3409,192,63
475,732,3410,1004,3410,192,63
475,732,3411,1004,3411,192,63
475,732,3412,1004,3412,192,63
474,732,3413,1004,3413,192,63
474,732,3414,1004,3414,192,63
473,732,3415,1004,3415,192,62
473,732,3416,1004,3416,192,62
473,732,3417,1004,3417,192,62
474,732,3418,1004,3418,192,62
474,732,3419,1004,3419,192,62
474,732,3420,1004,3420,192,62
474,732,3421,1004,3421,192,62
474,732,3422,1004,3422,192,62
474,732,3423,1004,3423,192,62
474,732,3424,1004,3424,192,62
473,732,3425,1004,3425,192,62
473,732,3426,1004,3426,192,62
473,732,3427,1004,3427,192,62
473,732,3428,1004,3428,192,62
473,732,3429,1004,3429,192,62
473,732,3430,1004,3430,192,62
473,732,3431,1004,3431,192,62
474,732,3432,1004,3432,192,62
474,732,3433,1004,3433,192,62
474,732,3434,1004,3434,192,62
475,732,3435,1004,3435,192,62
475,732,3436,1004,3436,192,62
474,732,3437,1004,3437,192,62
474,732,3438,1004,3438,192,62
472,732,3439,1004,3439,192,62
471,732,3440,1004,3440,192,62
471,732,3441,1004,3441,192,62
471,732,3442,1004,3442,192,62
470,732,3443,1004,3443,192,62
470,732,3444,1004,3444,192,62
470,732,3445,1004,3445,192,62
470,732,3446,1004,3446,192,62
471,732,3447,1004,3447,192,62
471,732,3448,1004,3448,192,62
472,732,3449,1004,3449,192,62
471,732,3450,1004,3450,192,62
472,732,3451,1004,3451,192,62
472,732,3452,1004,3452,192,62
472,732,3453,1004,3453,192,62
472,732,3454,1004,3454,192,62
472,732,3455,1004,3455,192,62
472,732,3456,1004,3456,192,62
472,732,3457,1004,3457,192,62
472,732,3458,1004,3458,192,62
472,732,3459,1004,3459,192,62
472,732,3460,1004,3460,192,62
472,732,3461,1004,3461,192,62
472,732,3462,1004,3462,192,62
472,732,3463,1004,3463,192,62
472,732,3464,1004,3464,192,62
472,732,3465,1004,3465,192,62
472,732,3466,1004,3466,192,62
472,732,3467,1004,3467,192,62
472,732,3468,1004,3468,192,62
473,732,3469,1004,3469,192,62
474,732,3470,1004,3470,192,62
474,732,3471,1004,3471,192,62
474,732,3472,1004,3472,192,62
474,732,3473,1004,3473,192,62
474,732,3474,1004,3474,192,62
474,732,3475,1004,3475,192,62
474,732,3476,1004,3476,192,62
473,732,3477,1004,3477,192,62
473,732,3478,1004,3478,192,62
472,732,3479,1004,3479,192,62
472,732,3480,1004,3480,192,62
472,732,3481,1004,3481,192,62
472,732,3482,1004,3482,192,62
471,732,3483,1004,3483,192,62
471,732,3484,1004,3484,192,62
471,732,3485,1004,3485,192,62
471,732,3486,1004,3486,192,62
469,732,3487,1004,3487,192,62
469,732,3488,1004,3488,192,62
469,732,3489,1004,3489,192,62
469,732,3490,1004,3490,192,62
470,732,3491,1004,3491,192,62
470,732,3492,1004,3492,192,62
470,732,3493,1004,3493,192,62
470,732,3494,1004,3494,192,62
470,732,3495,1004,3495,192,62
470,732,3496,1004,3496,192,62
470,732,3497,1004,3497,192,62
470,732,3498,1004,3498,192,62
470,732,3499,1004,3499,192,62
470,732,3500,1004,3500,192,62
470,732,3501,1004,3501,192,62
470,732,3502,1004,3502,192,62
470,732,3503,1004,3503,192,62
469,732,3504,1004,3504,192,62
470,732,3505,1004,3505,192,62
470,732,3506,1004,3506,192,62
470,732,3507,1004,3507,192,62
470,732,3508,1004,3508,192,62
470,732,3509,1004,3509,192,62
470,732,3510,1004,3510,192,62
470,732,3511,1004,3511,192,62
470,732,3512,1004,3512,192,62
470,732,3513,1004,3513,192,62
470,732,3514,1004,3514,192,62
470,732,3515,1004,3515,192,62
470,732,3516,1004,3516,192,62
468,732,3517,1004,3517,192,60
468,732,3518,1004,3518,192,60
467,732,3519,1004,3519,192,60
466,732,3520,1004,3520,192,60
465,732,3521,1004,3521,192,60
465,732,3522,1004,3522,192,60
465,732,3523,1004,3523,192,60
465,732,3524,1004,3524,192,60
465,732,3525,1004,3525,192,60
465,732,3526,1004,3526,192,60
465,732,3527,1004,3527,192,60
464,732,3528,1004,3528,192,60
464,732,3529,1004,3529,192,60
464,732,3530,1004,3530,192,60
464,732,3531,1004,3531,192,60
464,732,3532,1004,3532,192,60
464,732,3533,1004,3533,192,60
465,732,3534,1004,3534,192,60
465,732,3535,1004,3535,192,60
465,732,3536,1004,3536,192,60
465,732,3537,1004,3537,192,60
464,732,3538,1004,3538,192,60
464,732,3539,1004,3539,192,60
464,732,3540,1004,3540,192,60
464,732,3541,1004,3541,192,60
464,732,3542,1004,3542,192,60
465,732,3543,1004,3543,192,60
464,732,3544,1004,3544,192,60
463,732,3545,1004,3545,192,60
464,732,3546,1004,3546,192,60
463,732,3547,1004,3547,192,60
463,732,3548,1004,3548,192,60
463,732,3549,1004,3549,192,60
463,732,3550,1004,3550,192,60
463,732,3551,1004,3551,192,60
463,732,3552,1004,3552,192,60
463,732,3553,1004,3553,192,60
464,732,3554,1004,3554,192,60
464,732,3555,1004,3555,192,60
464,732,3556,1004,3556,192,60
465,732,3557,1004,3557,192,60
466,732,3558,1004,3558,192,60
466,732,3559,1004,3559,192,60
465,732,3560,1004,3560,192,59
464,732,3561,1004,3561,192,59
464,732,3562,1004,3562,192,59
464,732,3563,1004,3563,192,59
464,732,3564,1004,3564,192,59
464,732,3565,1004,3565,192,59
464,732,3566,1004,3566,192,59
464,732,3567,1004,3567,192,59
465,732,3568,1004,3568,192,59
466,732,3569,1004,3569,192,59
466,732,3570,1004,3570,192,59
466,732,3571,1004,3571,192,59
466,732,3572,1004,3572,192,59
466,732,3573,1004,3573,192,59
466,732,3574,1004,3574,192,59
466,732,3575,1004,3575,192,59
466,732,3576,1004,3576,192,59
466,732,3577,1004,3577,192,59
467,732,3578,1004,3578,192,59
467,732,3579,1004,3579,192,59
467,732,3580,1004,3580,192,59
467,732,3581,1004,3581,192,59
467,732,3582,1004,3582,192,59
466,732,3583,1004,3583,192,59
466,732,3584,1004,3584,192,59
466,732,3585,1004,3585,192,59
466,732,3586,1004,3586,192,59
466,732,3587,1004,3587,192,59
466,732,3588,1004,3588,192,59
466,732,3589,1004,3589,192,59
466,732,3590,1004,3590,192,59
466,732,3591,1004,3591,192,59
465,732,3592,1004,3592,192,59
465,732,3593,1004,3593,192,59
465,732,3594,1004,3594,192,59
465,732,3595,1004,3595,192,59
465,732,3596,1004,3596,192,59
466,732,3597,1004,3597,192,59
466,732,3598,1004,3598,192,59
466,732,3599,1004,3599,192,59
466,732,3600,1004,3600,192,59
466,732,3601,1004,3601,192,59
466,732,3602,1004,3602,192,59
466,732,3603,1004,3603,192,59
466,732,3604,1004,3604,192,59
463,732,3605,1004,3605,192,57
463,732,3606,1004,3606,192,57
463,732,3607,1004,3607,192,57
463,732,3608,1004,3608,192,57
463,732,3609,1004,3609,192,57
463,732,3610,1004,3610,192,57
463,732,3611,1004,3611,192,57
463,732,3612,1004,3612,192,57
463,732,3613,1004,3613,192,57
463,732,3614,1004,3614,192,57
463,732,3615,1004,3615,192,57
463,732,3616,1004,3616,192,57
463,732,3617,1004,3617,192,57
463,732,3618,1004,3618,192,57
463,732,3619,1004,3619,192,57
464,732,3620,1004,3620,192,57
464,732,3621,1004,3621,192,57
464,732,3622,1004,3622,192,57
464,732,3623,1004,3623,192,57
464,732,3624,1004,3624,192,57
464,732,3625,1004,3625,192,57
464,732,3626,1004,3626,192,57
464,732,3627,1004,3627,192,57
464,732,3628,1004,3628,192,57
464,732,3629,1004,3629,192,57
464,732,3630,1004,3630,192,57
464,732,3631,1004,3631,192,57
464,732,3632,1004,3632,192,57
464,732,3633,1004,3633,192,57
464,732,3634,1004,3634,192,57
463,732,3635,1004,3635,192,57
462,732,3636,1004,3636,192,57
462,732,3637,1004,3637,192,57
462,732,3638,1004,3638,192,57
462,732,3639,1004,3639,192,57
462,732,3640,1004,3640,192,57
461,732,3641,1004,3641,192,57
461,732,3642,1004,3642,192,57
461,732,3643,1004,3643,192,57
461,732,3644,1004,3644,192,57
462,732,3645,1004,3645,192,57
462,732,3646,1004,3646,192,57
462,732,3647,1004,3647,192,57
462,732,3648,1004,3648,192,57
462,732,3649,1004,3649,192,57
461,732,3650,1004,3650,192,57
461,732,3651,1004,3651,192,57
461,732,3652,1004,3652,192,57
462,732,3653,1004,3653,192,57
461,732,3654,1004,3654,192,57
461,732,3655,1004,3655,192,57
462,732,3656,1004,3656,192,57
460,732,3657,1004,3657,192,57
460,732,3658,1004,3658,192,57
460,732,3659,1004,3659,192,57
460,732,3660,1004,3660,192,57
460,732,3661,1004,3661,192,57
460,732,3662,1004,3662,192,57
460,732,3663,1004,3663,192,57
460,732,3664,1004,3664,192,57
460,732,3665,1004,3665,192,57
460,732,3666,1004,3666,192,57
460,732,3667,1004,3667,192,57
458,732,3668,1004,3668,192,57
458,732,3669,1004,3669,192,57
458,732,3670,1004,3670,192,57
458,732,3671,1004,3671,192,57
458,732,3672,1004,3672,192,57
458,732,3673,1004,3673,192,57
457,732,3674,1004,3674,192,57
457,732,3675,1004,3675,192,57
457,732,3676,1004,3676,192,57
456,732,3677,1004,3677,192,57
456,732,3678,1004,3678,192,57
456,732,3679,1004,3679,192,57
457,732,3680,1004,3680,192,57
457,732,3681,1004,3681,192,57
457,732,3682,1004,3682,192,57
456,732,3683,1004,3683,192,57
456,732,3684,1004,3684,192,57
456,732,3685,1004,3685,192,57
456,732,3686,1004,3686,192,57
456,732,3687,1004,3687,192,57
456,732,3688,1004,3688,192,57
456,732,3689,1004,3689,192,57
456,732,3690,1004,3690,192,57
456,732,3691,1004,3691,192,57
456,732,3692,1004,3692,192,57
456,732,3693,1004,3693,192,57
456,732,3694,1004,3694,192,57
456,732,3695,1004,3695,192,57
456,732,3696,1004,3696,192,57
456,732,3697,1004,3697,192,57
456,732,3698,1004,3698,192,57
456,732,3699,1004,3699,192,57
456,732,3700,1004,3700,192,57
456,732,3701,1004,3701,192,57
456,732,3702,1004,3702,192,57
455,732,3703,1004,3703,192,57
455,732,3704,1004,3704,192,57
455,732,3705,1004,3705,192,57
455,732,3706,1004,3706,192,57
455,732,3707,1004,3707,192,57
455,732,3708,1004,3708,192,57
455,732,3709,1004,3709,192,57
455,732,3710,1004,3710,192,57
455,732,3711,1004,3711,192,57
456,732,3712,1004,3712,192,57
456,732,3713,1004,3713,192,57
456,732,3714,1004,3714,192,57
457,732,3715,1004,3715,192,57
457,732,3716,1004,3716,192,57
457,732,3717,1004,3717,192,57
457,732,3718,1004,3718,192,57
457,732,3719,1004,3719,192,57
458,732,3720,1004,3720,192,57
458,732,3721,1004,3721,192,57
458,732,3722,1004,3722,192,57
457,732,3723,1004,3723,192,57
457,732,3724,1004,3724,192,57
457,732,3725,1004,3725,192,57
458,732,3726,1004,3726,192,57
459,732,3727,1004,3727,192,57
460,732,3728,1004,3728,192,57
459,732,3729,1004,3729,192,57
459,732,3730,1004,3730,192,57
459,732,3731,1004,3731,192,57
458,732,3732,1004,3732,192,57
457,732,3733,1004,3733,192,57
457,732,3734,1004,3734,192,57
457,732,3735,1004,3735,192,57
457,732,3736,1004,3736,192,57
457,732,3737,1004,3737,192,57
458,732,3738,1004,3738,192,57
458,732,3739,1004,3739,192,57
458,732,3740,1004,3740,192,57
458,732,3741,1004,3741,192,57
457,732,3742,1004,3742,192,57
457,732,3743,1004,3743,192,57
457,732,3744,1004,3744,192,57
458,732,3745,1004,3745,192,57
459,732,3746,1004,3746,192,57
459,732,3747,1004,3747,192,57
460,732,3748,1004,3748,192,57
460,732,3749,1004,3749,192,57
460,732,3750,1004,3750,192,57
460,732,3751,1004,3751,192,57
460,732,3752,1004,3752,192,57
461,732,3753,1004,3753,192,57
461,732,3754,1004,3754,192,57
461,732,3755,1004,3755,192,57
461,732,3756,1004,3756,192,57
462,732,3757,1004,3757,192,57
462,732,3758,1004,3758,192,57
462,732,3759,1004,3759,192,57
462,732,3760,1004,3760,192,57
462,732,3761,1004,3761,192,57
461,732,3762,1004,3762,192,57
460,732,3763,1004,3763,192,57
461,732,3764,1004,3764,192,57
462,732,3765,1004,3765,192,57
462,732,3766,1004,3766,192,57
462,732,3767,1004,3767,192,57
462,732,3768,1004,3768,192,57
462,732,3769,1004,3769,192,57
461,732,3770,1004,3770,192,57
460,732,3771,1004,3771,192,57
460,732,3772,1004,3772,192,57
459,732,3773,1004,3773,192,56
459,732,3774,1004,3774,192,56
459,732,3775,1004,3775,192,56
459,732,3776,1004,3776,192,56
459,732,3777,1004,3777,192,56
458,732,3778,1004,3778,192,56
458,732,3779,1004,3779,192,56
458,732,3780,1004,3780,192,56
458,732,3781,1004,3781,192,56
459,732,3782,1004,3782,192,56
458,732,3783,1004,3783,192,56
458,732,3784,1004,3784,192,56
458,732,3785,1004,3785,192,56
458,732,3786,1004,3786,192,56
458,732,3787,1004,3787,192,56
458,732,3788,1004,3788,192,56
458,732,3789,1004,3789,192,56
457,732,3790,1004,3790,192,56
457,732,3791,1004,3791,192,56
457,732,3792,1004,3792,192,56
456,732,3793,1004,3793,192,56
456,732,3794,1004,3794,192,56
456,732,3795,1004,3795,192,56
455,732,3796,1004,3796,192,56
455,732,3797,1004,3797,192,56
455,732,3798,1004,3798,192,56
455,732,3799,1004,3799,192,56
455,732,3800,1004,3800,192,56
456,732,3801,1004,3801,192,56
456,732,3802,1004,3802,192,56
456,732,3803,1004,3803,192,56
456,732,3804,1004,3804,192,56
456,732,3805,1004,3805,192,56
456,732,3806,1004,3806,192,56
456,732,3807,1004,3807,192,56
455,732,3808,1004,3808,192,55
455,732,3809,1004,3809,192,55
455,732,3810,1004,3810,192,55
455,732,3811,1004,3811,192,55
455,732,3812,1004,3812,192,55
454,732,3813,1004,3813,192,55
454,732,3814,1004,3814,192,55
454,732,3815,1004,3815,192,55
454,732,3816,1004,3816,192,55
455,732,3817,1004,3817,192,55
455,732,3818,1004,3818,192,55
455,732,3819,1004,3819,192,55
453,732,3820,1004,3820,192,55
453,732,3821,1004,3821,192,55
453,732,3822,1004,3822,192,55
453,732,3823,1004,3823,192,55
453,732,3824,1004,3824,192,55
452,732,3825,1004,3825,192,55
452,732,3826,1004,3826,192,55
452,732,3827,1004,3827,192,55
452,732,3828,1004,3828,192,55
452,732,3829,1004,3829,192,55
452,732,3830,1004,3830,192,55
452,732,3831,1004,3831,192,55
451,732,3832,1004,3832,192,55
451,732,3833,1004,3833,192,55
451,732,3834,1004,3834,192,55
451,732,3835,1004,3835,192,55
451,732,3836,1004,3836,192,55
452,732,3837,1004,3837,192,55
452,732,3838,1004,3838,192,55
452,732,3839,1004,3839,192,55
451,732,3840,1004,3840,192,55
451,732,3841,1004,3841,192,55
451,732,3842,1004,3842,192,55
451,732,3843,1004,3843,192,55
451,732,3844,1004,3844,192,55
451,732,3845,1004,3845,192,55
450,732,3846,1004,3846,192,55
449,732,3847,1004,3847,192,55
449,732,3848,1004,3848,192,55
449,732,3849,1004,3849,192,55
450,732,3850,1004,3850,192,55
450,732,3851,1004,3851,192,55
450,732,3852,1004,3852,192,55
450,732,3853,1004,3853,192,55
450,732,3854,1004,3854,192,55
450,732,3855,1004,3855,192,55
450,732,3856,1004,3856,192,55
450,732,3857,1004,3857,192,55
450,732,3858,1004,3858,192,55
450,732,3859,1004,3859,192,55
450,732,3860,1004,3860,192,55
450,732,3861,1004,3861,192,55
450,732,3862,1004,3862,192,55
449,732,3863,1004,3863,192,55
448,732,3864,1004,3864,192,54
447,732,3865,1004,3865,192,54
447,732,3866,1004,3866,192,54
447,732,3867,1004,3867,192,54
447,732,3868,1004,3868,192,54
447,732,3869,1004,3869,192,54
447,732,3870,1004,3870,192,54
447,732,3871,1004,3871,192,54
447,732,3872,1004,3872,192,54
447,732,3873,1004,3873,192,54
447,732,3874,1004,3874,192,54
447,732,3875,1004,3875,192,54
447,732,3876,1004,3876,192,54
447,732,3877,1004,3877,192,54
447,732,3878,1004,3878,192,54
447,732,3879,1004,3879,192,54
447,732,3880,1004,3880,192,54
446,732,3881,1004,3881,192,54
446,732,3882,1004,3882,192,54
446,732,3883,1004,3883,192,54
446,732,3884,1004,3884,192,54
446,732,3885,1004,3885,192,54
446,732,3886,1004,3886,192,54
447,732,3887,1004,3887,192,54
447,732,3888,1004,3888,192,54
447,732,3889,1004,3889,192,54
447,732,3890,1004,3890,192,54
447,732,3891,1004,3891,192,54
447,732,3892,1004,3892,192,54
447,732,3893,1004,3893,192,54
447,732,3894,1004,3894,192,54
447,732,3895,1004,3895,192,54
447,732,3896,1004,3896,192,54
447,732,3897,1004,3897,192,54
447,732,3898,1004,3898,192,54
448,732,3899,1004,3899,192,54
448,732,3900,1004,3900,192,54
447,732,3901,1004,3901,192,53
447,732,3902,1004,3902,192,53
447,732,3903,1004,3903,192,53
446,732,3904,1004,3904,192,53
446,732,3905,1004,3905,192,53
446,732,3906,1004,3906,192,53
446,732,3907,1004,3907,192,53
445,732,3908,1004,3908,192,53
445,732,3909,1004,3909,192,53
445,732,3910,1004,3910,192,53
445,732,3911,1004,3911,192,53
444,732,3912,1004,3912,192,53
444,732,3913,1004,3913,192,53
444,732,3914,1004,3914,192,53
444,732,3915,1004,3915,192,53
444,732,3916,1004,3916,192,53
444,732,3917,1004,3917,192,53
443,732,3918,1004,3918,192,53
443,732,3919,1004,3919,192,53
444,732,3920,1004,3920,192,53
444,732,3921,1004,3921,192,53
444,732,3922,1004,3922,192,53
444,732,3923,1004,3923,192,53
444,732,3924,1004,3924,192,53
444,732,3925,1004,3925,192,53
444,732,3926,1004,3926,192,53
444,732,3927,1004,3927,192,53
443,732,3928,1004,3928,192,53
443,732,3929,1004,3929,192,53
443,732,3930,1004,3930,192,53
443,732,3931,1004,3931,192,53
444,732,3932,1004,3932,192,53
444,732,3933,1004,3933,192,53
444,732,3934,1004,3934,192,53
444,732,3935,1004,3935,192,53
444,732,3936,1004,3936,192,53
444,732,3937,1004,3937,192,53
443,732,3938,1004,3938,192,53
443,732,3939,1004,3939,192,53
443,732,3940,1004,3940,192,53
443,732,3941,1004,3941,192,53
442,732,3942,1004,3942,192,53
442,732,3943,1004,3943,192,53
442,732,3944,1004,3944,192,53
442,732,3945,1004,3945,192,53
441,732,3946,1004,3946,192,53
441,732,3947,1004,3947,192,53
441,732,3948,1004,3948,192,53
441,732,3949,1004,3949,192,53
441,732,3950,1004,3950,192,53
441,732,3951,1004,3951,192,53
441,732,3952,1004,3952,192,53
441,732,3953,1004,3953,192,53
441,732,3954,1004,3954,192,53
441,732,3955,1004,3955,192,53
441,732,3956,1004,3956,192,53
441,732,3957,1004,3957,192,53
442,732,3958,1004,3958,192,53
442,732,3959,1004,3959,192,53
442,732,3960,1004,3960,192,53
442,732,3961,1004,3961,192,53
442,732,3962,1004,3962,192,53
442,732,3963,1004,3963,192,53
442,732,3964,1004,3964,192,53
442,732,3965,1004,3965,192,53
442,732,3966,1004,3966,192,53
442,732,3967,1004,3967,192,53
442,732,3968,1004,3968,192,53
442,732,3969,1004,3969,192,53
442,732,3970,1004,3970,192,53
440,732,3971,1004,3971,192,53
440,732,3972,1004,3972,192,53
440,732,3973,1004,3973,192,53
440,732,3974,1004,3974,192,53
440,732,3975,1004,3975,192,53
440,732,3976,1004,3976,192,53
440,732,3977,1004,3977,192,53
440,732,3978,1004,3978,192,53
440,732,3979,1004,3979,192,53
440,732,3980,1004,3980,192,53
440,732,3981,1004,3981,192,53
440,732,3982,1004,3982,192,53
440,732,3983,1004,3983,192,53
440,732,3984,1004,3984,192,53
440,732,3985,1004,3985,192,53
440,732,3986,1004,3986,192,53
440,732,3987,1004,3987,192,53
440,732,3988,1004,3988,192,53
440,732,3989,1004,3989,192,53
441,732,3990,1004,3990,192,53
441,732,3991,1004,3991,192,53
441,732,3992,1004,3992,192,53
441,732,3993,1004,3993,192,53
441,732,3994,1004,3994,192,53
441,732,3995,1004,3995,192,53
440,732,3996,1004,3996,192,52
440,732,3997,1004,3997,192,52
440,732,3998,1004,3998,192,52
440,732,3999,1004,3999,192,52
440,732,4000,1004,4000,192,52
440,732,4001,1004,4001,192,52
441,732,4002,1004,4002,192,52
441,732,4003,1004,4003,192,52
441,732,4004,1004,4004,192,52
439,732,4005,1004,4005,192,52
439,732,4006,1004,4006,192,52
438,732,4007,1004,4007,192,52
437,732,4008,1004,4008,192,52
437,732,4009,1004,4009,192,52
437,732,4010,1004,4010,192,52
437,732,4011,1004,4011,192,52
437,732,4012,1004,4012,192,52
437,732,4013,1004,4013,192,52
437,732,4014,1004,4014,192,52
437,732,4015,1004,4015,192,52
438,732,4016,1004,4016,192,52
438,732,4017,1004,4017,192,52
438,732,4018,1004,4018,192,52
438,732,4019,1004,4019,192,52
438,732,4020,1004,4020,192,52
438,732,4021,1004,4021,192,52
438,732,4022,1004,4022,192,52
438,732,4023,1004,4023,192,52
438,732,4024,1004,4024,192,52
438,732,4025,1004,4025,192,52
438,732,4026,1004,4026,192,52
438,732,4027,1004,4027,192,52
438,732,4028,1004,4028,192,52
438,732,4029,1004,4029,192,52
438,732,4030,1004,4030,192,52
438,732,4031,1004,4031,192,52
438,732,4032,1004,4032,192,52
438,732,4033,1004,4033,192,52
438,732,4034,1004,4034,192,52
437,732,4035,1004,4035,192,52
437,732,4036,1004,4036,192,52
437,732,4037,1004,4037,192,52
437,732,4038,1004,4038,192,52
438,732,4039,1004,4039,192,52
438,732,4040,1004,4040,192,52
437,732,4041,1004,4041,192,52
437,732,4042,1004,4042,192,52
437,732,4043,1004,4043,192,52
437,732,4044,1004,4044,192,52
437,732,4045,1004,4045,192,52
437,732,4046,1004,4046,192,52
437,732,4047,1004,4047,192,52
438,732,4048,1004,4048,192,52
438,732,4049,1004,4049,192,52
438,732,4050,1004,4050,192,52
438,732,4051,1004,4051,192,52
438,732,4052,1004,4052,192,52
438,732,4053,1004,4053,192,52
438,732,4054,1004,4054,192,52
438,732,4055,1004,4055,192,52
438,732,4056,1004,4056,192,52
438,732,4057,1004,4057,192,52
438,732,4058,1004,4058,192,52
438,732,4059,1004,4059,192,52
438,732,4060,1004,4060,192,52
438,732,4061,1004,4061,192,52
438,732,4062,1004,4062,192,52
438,732,4063,1004,4063,192,52
438,732,4064,1004,4064,192,52
438,732,4065,1004,4065,192,52
439,732,4066,1004,4066,192,52
439,732,4067,1004,4067,192,52
439,732,4068,1004,4068,192,52
439,732,4069,1004,4069,192,52
439,732,4070,1004,4070,192,52
439,732,4071,1004,4071,192,52
439,732,4072,1004,4072,192,52
439,732,4073,1004,4073,192,52
439,732,4074,1004,4074,192,52
439,732,4075,1004,4075,192,52
439,732,4076,1004,4076,192,52
439,732,4077,1004,4077,192,52
439,732,4078,1004,4078,192,52
439,732,4079,1004,4079,192,52
438,732,4080,1004,4080,192,52
438,732,4081,1004,4081,192,52
438,732,4082,1004,4082,192,52
438,732,4083,1004,4083,192,52
437,732,4084,1004,4084,192,52
437,732,4085,1004,4085,192,52
437,732,4086,1004,4086,192,52
437,732,4087,1004,4087,192,52
437,732,4088,1004,4088,192,52
437,732,4089,1004,4089,192,52
436,732,4090,1004,4090,192,52
436,732,4091,1004,4091,192,52
436,732,4092,1004,4092,192,52
436,732,4093,1004,4093,192,52
436,732,4094,1004,4094,192,52
436,732,4095,1004,4095,192,52
436,732,4096,1004,4096,192,52
437,732,4097,1004,4097,192,52
437,732,4098,1004,4098,192,52
437,732,4099,1004,4099,192,52
437,732,4100,1004,4100,192,52
437,732,4101,1004,4101,192,52
437,732,4102,1004,4102,192,52
437,732,4103,1004,4103,192,52
437,732,4104,1004,4104,192,52
437,732,4105,1004,4105,192,52
437,732,4106,1004,4106,192,52
437,732,4107,1004,4107,192,52
437,732,4108,1004,4108,192,52
437,732,4109,1004,4109,192,52
437,732,4110,1004,4110,192,52
438,732,4111,1004,4111,192,52
438,732,4112,1004,4112,192,52
438,732,4113,1004,4113,192,52
438,732,4114,1004,4114,192,52
439,732,4115,1004,4115,192,52
439,732,4116,1004,4116,192,52
439,732,4117,1004,4117,192,52
439,732,4118,1004,4118,192,52
439,732,4119,1004,4119,192,52
439,732,4120,1004,4120,192,52
439,732,4121,1004,4121,192,52
438,732,4122,1004,4122,192,52
438,732,4123,1004,4123,192,52
438,732,4124,1004,4124,192,52
438,732,4125,1004,4125,192,52
438,732,4126,1004,4126,192,52
437,732,4127,1004,4127,192,52
437,732,4128,1004,4128,192,52
437,732,4129,1004,4129,192,52
438,732,4130,1004,4130,192,52
438,732,4131,1004,4131,192,52
438,732,4132,1004,4132,192,52
437,732,4133,1004,4133,192,52
437,732,4134,1004,4134,192,52
437,732,4135,1004,4135,192,52
437,732,4136,1004,4136,192,52
437,732,4137,1004,4137,192,52
437,732,4138,1004,4138,192,52
437,732,4139,1004,4139,192,52
437,732,4140,1004,4140,192,52
437,732,4141,1004,4141,192,52
437,732,4142,1004,4142,192,52
437,732,4143,1004,4143,192,52
438,732,4144,1004,4144,192,52
439,732,4145,1004,4145,192,52
439,732,4146,1004,4146,192,52
440,732,4147,1004,4147,192,52
440,732,4148,1004,4148,192,52
440,732,4149,1004,4149,192,52
440,732,4150,1004,4150,192,52
440,732,4151,1004,4151,192,52
440,732,4152,1004,4152,192,52
440,732,4153,1004,4153,192,52
440,732,4154,1004,4154,192,52
440,732,4155,1004,4155,192,52
441,732,4156,1004,4156,192,52
441,732,4157,1004,4157,192,52
441,732,4158,1004,4158,192,52
441,732,4159,1004,4159,192,52
441,732,4160,1004,4160,192,52
441,732,4161,1004,4161,192,52
441,732,4162,1004,4162,192,52
441,732,4163,1004,4163,192,52
441,732,4164,1004,4164,192,52
441,732,4165,1004,4165,192,52
441,732,4166,1004,4166,192,52
441,732,4167,1004,4167,192,52
441,732,4168,1004,4168,192,52
441,732,4169,1004,4169,192,52
441,732,4170,1004,4170,192,52
441,732,4171,1004,4171,192,52
441,732,4172,1004,4172,192,52
442,732,4173,1004,4173,192,52
441,732,4174,1004,4174,192,51
442,732,4175,1004,4175,192,51
442,732,4176,1004,4176,192,51
442,732,4177,1004,4177,192,51
442,732,4178,1004,4178,192,51
443,732,4179,1004,4179,192,51
443,732,4180,1004,4180,192,51
443,732,4181,1004,4181,192,51
443,732,4182,1004,4182,192,51
443,732,4183,1004,4183,192,51
443,732,4184,1004,4184,192,51
443,732,4185,1004,4185,192,51
443,732,4186,1004,4186,192,51
443,732,4187,1004,4187,192,51
443,732,4188,1004,4188,192,51
443,732,4189,1004,4189,192,51
443,732,4190,1004,4190,192,51
443,732,4191,1004,4191,192,51
443,732,4192,1004,4192,192,51
443,732,4193,1004,4193,192,51
444,732,4194,1004,4194,192,51
444,732,4195,1004,4195,192,51
444,732,4196,1004,4196,192,51
444,732,4197,1004,4197,192,51
443,732,4198,1004,4198,192,51
443,732,4199,1004,4199,192,51
443,732,4200,1004,4200,192,51
443,732,4201,1004,4201,192,51
443,732,4202,1004,4202,192,51
443,732,4203,1004,4203,192,51
443,732,4204,1004,4204,192,51
443,732,4205,1004,4205,192,51
443,732,4206,1004,4206,192,51
442,732,4207,1004,4207,192,51
442,732,4208,1004,4208,192,51
441,732,4209,1004,4209,192,51
441,732,4210,1004,4210,192,51
441,732,4211,1004,4211,192,51
441,732,4212,1004,4212,192,51
441,732,4213,1004,4213,192,51
441,732,4214,1004,4214,192,51
441,732,4215,1004,4215,192,51
441,732,4216,1004,4216,192,51
441,732,4217,1004,4217,192,51
441,732,4218,1004,4218,192,51
441,732,4219,1004,4219,192,51
441,732,4220,1004,4220,192,51
441,732,4221,1004,4221,192,51
441,732,4222,1004,4222,192,51
441,732,4223,1004,4223,192,51
441,732,4224,1004,4224,192,51
441,732,4225,1004,4225,192,51
441,732,4226,1004,4226,192,51
441,732,4227,1004,4227,192,51
441,732,4228,1004,4228,192,51
441,732,4229,1004,4229,192,51
441,732,4230,1004,4230,192,51
441,732,4231,1004,4231,192,51
441,732,4232,1004,4232,192,51
441,732,4233,1004,4233,192,51
441,732,4234,1004,4234,192,51
441,732,4235,1004,4235,192,51
441,732,4236,1004,4236,192,51
441,732,4237,1004,4237,192,51
441,732,4238,1004,4238,192,51
441,732,4239,1004,4239,192,51
441,732,4240,1004,4240,192,51
441,732,4241,1004,4241,192,51
442,732,4242,1004,4242,192,51
442,732,4243,1004,4243,192,51
441,732,4244,1004,4244,192,51
441,732,4245,1004,4245,192,51
442,732,4246,1004,4246,192,51
442,732,4247,1004,4247,192,51
442,732,4248,1004,4248,192,51
442,732,4249,1004,4249,192,51
442,732,4250,1004,4250,192,51
442,732,4251,1004,4251,192,51
441,732,4252,1004,4252,192,51
441,732,4253,1004,4253,192,51
441,732,4254,1004,4254,192,51
441,732,4255,1004,4255,192,51
441,732,4256,1004,4256,192,51
440,732,4257,1004,4257,192,50
440,732,4258,1004,4258,192,50
440,732,4259,1004,4259,192,50
441,732,4260,1004,4260,192,50
441,732,4261,1004,4261,192,50
441,732,4262,1004,4262,192,50
441,732,4263,1004,4263,192,50
441,732,4264,1004,4264,192,50
441,732,4265,1004,4265,192,50
441,732,4266,1004,4266,192,50
441,732,4267,1004,4267,192,50
441,732,4268,1004,4268,192,50
441,732,4269,1004,4269,192,50
441,732,4270,1004,4270,192,50
441,732,4271,1004,4271,192,50
441,732,4272,1004,4272,192,50
440,732,4273,1004,4273,192,50
440,732,4274,1004,4274,192,50
440,732,4275,1004,4275,192,50
440,732,4276,1004,4276,192,50
440,732,4277,1004,4277,192,50
440,732,4278,1004,4278,192,50
440,732,4279,1004,4279,192,50
441,732,4280,1004,4280,192,50
441,732,4281,1004,4281,192,50
441,732,4282,1004,4282,192,50
441,732,4283,1004,4283,192,50
442,732,4284,1004,4284,192,50
442,732,4285,1004,4285,192,50
442,732,4286,1004,4286,192,50
442,732,4287,1004,4287,192,50
442,732,4288,1004,4288,192,50
442,732,4289,1004,4289,192,50
442,732,4290,1004,4290,192,50
442,732,4291,1004,4291,192,50
442,732,4292,1004,4292,192,50
442,732,4293,1004,4293,192,50
442,732,4294,1004,4294,192,50
442,732,4295,1004,4295,192,50
443,732,4296,1004,4296,192,50
443,732,4297,1004,4297,192,50
444,732,4298,1004,4298,192,50
444,732,4299,1004,4299,192,50
444,732,4300,1004,4300,192,50
444,732,4301,1004,4301,192,50
444,732,4302,1004,4302,192,50
443,732,4303,1004,4303,192,50
441,732,4304,1004,4304,192,50
442,732,4305,1004,4305,192,50
442,732,4306,1004,4306,192,50
441,732,4307,1004,4307,192,50
441,732,4308,1004,4308,192,50
441,732,4309,1004,4309,192,50
441,732,4310,1004,4310,192,50
441,732,4311,1004,4311,192,50
441,732,4312,1004,4312,192,50
441,732,4313,1004,4313,192,50
441,732,4314,1004,4314,192,50
441,732,4315,1004,4315,192,50
441,732,4316,1004,4316,192,50
441,732,4317,1004,4317,192,50
441,732,4318,1004,4318,192,50
441,732,4319,1004,4319,192,50
441,732,4320,1004,4320,192,50
441,732,4321,1004,4321,192,50
441,732,4322,1004,4322,192,50
440,732,4323,1004,4323,192,50
440,732,4324,1004,4324,192,50
440,732,4325,1004,4325,192,50
440,732,4326,1004,4326,192,50
440,732,4327,1004,4327,192,50
440,732,4328,1004,4328,192,50
440,732,4329,1004,4329,192,50
440,732,4330,1004,4330,192,50
440,732,4331,1004,4331,192,50
440,732,4332,1004,4332,192,50
440,732,4333,1004,4333,192,50
440,732,4334,1004,4334,192,50
440,732,4335,1004,4335,192,50
439,732,4336,1004,4336,192,50
439,732,4337,1004,4337,192,50
439,732,4338,1004,4338,192,50
439,732,4339,1004,4339,192,50
440,732,4340,1004,4340,192,50
440,732,4341,1004,4341,192,50
440,732,4342,1004,4342,192,50
440,732,4343,1004,4343,192,50
440,732,4344,1004,4344,192,50
440,732,4345,1004,4345,192,50
440,732,4346,1004,4346,192,50
440,732,4347,1004,4347,192,50
440,732,4348,1004,4348,192,50
440,732,4349,1004,4349,192,50
440,732,4350,1004,4350,192,50
440,732,4351,1004,4351,192,50
440,732,4352,1004,4352,192,50
440,732,4353,1004,4353,192,50
440,732,4354,1004,4354,192,50
440,732,4355,1004,4355,192,50
440,732,4356,1004,4356,192,50
440,732,4357,1004,4357,192,50
440,732,4358,1004,4358,192,50
440,732,4359,1004,4359,192,50
440,732,4360,1004,4360,192,50
440,732,4361,1004,4361,192,50
439,732,4362,1004,4362,192,49
440,732,4363,1004,4363,192,49
440,732,4364,1004,4364,192,49
440,732,4365,1004,4365,192,49
440,732,4366,1004,4366,192,49
441,732,4367,1004,4367,192,49
441,732,4368,1004,4368,192,49
441,732,4369,1004,4369,192,49
441,732,4370,1004,4370,192,49
441,732,4371,1004,4371,192,49
441,732,4372,1004,4372,192,49
441,732,4373,1004,4373,192,49
441,732,4374,1004,4374,192,49
441,732,4375,1004,4375,192,49
441,732,4376,1004,4376,192,49
440,732,4377,1004,4377,192,49
440,732,4378,1004,4378,192,49
440,732,4379,1004,4379,192,49
441,732,4380,1004,4380,192,49
441,732,4381,1004,4381,192,49
441,732,4382,1004,4382,192,49
441,732,4383,1004,4383,192,49
441,732,4384,1004,4384,192,49
441,732,4385,1004,4385,192,49
441,732,4386,1004,4386,192,49
441,732,4387,1004,4387,192,49
441,732,4388,1004,4388,192,49
442,732,4389,1004,4389,192,49
442,732,4390,1004,4390,192,49
442,732,4391,1004,4391,192,49
442,732,4392,1004,4392,192,49
442,732,4393,1004,4393,192,49
442,732,4394,1004,4394,192,49
442,732,4395,1004,4395,192,49
442,732,4396,1004,4396,192,49
442,732,4397,1004,4397,192,49
442,732,4398,1004,4398,192,49
442,732,4399,1004,4399,192,49
442,732,4400,1004,4400,192,49
441,732,4401,1004,4401,192,49
441,732,4402,1004,4402,192,49
441,732,4403,1004,4403,192,49
441,732,4404,1004,4404,192,49
440,732,4405,1004,4405,192,49
440,732,4406,1004,4406,192,49
440,732,4407,1004,4407,192,49
440,732,4408,1004,4408,192,49
440,732,4409,1004,4409,192,49
440,732,4410,1004,4410,192,49
440,732,4411,1004,4411,192,49
440,732,4412,1004,4412,192,49
440,732,4413,1004,4413,192,49
441,732,4414,1004,4414,192,49
441,732,4415,1004,4415,192,49
441,732,4416,1004,4416,192,49
441,732,4417,1004,4417,192,49
441,732,4418,1004,4418,192,49
441,732,4419,1004,4419,192,49
441,732,4420,1004,4420,192,49
441,732,4421,1004,4421,192,49
441,732,4422,1004,4422,192,49
441,732,4423,1004,4423,192,49
440,732,4424,1004,4424,192,49
440,732,4425,1004,4425,192,49
440,732,4426,1004,4426,192,49
440,732,4427,1004,4427,192,49
441,732,4428,1004,4428,192,49
442,732,4429,1004,4429,192,49
443,732,4430,1004,4430,192,49
443,732,4431,1004,4431,192,49
443,732,4432,1004,4432,192,49
443,732,4433,1004,4433,192,49
443,732,4434,1004,4434,192,49
443,732,4435,1004,4435,192,49
443,732,4436,1004,4436,192,49
442,732,4437,1004,4437,192,49
442,732,4438,1004,4438,192,49
442,732,4439,1004,4439,192,49
442,732,4440,1004,4440,192,49
442,732,4441,1004,4441,192,49
442,732,4442,1004,4442,192,49
442,732,4443,1004,4443,192,49
442,732,4444,1004,4444,192,49
442,732,4445,1004,4445,192,49
442,732,4446,1004,4446,192,49
442,732,4447,1004,4447,192,49
442,732,4448,1004,4448,192,49
442,732,4449,1004,4449,192,49
442,732,4450,1004,4450,192,49
443,732,4451,1004,4451,192,49
443,732,4452,1004,4452,192,49
443,732,4453,1004,4453,192,49
442,732,4454,1004,4454,192,49
442,732,4455,1004,4455,192,49
442,732,4456,1004,4456,192,49
442,732,4457,1004,4457,192,49
443,732,4458,1004,4458,192,49
442,732,4459,1004,4459,192,49
442,732,4460,1004,4460,192,49
442,732,4461,1004,4461,192,49
442,732,4462,1004,4462,192,49
442,732,4463,1004,4463,192,49
442,732,4464,1004,4464,192,49
442,732,4465,1004,4465,192,49
442,732,4466,1004,4466,192,49
442,732,4467,1004,4467,192,49
442,732,4468,1004,4468,192,49
442,732,4469,1004,4469,192,49
441,732,4470,1004,4470,192,49
441,732,4471,1004,4471,192,49
441,732,4472,1004,4472,192,49
440,732,4473,1004,4473,192,49
440,732,4474,1004,4474,192,49
440,732,4475,1004,4475,192,49
440,732,4476,1004,4476,192,49
440,732,4477,1004,4477,192,49
440,732,4478,1004,4478,192,49
440,732,4479,1004,4479,192,49
440,732,4480,1004,4480,192,49
440,732,4481,1004,4481,192,49
440,732,4482,1004,4482,192,49
440,732,4483,1004,4483,192,49
439,732,4484,1004,4484,192,49
438,732,4485,1004,4485,192,49
439,732,4486,1004,4486,192,49
439,732,4487,1004,4487,192,49
439,732,4488,1004,4488,192,49
439,732,4489,1004,4489,192,49
439,732,4490,1004,4490,192,49
439,732,4491,1004,4491,192,49
439,732,4492,1004,4492,192,49
439,732,4493,1004,4493,192,49
439,732,4494,1004,4494,192,49
439,732,4495,1004,4495,192,49
439,732,4496,1004,4496,192,49
439,732,4497,1004,4497,192,49
439,732,4498,1004,4498,192,49
439,732,4499,1004,4499,192,49
438,732,4500,1004,4500,192,49
438,732,4501,1004,4501,192,49
438,732,4502,1004,4502,192,49
438,732,4503,1004,4503,192,49
439,732,4504,1004,4504,192,49
439,732,4505,1004,4505,192,49
440,732,4506,1004,4506,192,49
440,732,4507,1004,4507,192,49
440,732,4508,1004,4508,192,49
440,732,4509,1004,4509,192,49
440,732,4510,1004,4510,192,49
440,732,4511,1004,4511,192,49
440,732,4512,1004,4512,192,49
439,732,4513,1004,4513,192,49
439,732,4514,1004,4514,192,49
439,732,4515,1004,4515,192,49
439,732,4516,1004,4516,192,49
439,732,4517,1004,4517,192,49
439,732,4518,1004,4518,192,49
440,732,4519,1004,4519,192,49
439,732,4520,1004,4520,192,49
438,732,4521,1004,4521,192,49
438,732,4522,1004,4522,192,49
438,732,4523,1004,4523,192,49
438,732,4524,1004,4524,192,49
438,732,4525,1004,4525,192,49
438,732,4526,1004,4526,192,49
438,732,4527,1004,4527,192,49
438,732,4528,1004,4528,192,49
439,732,4529,1004,4529,192,49
439,732,4530,1004,4530,192,49
440,732,4531,1004,4531,192,49
440,732,4532,1004,4532,192,49
440,732,4533,1004,4533,192,49
440,732,4534,1004,4534,192,49
440,732,4535,1004,4535,192,49
440,732,4536,1004,4536,192,49
440,732,4537,1004,4537,192,49
439,732,4538,1004,4538,192,48
440,732,4539,1004,4539,192,48
440,732,4540,1004,4540,192,48
440,732,4541,1004,4541,192,48
441,732,4542,1004,4542,192,48
441,732,4543,1004,4543,192,48
441,732,4544,1004,4544,192,48
442,732,4545,1004,4545,192,48
442,732,4546,1004,4546,192,48
442,732,4547,1004,4547,192,48
442,732,4548,1004,4548,192,48
442,732,4549,1004,4549,192,48
441,732,4550,1004,4550,192,47
441,732,4551,1004,4551,192,47
441,732,4552,1004,4552,192,47
441,732,4553,1004,4553,192,47
441,732,4554,1004,4554,192,47
440,732,4555,1004,4555,192,47
440,732,4556,1004,4556,192,47
440,732,4557,1004,4557,192,47
440,732,4558,1004,4558,192,47
440,732,4559,1004,4559,192,47
440,732,4560,1004,4560,192,47
440,732,4561,1004,4561,192,47
440,732,4562,1004,4562,192,47
440,732,4563,1004,4563,192,47
440,732,4564,1004,4564,192,47
440,732,4565,1004,4565,192,47
440,732,4566,1004,4566,192,47
440,732,4567,1004,4567,192,47
440,732,4568,1004,4568,192,47
440,732,4569,1004,4569,192,47
440,732,4570,1004,4570,192,47
440,732,4571,1004,4571,192,47
440,732,4572,1004,4572,192,47
440,732,4573,1004,4573,192,47
440,732,4574,1004,4574,192,47
440,732,4575,1004,4575,192,47
440,732,4576,1004,4576,192,47
440,732,4577,1004,4577,192,47
440,732,4578,1004,4578,192,47
440,732,4579,1004,4579,192,47
440,732,4580,1004,4580,192,47
440,732,4581,1004,4581,192,47
440,732,4582,1004,4582,192,47
440,732,4583,1004,4583,192,47
440,732,4584,1004,4584,192,47
440,732,4585,1004,4585,192,47
440,732,4586,1004,4586,192,47
440,732,4587,1004,4587,192,47
440,732,4588,1004,4588,192,47
440,732,4589,1004,4589,192,47
440,732,4590,1004,4590,192,47
439,732,4591,1004,4591,192,47
440,732,4592,1004,4592,192,47
440,732,4593,1004,4593,192,47
440,732,4594,1004,4594,192,47
440,732,4595,1004,4595,192,47
440,732,4596,1004,4596,192,47
440,732,4597,1004,4597,192,47
440,732,4598,1004,4598,192,47
440,732,4599,1004,4599,192,47
439,732,4600,1004,4600,192,46
439,732,4601,1004,4601,192,46
439,732,4602,1004,4602,192,46
439,732,4603,1004,4603,192,46
439,732,4604,1004,4604,192,46
439,732,4605,1004,4605,192,46
439,732,4606,1004,4606,192,46
439,732,4607,1004,4607,192,46
439,732,4608,1004,4608,192,46
439,732,4609,1004,4609,192,46
439,732,4610,1004,4610,192,46
439,732,4611,1004,4611,192,46
439,732,4612,1004,4612,192,46
439,732,4613,1004,4613,192,46
439,732,4614,1004,4614,192,46
439,732,4615,1004,4615,192,46
439,732,4616,1004,4616,192,46
439,732,4617,1004,4617,192,46
439,732,4618,1004,4618,192,46
439,732,4619,1004,4619,192,46
439,732,4620,1004,4620,192,46
439,732,4621,1004,4621,192,46
439,732,4622,1004,4622,192,46
439,732,4623,1004,4623,192,46
439,732,4624,1004,4624,192,46
439,732,4625,1004,4625,192,46
439,732,4626,1004,4626,192,46
439,732,4627,1004,4627,192,46
439,732,4628,1004,4628,192,46
439,732,4629,1004,4629,192,46
439,732,4630,1004,4630,192,46
439,732,4631,1004,4631,192,46
439,732,4632,1004,4632,192,46
439,732,4633,1004,4633,192,46
439,732,4634,1004,4634,192,46
439,732,4635,1004,4635,192,46
439,732,4636,1004,4636,192,46
439,732,4637,1004,4637,192,46
439,732,4638,1004,4638,192,46
439,732,4639,1004,4639,192,46
439,732,4640,1004,4640,192,46
439,732,4641,1004,4641,192,46
439,732,4642,1004,4642,192,46
439,732,4643,1004,4643,192,46
438,732,4644,1004,4644,192,46
438,732,4645,1004,4645,192,46
438,732,4646,1004,4646,192,46
438,732,4647,1004,4647,192,46
437,732,4648,1004,4648,192,46
436,732,4649,1004,4649,192,46
436,732,4650,1004,4650,192,46
436,732,4651,1004,4651,192,46
435,732,4652,1004,4652,192,46
436,732,4653,1004,4653,192,46
436,732,4654,1004,4654,192,46
436,732,4655,1004,4655,192,46
436,732,4656,1004,4656,192,46
436,732,4657,1004,4657,192,46
436,732,4658,1004,4658,192,46
436,732,4659,1004,4659,192,46
436,732,4660,1004,4660,192,46
436,732,4661,1004,4661,192,46
436,732,4662,1004,4662,192,46
436,732,4663,1004,4663,192,46
436,732,4664,1004,4664,192,46
436,732,4665,1004,4665,192,46
436,732,4666,1004,4666,192,46
437,732,4667,1004,4667,192,46
437,732,4668,1004,4668,192,46
437,732,4669,1004,4669,192,46
437,732,4670,1004,4670,192,46
437,732,4671,1004,4671,192,46
436,732,4672,1004,4672,192,46
436,732,4673,1004,4673,192,46
436,732,4674,1004,4674,192,46
437,732,4675,1004,4675,192,46
437,732,4676,1004,4676,192,46
437,732,4677,1004,4677,192,46
437,732,4678,1004,4678,192,46
437,732,4679,1004,4679,192,46
437,732,4680,1004,4680,192,46
437,732,4681,1004,4681,192,46
437,732,4682,1004,4682,192,46
437,732,4683,1004,4683,192,46
437,732,4684,1004,4684,192,46
437,732,4685,1004,4685,192,46
437,732,4686,1004,4686,192,46
437,732,4687,1004,4687,192,46
437,732,4688,1004,4688,192,46
437,732,4689,1004,4689,192,46
438,732,4690,1004,4690,192,46
438,732,4691,1004,4691,192,46
438,732,4692,1004,4692,192,46
438,732,4693,1004,4693,192,46
438,732,4694,1004,4694,192,46
437,732,4695,1004,4695,192,46
437,732,4696,1004,4696,192,46
437,732,4697,1004,4697,192,46
437,732,4698,1004,4698,192,46
437,732,4699,1004,4699,192,46
437,732,4700,1004,4700,192,46
437,732,4701,1004,4701,192,46
437,732,4702,1004,4702,192,46
437,732,4703,1004,4703,192,46
437,732,4704,1004,4704,192,46
437,732,4705,1004,4705,192,46
437,732,4706,1004,4706,192,46
437,732,4707,1004,4707,192,46
436,732,4708,1004,4708,192,46
436,732,4709,1004,4709,192,46
436,732,4710,1004,4710,192,46
436,732,4711,1004,4711,192,46
436,732,4712,1004,4712,192,46
436,732,4713,1004,4713,192,46
436,732,4714,1004,4714,192,46
436,732,4715,1004,4715,192,46
436,732,4716,1004,4716,192,46
437,732,4717,1004,4717,192,46
437,732,4718,1004,4718,192,46
437,732,4719,1004,4719,192,46
438,732,4720,1004,4720,192,46
438,732,4721,1004,4721,192,46
438,732,4722,1004,4722,192,46
438,732,4723,1004,4723,192,46
438,732,4724,1004,4724,192,46
438,732,4725,1004,4725,192,46
438,732,4726,1004,4726,192,46
438,732,4727,1004,4727,192,46
438,732,4728,1004,4728,192,46
438,732,4729,1004,4729,192,46
438,732,4730,1004,4730,192,46
439,732,4731,1004,4731,192,46
437,732,4732,1004,4732,192,45
437,732,4733,1004,4733,192,45
437,732,4734,1004,4734,192,45
437,732,4735,1004,4735,192,45
437,732,4736,1004,4736,192,45
437,732,4737,1004,4737,192,45
437,732,4738,1004,4738,192,45
437,732,4739,1004,4739,192,45
437,732,4740,1004,4740,192,45
437,732,4741,1004,4741,192,45
436,732,4742,1004,4742,192,44
437,732,4743,1004,4743,192,44
437,732,4744,1004,4744,192,44
437,732,4745,1004,4745,192,44
437,732,4746,1004,4746,192,44
437,732,4747,1004,4747,192,44
436,732,4748,1004,4748,192,44
436,732,4749,1004,4749,192,44
436,732,4750,1004,4750,192,44
436,732,4751,1004,4751,192,44
436,732,4752,1004,4752,192,44
436,732,4753,1004,4753,192,44
436,732,4754,1004,4754,192,44
436,732,4755,1004,4755,192,44
436,732,4756,1004,4756,192,44
436,732,4757,1004,4757,192,44
436,732,4758,1004,4758,192,44
436,732,4759,1004,4759,192,44
436,732,4760,1004,4760,192,44
436,732,4761,1004,4761,192,44
436,732,4762,1004,4762,192,44
436,732,4763,1004,4763,192,44
436,732,4764,1004,4764,192,44
436,732,4765,1004,4765,192,44
436,732,4766,1004,4766,192,44
436,732,4767,1004,4767,192,44
436,732,4768,1004,4768,192,44
436,732,4769,1004,4769,192,44
436,732,4770,1004,4770,192,44
436,732,4771,1004,4771,192,44
436,732,4772,1004,4772,192,44
436,732,4773,1004,4773,192,44
436,732,4774,1004,4774,192,44
435,732,4775,1004,4775,192,44
433,732,4776,1004,4776,192,44
433,732,4777,1004,4777,192,44
433,732,4778,1004,4778,192,44
433,732,4779,1004,4779,192,44
433,732,4780,1004,4780,192,44
433,732,4781,1004,4781,192,44
434,732,4782,1004,4782,192,44
434,732,4783,1004,4783,192,44
434,732,4784,1004,4784,192,44
434,732,4785,1004,4785,192,44
434,732,4786,1004,4786,192,44
434,732,4787,1004,4787,192,44
433,732,4788,1004,4788,192,44
433,732,4789,1004,4789,192,44
433,732,4790,1004,4790,192,44
433,732,4791,1004,4791,192,44
433,732,4792,1004,4792,192,44
433,732,4793,1004,4793,192,44
433,732,4794,1004,4794,192,44
433,732,4795,1004,4795,192,44
433,732,4796,1004,4796,192,44
433,732,4797,1004,4797,192,44
433,732,4798,1004,4798,192,44
433,732,4799,1004,4799,192,44
433,732,4800,1004,4800,192,44
434,732,4801,1004,4801,192,44
434,732,4802,1004,4802,192,44
434,732,4803,1004,4803,192,44
434,732,4804,1004,4804,192,44
434,732,4805,1004,4805,192,44
434,732,4806,1004,4806,192,44
434,732,4807,1004,4807,192,44
434,732,4808,1004,4808,192,44
434,732,4809,1004,4809,192,44
434,732,4810,1004,4810,192,44
434,732,4811,1004,4811,192,44
434,732,4812,1004,4812,192,44
434,732,4813,1004,4813,192,44
434,732,4814,1004,4814,192,44
434,732,4815,1004,4815,192,44
433,732,4816,1004,4816,192,44
433,732,4817,1004,4817,192,44
433,732,4818,1004,4818,192,44
433,732,4819,1004,4819,192,44
433,732,4820,1004,4820,192,44
433,732,4821,1004,4821,192,44
433,732,4822,1004,4822,192,44
433,732,4823,1004,4823,192,44
433,732,4824,1004,4824,192,44
433,732,4825,1004,4825,192,44
434,732,4826,1004,4826,192,44
434,732,4827,1004,4827,192,44
434,732,4828,1004,4828,192,44
434,732,4829,1004,4829,192,44
434,732,4830,1004,4830,192,44
434,732,4831,1004,4831,192,44
434,732,4832,1004,4832,192,44
434,732,4833,1004,4833,192,44
434,732,4834,1004,4834,192,44
434,732,4835,1004,4835,192,44
434,732,4836,1004,4836,192,44
434,732,4837,1004,4837,192,44
434,732,4838,1004,4838,192,44
434,732,4839,1004,4839,192,44
434,732,4840,1004,4840,192,44
434,732,4841,1004,4841,192,44
434,732,4842,1004,4842,192,44
434,732,4843,1004,4843,192,44
434,732,4844,1004,4844,192,44
434,732,4845,1004,4845,192,44
434,732,4846,1004,4846,192,44
434,732,4847,1004,4847,192,44
434,732,4848,1004,4848,192,44
434,732,4849,1004,4849,192,44
434,732,4850,1004,4850,192,44
434,732,4851,1004,4851,192,44
434,732,4852,1004,4852,192,44
434,732,4853,1004,4853,192,44
434,732,4854,1004,4854,192,44
434,732,4855,1004,4855,192,44
434,732,4856,1004,4856,192,44
434,732,4857,1004,4857,192,44
434,732,4858,1004,4858,192,44
434,732,4859,1004,4859,192,44
434,732,4860,1004,4860,192,44
434,732,4861,1004,4861,192,44
434,732,4862,1004,4862,192,44
434,732,4863,1004,4863,192,44
434,732,4864,1004,4864,192,44
434,732,4865,1004,4865,192,44
434,732,4866,1004,4866,192,44
434,732,4867,1004,4867,192,44
434,732,4868,1004,4868,192,44
434,732,4869,1004,4869,192,44
435,732,4870,1004,4870,192,44
435,732,4871,1004,4871,192,44
434,732,4872,1004,4872,192,44
434,732,4873,1004,4873,192,44
434,732,4874,1004,4874,192,44
434,732,4875,1004,4875,192,44
434,732,4876,1004,4876,192,44
434,732,4877,1004,4877,192,44
434,732,4878,1004,4878,192,44
434,732,4879,1004,4879,192,44
434,732,4880,1004,4880,192,44
434,732,4881,1004,4881,192,44
434,732,4882,1004,4882,192,44
434,732,4883,1004,4883,192,44
434,732,4884,1004,4884,192,44
434,732,4885,1004,4885,192,44
434,732,4886,1004,4886,192,44
434,732,4887,1004,4887,192,44
434,732,4888,1004,4888,192,44
434,732,4889,1004,4889,192,44
434,732,4890,1004,4890,192,44
434,732,4891,1004,4891,192,44
433,732,4892,1004,4892,192,44
433,732,4893,1004,4893,192,44
432,732,4894,1004,4894,192,44
432,732,4895,1004,4895,192,44
432,732,4896,1004,4896,192,44
432,732,4897,1004,4897,192,44
432,732,4898,1004,4898,192,44
431,732,4899,1004,4899,192,44
431,732,4900,1004,4900,192,44
431,732,4901,1004,4901,192,44
431,732,4902,1004,4902,192,44
430,732,4903,1004,4903,192,44
430,732,4904,1004,4904,192,44
430,732,4905,1004,4905,192,44
430,732,4906,1004,4906,192,44
430,732,4907,1004,4907,192,44
430,732,4908,1004,4908,192,44
430,732,4909,1004,4909,192,44
430,732,4910,1004,4910,192,44
430,732,4911,1004,4911,192,44
430,732,4912,1004,4912,192,44
430,732,4913,1004,4913,192,44
430,732,4914,1004,4914,192,44
430,732,4915,1004,4915,192,44
430,732,4916,1004,4916,192,44
429,732,4917,1004,4917,192,44
429,732,4918,1004,4918,192,44
429,732,4919,1004,4919,192,44
429,732,4920,1004,4920,192,44
429,732,4921,1004,4921,192,44
429,732,4922,1004,4922,192,44
429,732,4923,1004,4923,192,44
429,732,4924,1004,4924,192,44
430,732,4925,1004,4925,192,44
430,732,4926,1004,4926,192,44
429,732,4927,1004,4927,192,44
429,732,4928,1004,4928,192,44
429,732,4929,1004,4929,192,44
429,732,4930,1004,4930,192,44
429,732,4931,1004,4931,192,44
429,732,4932,1004,4932,192,44
429,732,4933,1004,4933,192,44
429,732,4934,1004,4934,192,44
429,732,4935,1004,4935,192,44
429,732,4936,1004,4936,192,44
429,732,4937,1004,4937,192,44
429,732,4938,1004,4938,192,44
429,732,4939,1004,4939,192,44
429,732,4940,1004,4940,192,44
429,732,4941,1004,4941,192,44
429,732,4942,1004,4942,192,44
428,732,4943,1004,4943,192,43
428,732,4944,1004,4944,192,43
428,732,4945,1004,4945,192,43
428,732,4946,1004,4946,192,43
428,732,4947,1004,4947,192,43
428,732,4948,1004,4948,192,43
428,732,4949,1004,4949,192,43
428,732,4950,1004,4950,192,43
429,732,4951,1004,4951,192,43
429,732,4952,1004,4952,192,43
429,732,4953,1004,4953,192,43
429,732,4954,1004,4954,192,43
429,732,4955,1004,4955,192,43
429,732,4956,1004,4956,192,43
429,732,4957,1004,4957,192,43
429,732,4958,1004,4958,192,43
429,732,4959,1004,4959,192,43
429,732,4960,1004,4960,192,43
429,732,4961,1004,4961,192,43
429,732,4962,1004,4962,192,43
429,732,4963,1004,4963,192,43
429,732,4964,1004,4964,192,43
429,732,4965,1004,4965,192,43
429,732,4966,1004,4966,192,43
429,732,4967,1004,4967,192,43
429,732,4968,1004,4968,192,43
429,732,4969,1004,4969,192,43
429,732,4970,1004,4970,192,43
429,732,4971,1004,4971,192,43
429,732,4972,1004,4972,192,43
429,732,4973,1004,4973,192,43
429,732,4974,1004,4974,192,43
429,732,4975,1004,4975,192,43
429,732,4976,1004,4976,192,43
429,732,4977,1004,4977,192,43
429,732,4978,1004,4978,192,43
429,732,4979,1004,4979,192,43
429,732,4980,1004,4980,192,43
429,732,4981,1004,4981,192,43
428,732,4982,1004,4982,192,43
427,732,4983,1004,4983,192,43
427,732,4984,1004,4984,192,43
427,732,4985,1004,4985,192,43
427,732,4986,1004,4986,192,43
427,732,4987,1004,4987,192,43
427,732,4988,1004,4988,192,43
428,732,4989,1004,4989,192,43
428,732,4990,1004,4990,192,43
428,732,4991,1004,4991,192,43
428,732,4992,1004,4992,192,43
428,732,4993,1004,4993,192,43
428,732,4994,1004,4994,192,43
427,732,4995,1004,4995,192,43
427,732,4996,1004,4996,192,43
427,732,4997,1004,4997,192,43
427,732,4998,1004,4998,192,43
426,732,4999,1004,4999,192,43
426,732,5000,1004,5000,192,43
426,732,5001,1004,5001,192,43
426,732,5002,1004,5002,192,43
426,732,5003,1004,5003,192,43
426,732,5004,1004,5004,192,43
426,732,5005,1004,5005,192,43
426,732,5006,1004,5006,192,43
426,732,5007,1004,5007,192,43
426,732,5008,1004,5008,192,43
426,732,5009,1004,5009,192,43
426,732,5010,1004,5010,192,43
426,732,5011,1004,5011,192,43
427,732,5012,1004,5012,192,43
427,732,5013,1004,5013,192,43
427,732,5014,1004,5014,192,43
427,732,5015,1004,5015,192,43
427,732,5016,1004,5016,192,43
427,732,5017,1004,5017,192,43
427,732,5018,1004,5018,192,43
427,732,5019,1004,5019,192,43
427,732,5020,1004,5020,192,43
427,732,5021,1004,5021,192,43
426,732,5022,1004,5022,192,43
426,732,5023,1004,5023,192,43
426,732,5024,1004,5024,192,43
426,732,5025,1004,5025,192,43
426,732,5026,1004,5026,192,43
426,732,5027,1004,5027,192,43
426,732,5028,1004,5028,192,43
426,732,5029,1004,5029,192,43
426,732,5030,1004,5030,192,43
426,732,5031,1004,5031,192,43
426,732,5032,1004,5032,192,43
426,732,5033,1004,5033,192,43
426,732,5034,1004,5034,192,43
426,732,5035,1004,5035,192,43
427,732,5036,1004,5036,192,43
427,732,5037,1004,5037,192,43
427,732,5038,1004,5038,192,43
427,732,5039,1004,5039,192,43
427,732,5040,1004,5040,192,43
428,732,5041,1004,5041,192,43
427,732,5042,1004,5042,192,43
427,732,5043,1004,5043,192,43
427,732,5044,1004,5044,192,43
427,732,5045,1004,5045,192,43
427,732,5046,1004,5046,192,43
427,732,5047,1004,5047,192,43
427,732,5048,1004,5048,192,43
427,732,5049,1004,5049,192,43
427,732,5050,1004,5050,192,43
427,732,5051,1004,5051,192,43
427,732,5052,1004,5052,192,43
427,732,5053,1004,5053,192,43
427,732,5054,1004,5054,192,43
427,732,5055,1004,5055,192,43
427,732,5056,1004,5056,192,43
427,732,5057,1004,5057,192,43
427,732,5058,1004,5058,192,43
427,732,5059,1004,5059,192,43
427,732,5060,1004,5060,192,43
427,732,5061,1004,5061,192,43
427,732,5062,1004,5062,192,43
427,732,5063,1004,5063,192,43
427,732,5064,1004,5064,192,43
427,732,5065,1004,5065,192,43
427,732,5066,1004,5066,192,43
427,732,5067,1004,5067,192,43
427,732,5068,1004,5068,192,43
427,732,5069,1004,5069,192,43
427,732,5070,1004,5070,192,43
427,732,5071,1004,5071,192,43
427,732,5072,1004,5072,192,43
427,732,5073,1004,5073,192,43
427,732,5074,1004,5074,192,43
428,732,5075,1004,5075,192,43
428,732,5076,1004,5076,192,43
428,732,5077,1004,5077,192,43
428,732,5078,1004,5078,192,43
428,732,5079,1004,5079,192,43
428,732,5080,1004,5080,192,43
427,732,5081,1004,5081,192,43
427,732,5082,1004,5082,192,43
426,732,5083,1004,5083,192,43
425,732,5084,1004,5084,192,42
425,732,5085,1004,5085,192,42
425,732,5086,1004,5086,192,42
425,732,5087,1004,5087,192,42
425,732,5088,1004,5088,192,42
425,732,5089,1004,5089,192,42
425,732,5090,1004,5090,192,42
425,732,5091,1004,5091,192,42
425,732,5092,1004,5092,192,42
425,732,5093,1004,5093,192,42
425,732,5094,1004,5094,192,42
424,732,5095,1004,5095,192,42
424,732,5096,1004,5096,192,42
424,732,5097,1004,5097,192,42
423,732,5098,1004,5098,192,42
423,732,5099,1004,5099,192,42
423,732,5100,1004,5100,192,42
424,732,5101,1004,5101,192,42
424,732,5102,1004,5102,192,42
424,732,5103,1004,5103,192,42
424,732,5104,1004,5104,192,42
424,732,5105,1004,5105,192,42
424,732,5106,1004,5106,192,42
424,732,5107,1004,5107,192,42
424,732,5108,1004,5108,192,42
424,732,5109,1004,5109,192,42
424,732,5110,1004,5110,192,42
424,732,5111,1004,5111,192,42
424,732,5112,1004,5112,192,42
424,732,5113,1004,5113,192,42
424,732,5114,1004,5114,192,42
424,732,5115,1004,5115,192,42
424,732,5116,1004,5116,192,42
424,732,5117,1004,5117,192,42
424,732,5118,1004,5118,192,42
425,732,5119,1004,5119,192,42
425,732,5120,1004,5120,192,42
422,732,5121,1004,5121,192,40
422,732,5122,1004,5122,192,40
422,732,5123,1004,5123,192,40
422,732,5124,1004,5124,192,40
422,732,5125,1004,5125,192,40
422,732,5126,1004,5126,192,40
422,732,5127,1004,5127,192,40
423,732,5128,1004,5128,192,40
423,732,5129,1004,5129,192,40
423,732,5130,1004,5130,192,40
423,732,5131,1004,5131,192,40
423,732,5132,1004,5132,192,40
423,732,5133,1004,5133,192,40
423,732,5134,1004,5134,192,40
423,732,5135,1004,5135,192,40
423,732,5136,1004,5136,192,40
423,732,5137,1004,5137,192,40
423,732,5138,1004,5138,192,40
423,732,5139,1004,5139,192,40
423,732,5140,1004,5140,192,40
423,732,5141,1004,5141,192,40
423,732,5142,1004,5142,192,40
423,732,5143,1004,5143,192,40
423,732,5144,1004,5144,192,40
423,732,5145,1004,5145,192,40
423,732,5146,1004,5146,192,40
423,732,5147,1004,5147,192,40
423,732,5148,1004,5148,192,40
423,732,5149,1004,5149,192,40
423,732,5150,1004,5150,192,40
423,732,5151,1004,5151,192,40
423,732,5152,1004,5152,192,40
423,732,5153,1004,5153,192,40
423,732,5154,1004,5154,192,40
423,732,5155,1004,5155,192,40
423,732,5156,1004,5156,192,40
423,732,5157,1004,5157,192,40
423,732,5158,1004,5158,192,40
423,732,5159,1004,5159,192,40
423,732,5160,1004,5160,192,40
423,732,5161,1004,5161,192,40
423,732,5162,1004,5162,192,40
423,732,5163,1004,5163,192,40
423,732,5164,1004,5164,192,40
423,732,5165,1004,5165,192,40
423,732,5166,1004,5166,192,40
423,732,5167,1004,5167,192,40
423,732,5168,1004,5168,192,40
423,732,5169,1004,5169,192,40
423,732,5170,1004,5170,192,40
422,732,5171,1004,5171,192,40
422,732,5172,1004,5172,192,40
422,732,5173,1004,5173,192,40
422,732,5174,1004,5174,192,40
422,732,5175,1004,5175,192,40
422,732,5176,1004,5176,192,40
422,732,5177,1004,5177,192,40
422,732,5178,1004,5178,192,40
423,732,5179,1004,5179,192,40
423,732,5180,1004,5180,192,40
423,732,5181,1004,5181,192,40
423,732,5182,1004,5182,192,40
423,732,5183,1004,5183,192,40
423,732,5184,1004,5184,192,40
423,732,5185,1004,5185,192,40
423,732,5186,1004,5186,192,40
423,732,5187,1004,5187,192,40
423,732,5188,1004,5188,192,40
423,732,5189,1004,5189,192,40
423,732,5190,1004,5190,192,40
423,732,5191,1004,5191,192,40
423,732,5192,1004,5192,192,40
423,732,5193,1004,5193,192,40
423,732,5194,1004,5194,192,40
423,732,5195,1004,5195,192,40
423,732,5196,1004,5196,192,40
423,732,5197,1004,5197,192,40
423,732,5198,1004,5198,192,40
423,732,5199,1004,5199,192,40
422,732,5200,1004,5200,192,40
421,732,5201,1004,5201,192,40
421,732,5202,1004,5202,192,40
420,732,5203,1004,5203,192,40
420,732,5204,1004,5204,192,40
420,732,5205,1004,5205,192,40
420,732,5206,1004,5206,192,40
420,732,5207,1004,5207,192,40
420,732,5208,1004,5208,192,40
420,732,5209,1004,5209,192,40
420,732,5210,1004,5210,192,40
420,732,5211,1004,5211,192,40
420,732,5212,1004,5212,192,40
420,732,5213,1004,5213,192,40
420,732,5214,1004,5214,192,40
420,732,5215,1004,5215,192,40
420,732,5216,1004,5216,192,40
420,732,5217,1004,5217,192,40
420,732,5218,1004,5218,192,40
420,732,5219,1004,5219,192,40
420,732,5220,1004,5220,192,40
420,732,5221,1004,5221,192,40
420,732,5222,1004,5222,192,40
420,732,5223,1004,5223,192,40
420,732,5224,1004,5224,192,40
420,732,5225,1004,5225,192,40
420,732,5226,1004,5226,192,40
420,732,5227,1004,5227,192,40
420,732,5228,1004,5228,192,40
420,732,5229,1004,5229,192,40
420,732,5230,1004,5230,192,40
420,732,5231,1004,5231,192,40
420,732,5232,1004,5232,192,40
419,732,5233,1004,5233,192,40
419,732,5234,1004,5234,192,40
419,732,5235,1004,5235,192,40
419,732,5236,1004,5236,192,40
419,732,5237,1004,5237,192,40
419,732,5238,1004,5238,192,40
419,732,5239,1004,5239,192,40
419,732,5240,1004,5240,192,40
419,732,5241,1004,5241,192,40
419,732,5242,1004,5242,192,40
419,732,5243,1004,5243,192,40
419,732,5244,1004,5244,192,40
419,732,5245,1004,5245,192,40
419,732,5246,1004,5246,192,40
419,732,5247,1004,5247,192,40
419,732,5248,1004,5248,192,40
419,732,5249,1004,5249,192,40
419,732,5250,1004,5250,192,40
419,732,5251,1004,5251,192,40
419,732,5252,1004,5252,192,40
419,732,5253,1004,5253,192,40
419,732,5254,1004,5254,192,40
419,732,5255,1004,5255,192,40
419,732,5256,1004,5256,192,40
419,732,5257,1004,5257,192,40
419,732,5258,1004,5258,192,40
419,732,5259,1004,5259,192,40
419,732,5260,1004,5260,192,40
419,732,5261,1004,5261,192,40
419,732,5262,1004,5262,192,40
419,732,5263,1004,5263,192,40
419,732,5264,1004,5264,192,40
419,732,5265,1004,5265,192,40
419,732,5266,1004,5266,192,40
419,732,5267,1004,5267,192,40
419,732,5268,1004,5268,192,40
419,732,5269,1004,5269,192,40
419,732,5270,1004,5270,192,40
419,732,5271,1004,5271,192,40
419,732,5272,1004,5272,192,40
420,732,5273,1004,5273,192,40
420,732,5274,1004,5274,192,40
420,732,5275,1004,5275,192,40
420,732,5276,1004,5276,192,40
420,732,5277,1004,5277,192,40
420,732,5278,1004,5278,192,40
420,732,5279,1004,5279,192,40
420,732,5280,1004,5280,192,40
420,732,5281,1004,5281,192,40
421,732,5282,1004,5282,192,40
421,732,5283,1004,5283,192,40
421,732,5284,1004,5284,192,40
421,732,5285,1004,5285,192,40
422,732,5286,1004,5286,192,40
422,732,5287,1004,5287,192,40
422,732,5288,1004,5288,192,40
422,732,5289,1004,5289,192,40
422,732,5290,1004,5290,192,40
422,732,5291,1004,5291,192,40
421,732,5292,1004,5292,192,40
421,732,5293,1004,5293,192,40
421,732,5294,1004,5294,192,40
421,732,5295,1004,5295,192,40
421,732,5296,1004,5296,192,40
421,732,5297,1004,5297,192,40
421,732,5298,1004,5298,192,40
421,732,5299,1004,5299,192,40
420,732,5300,1004,5300,192,40
419,732,5301,1004,5301,192,40
419,732,5302,1004,5302,192,40
419,732,5303,1004,5303,192,40
419,732,5304,1004,5304,192,40
419,732,5305,1004,5305,192,40
419,732,5306,1004,5306,192,40
419,732,5307,1004,5307,192,40
419,732,5308,1004,5308,192,40
419,732,5309,1004,5309,192,40
419,732,5310,1004,5310,192,40
419,732,5311,1004,5311,192,40
419,732,5312,1004,5312,192,40
419,732,5313,1004,5313,192,40
419,732,5314,1004,5314,192,40
419,732,5315,1004,5315,192,40
419,732,5316,1004,5316,192,40
419,732,5317,1004,5317,192,40
419,732,5318,1004,5318,192,40
419,732,5319,1004,5319,192,40
419,732,5320,1004,5320,192,40
419,732,5321,1004,5321,192,40
419,732,5322,1004,5322,192,40
419,732,5323,1004,5323,192,40
419,732,5324,1004,5324,192,40
419,732,5325,1004,5325,192,40
419,732,5326,1004,5326,192,40
419,732,5327,1004,5327,192,40
419,732,5328,1004,5328,192,40
419,732,5329,1004,5329,192,40
419,732,5330,1004,5330,192,40
419,732,5331,1004,5331,192,40
418,732,5332,1004,5332,192,40
418,732,5333,1004,5333,192,40
418,732,5334,1004,5334,192,40
418,732,5335,1004,5335,192,40
418,732,5336,1004,5336,192,40
418,732,5337,1004,5337,192,40
418,732,5338,1004,5338,192,40
418,732,5339,1004,5339,192,40
418,732,5340,1004,5340,192,40
418,732,5341,1004,5341,192,40
418,732,5342,1004,5342,192,40
418,732,5343,1004,5343,192,40
418,732,5344,1004,5344,192,40
418,732,5345,1004,5345,192,40
418,732,5346,1004,5346,192,40
418,732,5347,1004,5347,192,40
418,732,5348,1004,5348,192,40
418,732,5349,1004,5349,192,40
418,732,5350,1004,5350,192,40
418,732,5351,1004,5351,192,40
418,732,5352,1004,5352,192,40
418,732,5353,1004,5353,192,40
418,732,5354,1004,5354,192,40
418,732,5355,1004,5355,192,40
418,732,5356,1004,5356,192,40
418,732,5357,1004,5357,192,40
418,732,5358,1004,5358,192,40
418,732,5359,1004,5359,192,40
418,732,5360,1004,5360,192,40
418,732,5361,1004,5361,192,40
418,732,5362,1004,5362,192,40
418,732,5363,1004,5363,192,40
419,732,5364,1004,5364,192,40
419,732,5365,1004,5365,192,40
418,732,5366,1004,5366,192,40
418,732,5367,1004,5367,192,40
418,732,5368,1004,5368,192,40
418,732,5369,1004,5369,192,40
418,732,5370,1004,5370,192,40
418,732,5371,1004,5371,192,40
418,732,5372,1004,5372,192,40
418,732,5373,1004,5373,192,40
418,732,5374,1004,5374,192,40
418,732,5375,1004,5375,192,40
418,732,5376,1004,5376,192,40
418,732,5377,1004,5377,192,40
418,732,5378,1004,5378,192,40
418,732,5379,1004,5379,192,40
418,732,5380,1004,5380,192,40
418,732,5381,1004,5381,192,40
418,732,5382,1004,5382,192,40
418,732,5383,1004,5383,192,40
418,732,5384,1004,5384,192,40
418,732,5385,1004,5385,192,40
418,732,5386,1004,5386,192,40
418,732,5387,1004,5387,192,40
419,732,5388,1004,5388,192,40
418,732,5389,1004,5389,192,40
417,732,5390,1004,5390,192,40
417,732,5391,1004,5391,192,40
417,732,5392,1004,5392,192,40
417,732,5393,1004,5393,192,40
418,732,5394,1004,5394,192,40
418,732,5395,1004,5395,192,40
418,732,5396,1004,5396,192,40
418,732,5397,1004,5397,192,40
418,732,5398,1004,5398,192,40
418,732,5399,1004,5399,192,40
418,732,5400,1004,5400,192,40
418,732,5401,1004,5401,192,40
418,732,5402,1004,5402,192,40
419,732,5403,1004,5403,192,40
419,732,5404,1004,5404,192,40
419,732,5405,1004,5405,192,40
419,732,5406,1004,5406,192,40
419,732,5407,1004,5407,192,40
419,732,5408,1004,5408,192,40
419,732,5409,1004,5409,192,40
419,732,5410,1004,5410,192,40
419,732,5411,1004,5411,192,40
419,732,5412,1004,5412,192,40
419,732,5413,1004,5413,192,40
419,732,5414,1004,5414,192,40
419,732,5415,1004,5415,192,40
419,732,5416,1004,5416,192,40
419,732,5417,1004,5417,192,40
419,732,5418,1004,5418,192,40
419,732,5419,1004,5419,192,40
419,732,5420,1004,5420,192,40
419,732,5421,1004,5421,192,40
419,732,5422,1004,5422,192,40
418,732,5423,1004,5423,192,40
418,732,5424,1004,5424,192,40
418,732,5425,1004,5425,192,40
418,732,5426,1004,5426,192,40
418,732,5427,1004,5427,192,40
418,732,5428,1004,5428,192,40
418,732,5429,1004,5429,192,40
418,732,5430,1004,5430,192,40
418,732,5431,1004,5431,192,40
418,732,5432,1004,5432,192,40
418,732,5433,1004,5433,192,40
417,732,5434,1004,5434,192,39
417,732,5435,1004,5435,192,39
417,732,5436,1004,5436,192,39
417,732,5437,1004,5437,192,39
417,732,5438,1004,5438,192,39
417,732,5439,1004,5439,192,39
417,732,5440,1004,5440,192,39
417,732,5441,1004,5441,192,39
417,732,5442,1004,5442,192,39
417,732,5443,1004,5443,192,39
417,732,5444,1004,5444,192,39
417,732,5445,1004,5445,192,39
417,732,5446,1004,5446,192,39
417,732,5447,1004,5447,192,39
417,732,5448,1004,5448,192,39
417,732,5449,1004,5449,192,39
417,732,5450,1004,5450,192,39
417,732,5451,1004,5451,192,39
417,732,5452,1004,5452,192,39
417,732,5453,1004,5453,192,39
417,732,5454,1004,5454,192,39
417,732,5455,1004,5455,192,39
417,732,5456,1004,5456,192,39
417,732,5457,1004,5457,192,39
417,732,5458,1004,5458,192,39
417,732,5459,1004,5459,192,39
417,732,5460,1004,5460,192,39
417,732,5461,1004,5461,192,39
417,732,5462,1004,5462,192,39
417,732,5463,1004,5463,192,39
417,732,5464,1004,5464,192,39
417,732,5465,1004,5465,192,39
417,732,5466,1004,5466,192,39
417,732,5467,1004,5467,192,39
417,732,5468,1004,5468,192,39
417,732,5469,1004,5469,192,39
417,732,5470,1004,5470,192,39
417,732,5471,1004,5471,192,39
417,732,5472,1004,5472,192,39
417,732,5473,1004,5473,192,39
417,732,5474,1004,5474,192,39
417,732,5475,1004,5475,192,39
417,732,5476,1004,5476,192,39
417,732,5477,1004,5477,192,39
417,732,5478,1004,5478,192,39
417,732,5479,1004,5479,192,39
417,732,5480,1004,5480,192,39
416,732,5481,1004,5481,192,39
416,732,5482,1004,5482,192,39
416,732,5483,1004,5483,192,39
416,732,5484,1004,5484,192,39
416,732,5485,1004,5485,192,39
416,732,5486,1004,5486,192,39
416,732,5487,1004,5487,192,39
416,732,5488,1004,5488,192,39
416,732,5489,1004,5489,192,39
416,732,5490,1004,5490,192,39
416,732,5491,1004,5491,192,39
416,732,5492,1004,5492,192,39
416,732,5493,1004,5493,192,39
416,732,5494,1004,5494,192,39
416,732,5495,1004,5495,192,39
416,732,5496,1004,5496,192,39
416,732,5497,1004,5497,192,39
416,732,5498,1004,5498,192,39
416,732,5499,1004,5499,192,39
415,732,5500,1004,5500,192,39
415,732,5501,1004,5501,192,39
415,732,5502,1004,5502,192,39
415,732,5503,1004,5503,192,39
415,732,5504,1004,5504,192,39
415,732,5505,1004,5505,192,39
415,732,5506,1004,5506,192,39
415,732,5507,1004,5507,192,39
415,732,5508,1004,5508,192,39
415,732,5509,1004,5509,192,39
415,732,5510,1004,5510,192,39
415,732,5511,1004,5511,192,39
415,732,5512,1004,5512,192,39
415,732,5513,1004,5513,192,39
415,732,5514,1004,5514,192,39
415,732,5515,1004,5515,192,39
415,732,5516,1004,5516,192,39
415,732,5517,1004,5517,192,39
415,732,5518,1004,5518,192,39
415,732,5519,1004,5519,192,39
415,732,5520,1004,5520,192,39
415,732,5521,1004,5521,192,39
415,732,5522,1004,5522,192,39
415,732,5523,1004,5523,192,39
415,732,5524,1004,5524,192,39
415,732,5525,1004,5525,192,39
415,732,5526,1004,5526,192,39
415,732,5527,1004,5527,192,39
415,732,5528,1004,5528,192,39
415,732,5529,1004,5529,192,39
415,732,5530,1004,5530,192,39
415,732,5531,1004,5531,192,39
415,732,5532,1004,5532,192,39
415,732,5533,1004,5533,192,39
415,732,5534,1004,5534,192,39
415,732,5535,1004,5535,192,39
415,732,5536,1004,5536,192,39
415,732,5537,1004,5537,192,39
415,732,5538,1004,5538,192,39
415,732,5539,1004,5539,192,39
415,732,5540,1004,5540,192,39
415,732,5541,1004,5541,192,39
415,732,5542,1004,5542,192,39
415,732,5543,1004,5543,192,39
415,732,5544,1004,5544,192,39
415,732,5545,1004,5545,192,39
415,732,5546,1004,5546,192,39
415,732,5547,1004,5547,192,39
415,732,5548,1004,5548,192,39
415,732,5549,1004,5549,192,39
415,732,5550,1004,5550,192,39
414,732,5551,1004,5551,192,39
414,732,5552,1004,5552,192,39
414,732,5553,1004,5553,192,39
414,732,5554,1004,5554,192,39
414,732,5555,1004,5555,192,39
414,732,5556,1004,5556,192,39
414,732,5557,1004,5557,192,39
414,732,5558,1004,5558,192,39
414,732,5559,1004,5559,192,39
414,732,5560,1004,5560,192,39
414,732,5561,1004,5561,192,39
414,732,5562,1004,5562,192,39
413,732,5563,1004,5563,192,38
413,732,5564,1004,5564,192,38
413,732,5565,1004,5565,192,38
413,732,5566,1004,5566,192,38
413,732,5567,1004,5567,192,38
412,732,5568,1004,5568,192,38
412,732,5569,1004,5569,192,38
412,732,5570,1004,5570,192,38
412,732,5571,1004,5571,192,38
412,732,5572,1004,5572,192,38
412,732,5573,1004,5573,192,38
412,732,5574,1004,5574,192,38
412,732,5575,1004,5575,192,38
412,732,5576,1004,5576,192,38
412,732,5577,1004,5577,192,38
412,732,5578,1004,5578,192,38
412,732,5579,1004,5579,192,38
412,732,5580,1004,5580,192,38
412,732,5581,1004,5581,192,38
412,732,5582,1004,5582,192,38
412,732,5583,1004,5583,192,38
412,732,5584,1004,5584,192,38
412,732,5585,1004,5585,192,38
412,732,5586,1004,5586,192,38
412,732,5587,1004,5587,192,38
412,732,5588,1004,5588,192,38
412,732,5589,1004,5589,192,38
412,732,5590,1004,5590,192,38
412,732,5591,1004,5591,192,38
412,732,5592,1004,5592,192,38
412,732,5593,1004,5593,192,38
412,732,5594,1004,5594,192,38
412,732,5595,1004,5595,192,38
412,732,5596,1004,5596,192,38
412,732,5597,1004,5597,192,38
412,732,5598,1004,5598,192,38
412,732,5599,1004,5599,192,38
412,732,5600,1004,5600,192,38
412,732,5601,1004,5601,192,38
412,732,5602,1004,5602,192,38
412,732,5603,1004,5603,192,38
413,732,5604,1004,5604,192,38
413,732,5605,1004,5605,192,38
413,732,5606,1004,5606,192,38
413,732,5607,1004,5607,192,38
413,732,5608,1004,5608,192,38
413,732,5609,1004,5609,192,38
414,732,5610,1004,5610,192,38
414,732,5611,1004,5611,192,38
414,732,5612,1004,5612,192,38
414,732,5613,1004,5613,192,38
414,732,5614,1004,5614,192,38
414,732,5615,1004,5615,192,38
414,732,5616,1004,5616,192,38
414,732,5617,1004,5617,192,38
415,732,5618,1004,5618,192,38
415,732,5619,1004,5619,192,38
415,732,5620,1004,5620,192,38
415,732,5621,1004,5621,192,38
415,732,5622,1004,5622,192,38
415,732,5623,1004,5623,192,38
415,732,5624,1004,5624,192,38
415,732,5625,1004,5625,192,38
415,732,5626,1004,5626,192,38
415,732,5627,1004,5627,192,38
415,732,5628,1004,5628,192,38
415,732,5629,1004,5629,192,38
415,732,5630,1004,5630,192,38
414,732,5631,1004,5631,192,38
414,732,5632,1004,5632,192,38
414,732,5633,1004,5633,192,38
414,732,5634,1004,5634,192,38
414,732,5635,1004,5635,192,38
414,732,5636,1004,5636,192,38
414,732,5637,1004,5637,192,38
414,732,5638,1004,5638,192,38
414,732,5639,1004,5639,192,38
414,732,5640,1004,5640,192,38
414,732,5641,1004,5641,192,38
414,732,5642,1004,5642,192,38
414,732,5643,1004,5643,192,38
414,732,5644,1004,5644,192,38
414,732,5645,1004,5645,192,38
414,732,5646,1004,5646,192,38
414,732,5647,1004,5647,192,38
414,732,5648,1004,5648,192,38
414,732,5649,1004,5649,192,38
414,732,5650,1004,5650,192,38
415,732,5651,1004,5651,192,38
415,732,5652,1004,5652,192,38
414,732,5653,1004,5653,192,38
414,732,5654,1004,5654,192,38
414,732,5655,1004,5655,192,38
414,732,5656,1004,5656,192,38
414,732,5657,1004,5657,192,38
414,732,5658,1004,5658,192,38
413,732,5659,1004,5659,192,38
413,732,5660,1004,5660,192,38
413,732,5661,1004,5661,192,38
413,732,5662,1004,5662,192,38
413,732,5663,1004,5663,192,38
413,732,5664,1004,5664,192,38
413,732,5665,1004,5665,192,38
413,732,5666,1004,5666,192,38
413,732,5667,1004,5667,192,38
413,732,5668,1004,5668,192,38
413,732,5669,1004,5669,192,38
413,732,5670,1004,5670,192,38
413,732,5671,1004,5671,192,38
413,732,5672,1004,5672,192,38
413,732,5673,1004,5673,192,38
413,732,5674,1004,5674,192,38
413,732,5675,1004,5675,192,38
413,732,5676,1004,5676,192,38
413,732,5677,1004,5677,192,38
413,732,5678,1004,5678,192,38
413,732,5679,1004,5679,192,38
413,732,5680,1004,5680,192,38
413,732,5681,1004,5681,192,38
413,732,5682,1004,5682,192,38
414,732,5683,1004,5683,192,38
414,732,5684,1004,5684,192,38
414,732,5685,1004,5685,192,38
414,732,5686,1004,5686,192,38
414,732,5687,1004,5687,192,38
414,732,5688,1004,5688,192,38
414,732,5689,1004,5689,192,38
414,732,5690,1004,5690,192,38
414,732,5691,1004,5691,192,38
414,732,5692,1004,5692,192,38
414,732,5693,1004,5693,192,38
414,732,5694,1004,5694,192,38
414,732,5695,1004,5695,192,38
414,732,5696,1004,5696,192,38
414,732,5697,1004,5697,192,38
414,732,5698,1004,5698,192,38
414,732,5699,1004,5699,192,38
414,732,5700,1004,5700,192,38
414,732,5701,1004,5701,192,38
414,732,5702,1004,5702,192,38
414,732,5703,1004,5703,192,38
414,732,5704,1004,5704,192,38
414,732,5705,1004,5705,192,38
414,732,5706,1004,5706,192,38
414,732,5707,1004,5707,192,38
414,732,5708,1004,5708,192,38
414,732,5709,1004,5709,192,38
414,732,5710,1004,5710,192,38
414,732,5711,1004,5711,192,38
414,732,5712,1004,5712,192,38
414,732,5713,1004,5713,192,38
414,732,5714,1004,5714,192,38
414,732,5715,1004,5715,192,38
413,732,5716,1004,5716,192,38
413,732,5717,1004,5717,192,38
413,732,5718,1004,5718,192,38
413,732,5719,1004,5719,192,38
413,732,5720,1004,5720,192,38
414,732,5721,1004,5721,192,38
414,732,5722,1004,5722,192,38
414,732,5723,1004,5723,192,38
414,732,5724,1004,5724,192,38
414,732,5725,1004,5725,192,38
414,732,5726,1004,5726,192,38
414,732,5727,1004,5727,192,38
414,732,5728,1004,5728,192,38
414,732,5729,1004,5729,192,38
414,732,5730,1004,5730,192,38
414,732,5731,1004,5731,192,38
414,732,5732,1004,5732,192,38
414,732,5733,1004,5733,192,38
414,732,5734,1004,5734,192,38
414,732,5735,1004,5735,192,38
414,732,5736,1004,5736,192,38
414,732,5737,1004,5737,192,38
414,732,5738,1004,5738,192,38
414,732,5739,1004,5739,192,38
414,732,5740,1004,5740,192,38
414,732,5741,1004,5741,192,38
414,732,5742,1004,5742,192,38
414,732,5743,1004,5743,192,38
414,732,5744,1004,5744,192,38
414,732,5745,1004,5745,192,38
414,732,5746,1004,5746,192,38
414,732,5747,1004,5747,192,38
412,732,5748,1004,5748,192,37
412,732,5749,1004,5749,192,37
412,732,5750,1004,5750,192,37
412,732,5751,1004,5751,192,37
412,732,5752,1004,5752,192,37
412,732,5753,1004,5753,192,37
412,732,5754,1004,5754,192,37
412,732,5755,1004,5755,192,37
412,732,5756,1004,5756,192,37
412,732,5757,1004,5757,192,37
412,732,5758,1004,5758,192,37
412,732,5759,1004,5759,192,37
412,732,5760,1004,5760,192,37
412,732,5761,1004,5761,192,37
412,732,5762,1004,5762,192,37
412,732,5763,1004,5763,192,37
412,732,5764,1004,5764,192,37
412,732,5765,1004,5765,192,37
412,732,5766,1004,5766,192,37
412,732,5767,1004,5767,192,37
412,732,5768,1004,5768,192,37
412,732,5769,1004,5769,192,37
413,732,5770,1004,5770,192,37
413,732,5771,1004,5771,192,37
413,732,5772,1004,5772,192,37
413,732,5773,1004,5773,192,37
413,732,5774,1004,5774,192,37
413,732,5775,1004,5775,192,37
413,732,5776,1004,5776,192,37
413,732,5777,1004,5777,192,37
413,732,5778,1004,5778,192,37
413,732,5779,1004,5779,192,37
413,732,5780,1004,5780,192,37
413,732,5781,1004,5781,192,37
413,732,5782,1004,5782,192,37
413,732,5783,1004,5783,192,37
413,732,5784,1004,5784,192,37
413,732,5785,1004,5785,192,37
413,732,5786,1004,5786,192,37
413,732,5787,1004,5787,192,37
413,732,5788,1004,5788,192,37
413,732,5789,1004,5789,192,37
413,732,5790,1004,5790,192,37
413,732,5791,1004,5791,192,37
413,732,5792,1004,5792,192,37
413,732,5793,1004,5793,192,37
412,732,5794,1004,5794,192,37
412,732,5795,1004,5795,192,37
412,732,5796,1004,5796,192,37
412,732,5797,1004,5797,192,37
412,732,5798,1004,5798,192,37
412,732,5799,1004,5799,192,37
412,732,5800,1004,5800,192,37
412,732,5801,1004,5801,192,37
412,732,5802,1004,5802,192,37
412,732,5803,1004,5803,192,37
412,732,5804,1004,5804,192,37
412,732,5805,1004,5805,192,37
412,732,5806,1004,5806,192,37
412,732,5807,1004,5807,192,37
412,732,5808,1004,5808,192,37
412,732,5809,1004,5809,192,37
412,732,5810,1004,5810,192,37
412,732,5811,1004,5811,192,37
412,732,5812,1004,5812,192,37
412,732,5813,1004,5813,192,37
412,732,5814,1004,5814,192,37
412,732,5815,1004,5815,192,37
412,732,5816,1004,5816,192,37
412,732,5817,1004,5817,192,37
412,732,5818,1004,5818,192,37
412,732,5819,1004,5819,192,37
412,732,5820,1004,5820,192,37
412,732,5821,1004,5821,192,37
413,732,5822,1004,5822,192,37
413,732,5823,1004,5823,192,37
413,732,5824,1004,5824,192,37
413,732,5825,1004,5825,192,37
413,732,5826,1004,5826,192,37
413,732,5827,1004,5827,192,37
413,732,5828,1004,5828,192,37
413,732,5829,1004,5829,192,37
413,732,5830,1004,5830,192,37
413,732,5831,1004,5831,192,37
413,732,5832,1004,5832,192,37
413,732,5833,1004,5833,192,37
413,732,5834,1004,5834,192,37
413,732,5835,1004,5835,192,37
413,732,5836,1004,5836,192,37
413,732,5837,1004,5837,192,37
413,732,5838,1004,5838,192,37
413,732,5839,1004,5839,192,37
413,732,5840,1004,5840,192,37
413,732,5841,1004,5841,192,37
413,732,5842,1004,5842,192,37
413,732,5843,1004,5843,192,37
413,732,5844,1004,5844,192,37
413,732,5845,1004,5845,192,37
413,732,5846,1004,5846,192,37
413,732,5847,1004,5847,192,37
413,732,5848,1004,5848,192,37
413,732,5849,1004,5849,192,37
413,732,5850,1004,5850,192,37
413,732,5851,1004,5851,192,37
413,732,5852,1004,5852,192,37
413,732,5853,1004,5853,192,37
413,732,5854,1004,5854,192,37
413,732,5855,1004,5855,192,37
413,732,5856,1004,5856,192,37
413,732,5857,1004,5857,192,37
413,732,5858,1004,5858,192,37
413,732,5859,1004,5859,192,37
413,732,5860,1004,5860,192,37
413,732,5861,1004,5861,192,37
413,732,5862,1004,5862,192,37
414,732,5863,1004,5863,192,37
414,732,5864,1004,5864,192,37
414,732,5865,1004,5865,192,37
414,732,5866,1004,5866,192,37
414,732,5867,1004,5867,192,37
414,732,5868,1004,5868,192,37
414,732,5869,1004,5869,192,37
414,732,5870,1004,5870,192,37
414,732,5871,1004,5871,192,37
414,732,5872,1004,5872,192,37
414,732,5873,1004,5873,192,37
414,732,5874,1004,5874,192,37
414,732,5875,1004,5875,192,37
414,732,5876,1004,5876,192,37
414,732,5877,1004,5877,192,37
414,732,5878,1004,5878,192,37
414,732,5879,1004,5879,192,37
414,732,5880,1004,5880,192,37
414,732,5881,1004,5881,192,37
414,732,5882,1004,5882,192,37
414,732,5883,1004,5883,192,37
414,732,5884,1004,5884,192,37
414,732,5885,1004,5885,192,37
414,732,5886,1004,5886,192,37
415,732,5887,1004,5887,192,37
415,732,5888,1004,5888,192,37
415,732,5889,1004,5889,192,37
415,732,5890,1004,5890,192,37
415,732,5891,1004,5891,192,37
415,732,5892,1004,5892,192,37
415,732,5893,1004,5893,192,37
415,732,5894,1004,5894,192,37
415,732,5895,1004,5895,192,37
415,732,5896,1004,5896,192,37
415,732,5897,1004,5897,192,37
415,732,5898,1004,5898,192,37
415,732,5899,1004,5899,192,37
415,732,5900,1004,5900,192,37
415,732,5901,1004,5901,192,37
415,732,5902,1004,5902,192,37
415,732,5903,1004,5903,192,37
415,732,5904,1004,5904,192,37
415,732,5905,1004,5905,192,37
415,732,5906,1004,5906,192,37
415,732,5907,1004,5907,192,37
416,732,5908,1004,5908,192,37
416,732,5909,1004,5909,192,37
416,732,5910,1004,5910,192,37
416,732,5911,1004,5911,192,37
416,732,5912,1004,5912,192,37
416,732,5913,1004,5913,192,37
416,732,5914,1004,5914,192,37
416,732,5915,1004,5915,192,37
416,732,5916,1004,5916,192,37
416,732,5917,1004,5917,192,37
416,732,5918,1004,5918,192,37
416,732,5919,1004,5919,192,37
416,732,5920,1004,5920,192,37
416,732,5921,1004,5921,192,37
416,732,5922,1004,5922,192,37
416,732,5923,1004,5923,192,37
416,732,5924,1004,5924,192,37
416,732,5925,1004,5925,192,37
416,732,5926,1004,5926,192,37
416,732,5927,1004,5927,192,37
416,732,5928,1004,5928,192,37
416,732,5929,1004,5929,192,37
416,732,5930,1004,5930,192,37
416,732,5931,1004,5931,192,37
416,732,5932,1004,5932,192,37
416,732,5933,1004,5933,192,37
416,732,5934,1004,5934,192,37
416,732,5935,1004,5935,192,37
416,732,5936,1004,5936,192,37
416,732,5937,1004,5937,192,37
416,732,5938,1004,5938,192,37
416,732,5939,1004,5939,192,37
416,732,5940,1004,5940,192,37
416,732,5941,1004,5941,192,37
416,732,5942,1004,5942,192,37
416,732,5943,1004,5943,192,37
416,732,5944,1004,5944,192,37
416,732,5945,1004,5945,192,37
416,732,5946,1004,5946,192,37
416,732,5947,1004,5947,192,37
416,732,5948,1004,5948,192,37
416,732,5949,1004,5949,192,37
416,732,5950,1004,5950,192,37
416,732,5951,1004,5951,192,37
416,732,5952,1004,5952,192,37
416,732,5953,1004,5953,192,37
416,732,5954,1004,5954,192,37
416,732,5955,1004,5955,192,37
416,732,5956,1004,5956,192,37
416,732,5957,1004,5957,192,37
416,732,5958,1004,5958,192,37
416,732,5959,1004,5959,192,37
416,732,5960,1004,5960,192,37
416,732,5961,1004,5961,192,37
416,732,5962,1004,5962,192,37
416,732,5963,1004,5963,192,37
416,732,5964,1004,5964,192,37
416,732,5965,1004,5965,192,37
416,732,5966,1004,5966,192,37
416,732,5967,1004,5967,192,37
416,732,5968,1004,5968,192,37
416,732,5969,1004,5969,192,37
416,732,5970,1004,5970,192,37
416,732,5971,1004,5971,192,37
416,732,5972,1004,5972,192,37
415,732,5973,1004,5973,192,37
415,732,5974,1004,5974,192,37
415,732,5975,1004,5975,192,37
415,732,5976,1004,5976,192,37
415,732,5977,1004,5977,192,37
415,732,5978,1004,5978,192,37
415,732,5979,1004,5979,192,37
415,732,5980,1004,5980,192,37
415,732,5981,1004,5981,192,37
416,732,5982,1004,5982,192,37
416,732,5983,1004,5983,192,37
416,732,5984,1004,5984,192,37
416,732,5985,1004,5985,192,37
417,732,5986,1004,5986,192,37
417,732,5987,1004,5987,192,37
417,732,5988,1004,5988,192,37
417,732,5989,1004,5989,192,37
417,732,5990,1004,5990,192,37
417,732,5991,1004,5991,192,37
417,732,5992,1004,5992,192,37
416,732,5993,1004,5993,192,37
416,732,5994,1004,5994,192,37
416,732,5995,1004,5995,192,37
417,732,5996,1004,5996,192,37
417,732,5997,1004,5997,192,37
417,732,5998,1004,5998,192,37
418,732,5999,1004,5999,192,37
418,732,6000,1004,6000,192,37
418,732,6001,1004,6001,192,37
417,732,6002,1004,6002,192,37
417,732,6003,1004,6003,192,37
417,732,6004,1004,6004,192,37
417,732,6005,1004,6005,192,37
417,732,6006,1004,6006,192,37
417,732,6007,1004,6007,192,37
417,732,6008,1004,6008,192,37
417,732,6009,1004,6009,192,37
417,732,6010,1004,6010,192,37
417,732,6011,1004,6011,192,37
416,732,6012,1004,6012,192,37
416,732,6013,1004,6013,192,37
416,732,6014,1004,6014,192,37
417,732,6015,1004,6015,192,37
417,732,6016,1004,6016,192,37
417,732,6017,1004,6017,192,37
417,732,6018,1004,6018,192,37
417,732,6019,1004,6019,192,37
417,732,6020,1004,6020,192,37
417,732,6021,1004,6021,192,37
417,732,6022,1004,6022,192,37
417,732,6023,1004,6023,192,37
417,732,6024,1004,6024,192,37
417,732,6025,1004,6025,192,37
417,732,6026,1004,6026,192,37
417,732,6027,1004,6027,192,37
416,732,6028,1004,6028,192,37
416,732,6029,1004,6029,192,37
416,732,6030,1004,6030,192,37
416,732,6031,1004,6031,192,37
415,732,6032,1004,6032,192,37
415,732,6033,1004,6033,192,37
415,732,6034,1004,6034,192,37
415,732,6035,1004,6035,192,37
415,732,6036,1004,6036,192,37
415,732,6037,1004,6037,192,37
415,732,6038,1004,6038,192,37
415,732,6039,1004,6039,192,37
415,732,6040,1004,6040,192,37
415,732,6041,1004,6041,192,37
415,732,6042,1004,6042,192,37
415,732,6043,1004,6043,192,37
415,732,6044,1004,6044,192,37
415,732,6045,1004,6045,192,37
415,732,6046,1004,6046,192,37
415,732,6047,1004,6047,192,37
415,732,6048,1004,6048,192,37
415,732,6049,1004,6049,192,37
415,732,6050,1004,6050,192,37
415,732,6051,1004,6051,192,37
415,732,6052,1004,6052,192,37
415,732,6053,1004,6053,192,37
414,732,6054,1004,6054,192,37
414,732,6055,1004,6055,192,37
414,732,6056,1004,6056,192,37
414,732,6057,1004,6057,192,37
414,732,6058,1004,6058,192,37
414,732,6059,1004,6059,192,37
414,732,6060,1004,6060,192,37
414,732,6061,1004,6061,192,37
414,732,6062,1004,6062,192,37
414,732,6063,1004,6063,192,37
415,732,6064,1004,6064,192,37
415,732,6065,1004,6065,192,37
415,732,6066,1004,6066,192,37
415,732,6067,1004,6067,192,37
415,732,6068,1004,6068,192,37
415,732,6069,1004,6069,192,37
415,732,6070,1004,6070,192,37
415,732,6071,1004,6071,192,37
415,732,6072,1004,6072,192,37
415,732,6073,1004,6073,192,37
415,732,6074,1004,6074,192,37
415,732,6075,1004,6075,192,37
415,732,6076,1004,6076,192,37
415,732,6077,1004,6077,192,37
415,732,6078,1004,6078,192,37
415,732,6079,1004,6079,192,37
415,732,6080,1004,6080,192,37
415,732,6081,1004,6081,192,37
415,732,6082,1004,6082,192,37
415,732,6083,1004,6083,192,37
415,732,6084,1004,6084,192,37
415,732,6085,1004,6085,192,37
415,732,6086,1004,6086,192,37
415,732,6087,1004,6087,192,37
415,732,6088,1004,6088,192,37
415,732,6089,1004,6089,192,37
415,732,6090,1004,6090,192,37
415,732,6091,1004,6091,192,37
414,732,6092,1004,6092,192,37
414,732,6093,1004,6093,192,37
414,732,6094,1004,6094,192,37
414,732,6095,1004,6095,192,37
414,732,6096,1004,6096,192,37
414,732,6097,1004,6097,192,37
414,732,6098,1004,6098,192,37
414,732,6099,1004,6099,192,37
414,732,6100,1004,6100,192,37
414,732,6101,1004,6101,192,37
414,732,6102,1004,6102,192,37
414,732,6103,1004,6103,192,37
413,732,6104,1004,6104,192,37
413,732,6105,1004,6105,192,37
413,732,6106,1004,6106,192,37
413,732,6107,1004,6107,192,37
413,732,6108,1004,6108,192,37
413,732,6109,1004,6109,192,37
413,732,6110,1004,6110,192,37
413,732,6111,1004,6111,192,37
413,732,6112,1004,6112,192,37
413,732,6113,1004,6113,192,37
413,732,6114,1004,6114,192,37
413,732,6115,1004,6115,192,37
413,732,6116,1004,6116,192,37
413,732,6117,1004,6117,192,37
413,732,6118,1004,6118,192,37
414,732,6119,1004,6119,192,37
414,732,6120,1004,6120,192,37
415,732,6121,1004,6121,192,37
415,732,6122,1004,6122,192,37
415,732,6123,1004,6123,192,37
415,732,6124,1004,6124,192,37
414,732,6125,1004,6125,192,37
414,732,6126,1004,6126,192,37
414,732,6127,1004,6127,192,37
414,732,6128,1004,6128,192,37
414,732,6129,1004,6129,192,37
414,732,6130,1004,6130,192,37
414,732,6131,1004,6131,192,37
414,732,6132,1004,6132,192,37
414,732,6133,1004,6133,192,37
414,732,6134,1004,6134,192,37
414,732,6135,1004,6135,192,37
414,732,6136,1004,6136,192,37
414,732,6137,1004,6137,192,37
414,732,6138,1004,6138,192,37
414,732,6139,1004,6139,192,37
414,732,6140,1004,6140,192,37
414,732,6141,1004,6141,192,37
414,732,6142,1004,6142,192,37
414,732,6143,1004,6143,192,37
414,732,6144,1004,6144,192,37
414,732,6145,1004,6145,192,37
414,732,6146,1004,6146,192,37
414,732,6147,1004,6147,192,37
414,732,6148,1004,6148,192,37
414,732,6149,1004,6149,192,37
414,732,6150,1004,6150,192,37
414,732,6151,1004,6151,192,37
414,732,6152,1004,6152,192,37
414,732,6153,1004,6153,192,37
414,732,6154,1004,6154,192,37
414,732,6155,1004,6155,192,37
414,732,6156,1004,6156,192,37
414,732,6157,1004,6157,192,37
414,732,6158,1004,6158,192,37
414,732,6159,1004,6159,192,37
414,732,6160,1004,6160,192,37
414,732,6161,1004,6161,192,37
414,732,6162,1004,6162,192,37
414,732,6163,1004,6163,192,37
414,732,6164,1004,6164,192,37
414,732,6165,1004,6165,192,37
414,732,6166,1004,6166,192,37
414,732,6167,1004,6167,192,37
414,732,6168,1004,6168,192,37
414,732,6169,1004,6169,192,37
414,732,6170,1004,6170,192,37
414,732,6171,1004,6171,192,37
414,732,6172,1004,6172,192,37
414,732,6173,1004,6173,192,37
414,732,6174,1004,6174,192,37
415,732,6175,1004,6175,192,37
415,732,6176,1004,6176,192,37
415,732,6177,1004,6177,192,37
415,732,6178,1004,6178,192,37
415,732,6179,1004,6179,192,37
415,732,6180,1004,6180,192,37
415,732,6181,1004,6181,192,37
414,732,6182,1004,6182,192,37
414,732,6183,1004,6183,192,37
414,732,6184,1004,6184,192,37
414,732,6185,1004,6185,192,37
414,732,6186,1004,6186,192,37
414,732,6187,1004,6187,192,37
414,732,6188,1004,6188,192,37
414,732,6189,1004,6189,192,37
414,732,6190,1004,6190,192,37
414,732,6191,1004,6191,192,37
414,732,6192,1004,6192,192,37
414,732,6193,1004,6193,192,37
414,732,6194,1004,6194,192,37
414,732,6195,1004,6195,192,37
414,732,6196,1004,6196,192,37
414,732,6197,1004,6197,192,37
414,732,6198,1004,6198,192,37
414,732,6199,1004,6199,192,37
414,732,6200,1004,6200,192,37
414,732,6201,1004,6201,192,37
414,732,6202,1004,6202,192,37
414,732,6203,1004,6203,192,37
414,732,6204,1004,6204,192,37
414,732,6205,1004,6205,192,37
414,732,6206,1004,6206,192,37
414,732,6207,1004,6207,192,37
414,732,6208,1004,6208,192,37
414,732,6209,1004,6209,192,37
414,732,6210,1004,6210,192,37
414,732,6211,1004,6211,192,37
414,732,6212,1004,6212,192,37
414,732,6213,1004,6213,192,37
414,732,6214,1004,6214,192,37
414,732,6215,1004,6215,192,37
414,732,6216,1004,6216,192,37
414,732,6217,1004,6217,192,37
414,732,6218,1004,6218,192,37
413,732,6219,1004,6219,192,37
413,732,6220,1004,6220,192,37
413,732,6221,1004,6221,192,37
413,732,6222,1004,6222,192,37
413,732,6223,1004,6223,192,37
413,732,6224,1004,6224,192,37
413,732,6225,1004,6225,192,37
413,732,6226,1004,6226,192,37
413,732,6227,1004,6227,192,37
413,732,6228,1004,6228,192,37
413,732,6229,1004,6229,192,37
413,732,6230,1004,6230,192,37
413,732,6231,1004,6231,192,37
413,732,6232,1004,6232,192,37
413,732,6233,1004,6233,192,37
413,732,6234,1004,6234,192,37
413,732,6235,1004,6235,192,37
413,732,6236,1004,6236,192,37
413,732,6237,1004,6237,192,37
413,732,6238,1004,6238,192,37
413,732,6239,1004,6239,192,37
413,732,6240,1004,6240,192,37
413,732,6241,1004,6241,192,37
413,732,6242,1004,6242,192,37
413,732,6243,1004,6243,192,37
413,732,6244,1004,6244,192,37
413,732,6245,1004,6245,192,37
413,732,6246,1004,6246,192,37
413,732,6247,1004,6247,192,37
413,732,6248,1004,6248,192,37
413,732,6249,1004,6249,192,37
413,732,6250,1004,6250,192,37
413,732,6251,1004,6251,192,37
413,732,6252,1004,6252,192,37
413,732,6253,1004,6253,192,37
413,732,6254,1004,6254,192,37
413,732,6255,1004,6255,192,37
413,732,6256,1004,6256,192,37
413,732,6257,1004,6257,192,37
413,732,6258,1004,6258,192,37
413,732,6259,1004,6259,192,37
413,732,6260,1004,6260,192,37
413,732,6261,1004,6261,192,37
413,732,6262,1004,6262,192,37
413,732,6263,1004,6263,192,37
413,732,6264,1004,6264,192,37
413,732,6265,1004,6265,192,37
413,732,6266,1004,6266,192,37
413,732,6267,1004,6267,192,37
413,732,6268,1004,6268,192,37
413,732,6269,1004,6269,192,37
413,732,6270,1004,6270,192,37
413,732,6271,1004,6271,192,37
413,732,6272,1004,6272,192,37
413,732,6273,1004,6273,192,37
413,732,6274,1004,6274,192,37
413,732,6275,1004,6275,192,37
413,732,6276,1004,6276,192,37
413,732,6277,1004,6277,192,37
413,732,6278,1004,6278,192,37
413,732,6279,1004,6279,192,37
413,732,6280,1004,6280,192,37
413,732,6281,1004,6281,192,37
413,732,6282,1004,6282,192,37
413,732,6283,1004,6283,192,37
413,732,6284,1004,6284,192,37
413,732,6285,1004,6285,192,37
413,732,6286,1004,6286,192,37
413,732,6287,1004,6287,192,37
413,732,6288,1004,6288,192,37
413,732,6289,1004,6289,192,37
413,732,6290,1004,6290,192,37
413,732,6291,1004,6291,192,37
413,732,6292,1004,6292,192,37
413,732,6293,1004,6293,192,37
414,732,6294,1004,6294,192,37
414,732,6295,1004,6295,192,37
414,732,6296,1004,6296,192,37
414,732,6297,1004,6297,192,37
414,732,6298,1004,6298,192,37
414,732,6299,1004,6299,192,37
414,732,6300,1004,6300,192,37
414,732,6301,1004,6301,192,37
414,732,6302,1004,6302,192,37
414,732,6303,1004,6303,192,37
414,732,6304,1004,6304,192,37
413,732,6305,1004,6305,192,37
413,732,6306,1004,6306,192,37
413,732,6307,1004,6307,192,37
413,732,6308,1004,6308,192,37
413,732,6309,1004,6309,192,37
413,732,6310,1004,6310,192,37
413,732,6311,1004,6311,192,37
412,732,6312,1004,6312,192,36
412,732,6313,1004,6313,192,36
412,732,6314,1004,6314,192,36
412,732,6315,1004,6315,192,36
411,732,6316,1004,6316,192,36
411,732,6317,1004,6317,192,36
411,732,6318,1004,6318,192,36
411,732,6319,1004,6319,192,36
411,732,6320,1004,6320,192,36
411,732,6321,1004,6321,192,36
411,732,6322,1004,6322,192,36
411,732,6323,1004,6323,192,36
411,732,6324,1004,6324,192,36
411,732,6325,1004,6325,192,36
411,732,6326,1004,6326,192,36
411,732,6327,1004,6327,192,36
411,732,6328,1004,6328,192,36
411,732,6329,1004,6329,192,36
411,732,6330,1004,6330,192,36
411,732,6331,1004,6331,192,36
411,732,6332,1004,6332,192,36
411,732,6333,1004,6333,192,36
411,732,6334,1004,6334,192,36
411,732,6335,1004,6335,192,36
411,732,6336,1004,6336,192,36
411,732,6337,1004,6337,192,36
411,732,6338,1004,6338,192,36
411,732,6339,1004,6339,192,36
412,732,6340,1004,6340,192,36
412,732,6341,1004,6341,192,36
412,732,6342,1004,6342,192,36
412,732,6343,1004,6343,192,36
412,732,6344,1004,6344,192,36
412,732,6345,1004,6345,192,36
412,732,6346,1004,6346,192,36
412,732,6347,1004,6347,192,36
412,732,6348,1004,6348,192,36
412,732,6349,1004,6349,192,36
412,732,6350,1004,6350,192,36
412,732,6351,1004,6351,192,36
412,732,6352,1004,6352,192,36
412,732,6353,1004,6353,192,36
412,732,6354,1004,6354,192,36
412,732,6355,1004,6355,192,36
412,732,6356,1004,6356,192,36
412,732,6357,1004,6357,192,36
412,732,6358,1004,6358,192,36
412,732,6359,1004,6359,192,36
412,732,6360,1004,6360,192,36
412,732,6361,1004,6361,192,36
412,732,6362,1004,6362,192,36
412,732,6363,1004,6363,192,36
412,732,6364,1004,6364,192,36
412,732,6365,1004,6365,192,36
412,732,6366,1004,6366,192,36
412,732,6367,1004,6367,192,36
412,732,6368,1004,6368,192,36
412,732,6369,1004,6369,192,36
412,732,6370,1004,6370,192,36
412,732,6371,1004,6371,192,36
412,732,6372,1004,6372,192,36
412,732,6373,1004,6373,192,36
412,732,6374,1004,6374,192,36
412,732,6375,1004,6375,192,36
412,732,6376,1004,6376,192,36
412,732,6377,1004,6377,192,36
412,732,6378,1004,6378,192,36
412,732,6379,1004,6379,192,36
412,732,6380,1004,6380,192,36
412,732,6381,1004,6381,192,36
412,732,6382,1004,6382,192,36
412,732,6383,1004,6383,192,36
412,732,6384,1004,6384,192,36
413,732,6385,1004,6385,192,36
413,732,6386,1004,6386,192,36
413,732,6387,1004,6387,192,36
413,732,6388,1004,6388,192,36
413,732,6389,1004,6389,192,36
413,732,6390,1004,6390,192,36
413,732,6391,1004,6391,192,36
413,732,6392,1004,6392,192,36
413,732,6393,1004,6393,192,36
414,732,6394,1004,6394,192,36
414,732,6395,1004,6395,192,36
414,732,6396,1004,6396,192,36
414,732,6397,1004,6397,192,36
414,732,6398,1004,6398,192,36
414,732,6399,1004,6399,192,36
414,732,6400,1004,6400,192,36
414,732,6401,1004,6401,192,36
414,732,6402,1004,6402,192,36
414,732,6403,1004,6403,192,36
414,732,6404,1004,6404,192,36
414,732,6405,1004,6405,192,36
414,732,6406,1004,6406,192,36
414,732,6407,1004,6407,192,36
414,732,6408,1004,6408,192,36
413,732,6409,1004,6409,192,35
413,732,6410,1004,6410,192,35
413,732,6411,1004,6411,192,35
413,732,6412,1004,6412,192,35
413,732,6413,1004,6413,192,35
413,732,6414,1004,6414,192,35
413,732,6415,1004,6415,192,35
413,732,6416,1004,6416,192,35
413,732,6417,1004,6417,192,35
413,732,6418,1004,6418,192,35
413,732,6419,1004,6419,192,35
413,732,6420,1004,6420,192,35
413,732,6421,1004,6421,192,35
413,732,6422,1004,6422,192,35
413,732,6423,1004,6423,192,35
413,732,6424,1004,6424,192,35
413,732,6425,1004,6425,192,35
413,732,6426,1004,6426,192,35
413,732,6427,1004,6427,192,35
413,732,6428,1004,6428,192,35
412,732,6429,1004,6429,192,35
412,732,6430,1004,6430,192,35
412,732,6431,1004,6431,192,35
412,732,6432,1004,6432,192,35
412,732,6433,1004,6433,192,35
412,732,6434,1004,6434,192,35
412,732,6435,1004,6435,192,35
412,732,6436,1004,6436,192,35
412,732,6437,1004,6437,192,35
412,732,6438,1004,6438,192,35
412,732,6439,1004,6439,192,35
412,732,6440,1004,6440,192,35
412,732,6441,1004,6441,192,35
412,732,6442,1004,6442,192,35
412,732,6443,1004,6443,192,35
412,732,6444,1004,6444,192,35
412,732,6445,1004,6445,192,35
411,732,6446,1004,6446,192,35
411,732,6447,1004,6447,192,35
411,732,6448,1004,6448,192,35
411,732,6449,1004,6449,192,35
411,732,6450,1004,6450,192,35
411,732,6451,1004,6451,192,35
411,732,6452,1004,6452,192,35
411,732,6453,1004,6453,192,35
411,732,6454,1004,6454,192,35
411,732,6455,1004,6455,192,35
411,732,6456,1004,6456,192,35
411,732,6457,1004,6457,192,35
411,732,6458,1004,6458,192,35
411,732,6459,1004,6459,192,35
411,732,6460,1004,6460,192,35
411,732,6461,1004,6461,192,35
411,732,6462,1004,6462,192,35
411,732,6463,1004,6463,192,35
411,732,6464,1004,6464,192,35
411,732,6465,1004,6465,192,35
411,732,6466,1004,6466,192,35
411,732,6467,1004,6467,192,35
411,732,6468,1004,6468,192,35
411,732,6469,1004,6469,192,35
411,732,6470,1004,6470,192,35
411,732,6471,1004,6471,192,35
411,732,6472,1004,6472,192,35
411,732,6473,1004,6473,192,35
411,732,6474,1004,6474,192,35
411,732,6475,1004,6475,192,35
411,732,6476,1004,6476,192,35
411,732,6477,1004,6477,192,35
411,732,6478,1004,6478,192,35
411,732,6479,1004,6479,192,35
411,732,6480,1004,6480,192,35
411,732,6481,1004,6481,192,35
411,732,6482,1004,6482,192,35
411,732,6483,1004,6483,192,35
411,732,6484,1004,6484,192,35
411,732,6485,1004,6485,192,35
411,732,6486,1004,6486,192,35
411,732,6487,1004,6487,192,35
411,732,6488,1004,6488,192,35
411,732,6489,1004,6489,192,35
411,732,6490,1004,6490,192,35
411,732,6491,1004,6491,192,35
411,732,6492,1004,6492,192,35
411,732,6493,1004,6493,192,35
411,732,6494,1004,6494,192,35
411,732,6495,1004,6495,192,35
411,732,6496,1004,6496,192,35
411,732,6497,1004,6497,192,35
411,732,6498,1004,6498,192,35
411,732,6499,1004,6499,192,35
411,732,6500,1004,6500,192,35
411,732,6501,1004,6501,192,35
411,732,6502,1004,6502,192,35
411,732,6503,1004,6503,192,35
411,732,6504,1004,6504,192,35
411,732,6505,1004,6505,192,35
411,732,6506,1004,6506,192,35
411,732,6507,1004,6507,192,35
411,732,6508,1004,6508,192,35
411,732,6509,1004,6509,192,35
411,732,6510,1004,6510,192,35
411,732,6511,1004,6511,192,35
411,732,6512,1004,6512,192,35
411,732,6513,1004,6513,192,35
411,732,6514,1004,6514,192,35
411,732,6515,1004,6515,192,35
411,732,6516,1004,6516,192,35
411,732,6517,1004,6517,192,35
411,732,6518,1004,6518,192,35
411,732,6519,1004,6519,192,35
411,732,6520,1004,6520,192,35
410,732,6521,1004,6521,192,35
410,732,6522,1004,6522,192,35
410,732,6523,1004,6523,192,35
410,732,6524,1004,6524,192,35
410,732,6525,1004,6525,192,35
410,732,6526,1004,6526,192,35
410,732,6527,1004,6527,192,35
410,732,6528,1004,6528,192,35
410,732,6529,1004,6529,192,35
410,732,6530,1004,6530,192,35
410,732,6531,1004,6531,192,35
410,732,6532,1004,6532,192,35
410,732,6533,1004,6533,192,35
410,732,6534,1004,6534,192,35
410,732,6535,1004,6535,192,35
410,732,6536,1004,6536,192,35
410,732,6537,1004,6537,192,35
410,732,6538,1004,6538,192,35
410,732,6539,1004,6539,192,35
410,732,6540,1004,6540,192,35
409,732,6541,1004,6541,192,35
409,732,6542,1004,6542,192,35
409,732,6543,1004,6543,192,35
409,732,6544,1004,6544,192,35
409,732,6545,1004,6545,192,35
409,732,6546,1004,6546,192,35
409,732,6547,1004,6547,192,35
409,732,6548,1004,6548,192,35
409,732,6549,1004,6549,192,35
409,732,6550,1004,6550,192,35
409,732,6551,1004,6551,192,35
409,732,6552,1004,6552,192,35
409,732,6553,1004,6553,192,35
409,732,6554,1004,6554,192,35
409,732,6555,1004,6555,192,35
409,732,6556,1004,6556,192,35
409,732,6557,1004,6557,192,35
409,732,6558,1004,6558,192,35
409,732,6559,1004,6559,192,35
409,732,6560,1004,6560,192,35
409,732,6561,1004,6561,192,35
409,732,6562,1004,6562,192,35
409,732,6563,1004,6563,192,35
409,732,6564,1004,6564,192,35
409,732,6565,1004,6565,192,35
409,732,6566,1004,6566,192,35
409,732,6567,1004,6567,192,35
409,732,6568,1004,6568,192,35
409,732,6569,1004,6569,192,35
409,732,6570,1004,6570,192,35
409,732,6571,1004,6571,192,35
409,732,6572,1004,6572,192,35
409,732,6573,1004,6573,192,35
409,732,6574,1004,6574,192,35
409,732,6575,1004,6575,192,35
409,732,6576,1004,6576,192,35
409,732,6577,1004,6577,192,35
409,732,6578,1004,6578,192,35
409,732,6579,1004,6579,192,35
409,732,6580,1004,6580,192,35
409,732,6581,1004,6581,192,35
409,732,6582,1004,6582,192,35
409,732,6583,1004,6583,192,35
409,732,6584,1004,6584,192,35
409,732,6585,1004,6585,192,35
409,732,6586,1004,6586,192,35
409,732,6587,1004,6587,192,35
409,732,6588,1004,6588,192,35
409,732,6589,1004,6589,192,35
409,732,6590,1004,6590,192,35
409,732,6591,1004,6591,192,35
409,732,6592,1004,6592,192,35
409,732,6593,1004,6593,192,35
409,732,6594,1004,6594,192,35
409,732,6595,1004,6595,192,35
409,732,6596,1004,6596,192,35
409,732,6597,1004,6597,192,35
409,732,6598,1004,6598,192,35
409,732,6599,1004,6599,192,35
409,732,6600,1004,6600,192,35
409,732,6601,1004,6601,192,35
409,732,6602,1004,6602,192,35
409,732,6603,1004,6603,192,35
409,732,6604,1004,6604,192,35
409,732,6605,1004,6605,192,35
410,732,6606,1004,6606,192,35
410,732,6607,1004,6607,192,35
410,732,6608,1004,6608,192,35
410,732,6609,1004,6609,192,35
410,732,6610,1004,6610,192,35
410,732,6611,1004,6611,192,35
410,732,6612,1004,6612,192,35
410,732,6613,1004,6613,192,35
410,732,6614,1004,6614,192,35
410,732,6615,1004,6615,192,35
410,732,6616,1004,6616,192,35
410,732,6617,1004,6617,192,35
410,732,6618,1004,6618,192,35
410,732,6619,1004,6619,192,35
410,732,6620,1004,6620,192,35
410,732,6621,1004,6621,192,35
410,732,6622,1004,6622,192,35
410,732,6623,1004,6623,192,35
410,732,6624,1004,6624,192,35
410,732,6625,1004,6625,192,35
410,732,6626,1004,6626,192,35
410,732,6627,1004,6627,192,35
410,732,6628,1004,6628,192,35
410,732,6629,1004,6629,192,35
410,732,6630,1004,6630,192,35
410,732,6631,1004,6631,192,35
410,732,6632,1004,6632,192,35
410,732,6633,1004,6633,192,35
410,732,6634,1004,6634,192,35
410,732,6635,1004,6635,192,35
410,732,6636,1004,6636,192,35
409,732,6637,1004,6637,192,35
409,732,6638,1004,6638,192,35
409,732,6639,1004,6639,192,35
409,732,6640,1004,6640,192,35
409,732,6641,1004,6641,192,35
409,732,6642,1004,6642,192,35
409,732,6643,1004,6643,192,35
409,732,6644,1004,6644,192,35
409,732,6645,1004,6645,192,35
409,732,6646,1004,6646,192,35
409,732,6647,1004,6647,192,35
409,732,6648,1004,6648,192,35
409,732,6649,1004,6649,192,35
409,732,6650,1004,6650,192,35
409,732,6651,1004,6651,192,35
409,732,6652,1004,6652,192,35
409,732,6653,1004,6653,192,35
409,732,6654,1004,6654,192,35
409,732,6655,1004,6655,192,35
409,732,6656,1004,6656,192,35
409,732,6657,1004,6657,192,35
409,732,6658,1004,6658,192,35
409,732,6659,1004,6659,192,35
409,732,6660,1004,6660,192,35
409,732,6661,1004,6661,192,35
409,732,6662,1004,6662,192,35
409,732,6663,1004,6663,192,35
409,732,6664,1004,6664,192,35
409,732,6665,1004,6665,192,35
409,732,6666,1004,6666,192,35
409,732,6667,1004,6667,192,35
409,732,6668,1004,6668,192,35
409,732,6669,1004,6669,192,35
408,732,6670,1004,6670,192,35
408,732,6671,1004,6671,192,35
408,732,6672,1004,6672,192,35
408,732,6673,1004,6673,192,35
408,732,6674,1004,6674,192,35
408,732,6675,1004,6675,192,35
408,732,6676,1004,6676,192,35
408,732,6677,1004,6677,192,35
408,732,6678,1004,6678,192,35
408,732,6679,1004,6679,192,35
408,732,6680,1004,6680,192,35
408,732,6681,1004,6681,192,35
408,732,6682,1004,6682,192,35
408,732,6683,1004,6683,192,35
408,732,6684,1004,6684,192,35
408,732,6685,1004,6685,192,35
408,732,6686,1004,6686,192,35
408,732,6687,1004,6687,192,35
408,732,6688,1004,6688,192,35
408,732,6689,1004,6689,192,35
408,732,6690,1004,6690,192,35
408,732,6691,1004,6691,192,35
407,732,6692,1004,6692,192,35
407,732,6693,1004,6693,192,35
407,732,6694,1004,6694,192,35
407,732,6695,1004,6695,192,35
407,732,6696,1004,6696,192,35
407,732,6697,1004,6697,192,35
407,732,6698,1004,6698,192,35
407,732,6699,1004,6699,192,35
407,732,6700,1004,6700,192,35
407,732,6701,1004,6701,192,35
407,732,6702,1004,6702,192,35
407,732,6703,1004,6703,192,35
407,732,6704,1004,6704,192,35
407,732,6705,1004,6705,192,35
407,732,6706,1004,6706,192,35
407,732,6707,1004,6707,192,35
407,732,6708,1004,6708,192,35
407,732,6709,1004,6709,192,35
407,732,6710,1004,6710,192,35
407,732,6711,1004,6711,192,35
407,732,6712,1004,6712,192,35
407,732,6713,1004,6713,192,35
407,732,6714,1004,6714,192,35
407,732,6715,1004,6715,192,35
407,732,6716,1004,6716,192,35
407,732,6717,1004,6717,192,35
407,732,6718,1004,6718,192,35
407,732,6719,1004,6719,192,35
407,732,6720,1004,6720,192,35
407,732,6721,1004,6721,192,35
407,732,6722,1004,6722,192,35
407,732,6723,1004,6723,192,35
407,732,6724,1004,6724,192,35
407,732,6725,1004,6725,192,35
407,732,6726,1004,6726,192,35
407,732,6727,1004,6727,192,35
407,732,6728,1004,6728,192,35
407,732,6729,1004,6729,192,35
407,732,6730,1004,6730,192,35
408,732,6731,1004,6731,192,35
408,732,6732,1004,6732,192,35
408,732,6733,1004,6733,192,35
408,732,6734,1004,6734,192,35
408,732,6735,1004,6735,192,35
408,732,6736,1004,6736,192,35
408,732,6737,1004,6737,192,35
408,732,6738,1004,6738,192,35
408,732,6739,1004,6739,192,35
408,732,6740,1004,6740,192,35
408,732,6741,1004,6741,192,35
408,732,6742,1004,6742,192,35
408,732,6743,1004,6743,192,35
408,732,6744,1004,6744,192,35
408,732,6745,1004,6745,192,35
408,732,6746,1004,6746,192,35
408,732,6747,1004,6747,192,35
408,732,6748,1004,6748,192,35
408,732,6749,1004,6749,192,35
408,732,6750,1004,6750,192,35
408,732,6751,1004,6751,192,35
408,732,6752,1004,6752,192,35
408,732,6753,1004,6753,192,35
408,732,6754,1004,6754,192,35
408,732,6755,1004,6755,192,35
408,732,6756,1004,6756,192,35
408,732,6757,1004,6757,192,35
408,732,6758,1004,6758,192,35
408,732,6759,1004,6759,192,35
408,732,6760,1004,6760,192,35
408,732,6761,1004,6761,192,35
408,732,6762,1004,6762,192,35
408,732,6763,1004,6763,192,35
408,732,6764,1004,6764,192,35
408,732,6765,1004,6765,192,35
408,732,6766,1004,6766,192,35
408,732,6767,1004,6767,192,35
408,732,6768,1004,6768,192,35
408,732,6769,1004,6769,192,35
408,732,6770,1004,6770,192,35
408,732,6771,1004,6771,192,35
408,732,6772,1004,6772,192,35
408,732,6773,1004,6773,192,35
408,732,6774,1004,6774,192,35
408,732,6775,1004,6775,192,35
408,732,6776,1004,6776,192,35
408,732,6777,1004,6777,192,35
408,732,6778,1004,6778,192,35
408,732,6779,1004,6779,192,35
408,732,6780,1004,6780,192,35
408,732,6781,1004,6781,192,35
408,732,6782,1004,6782,192,35
408,732,6783,1004,6783,192,35
408,732,6784,1004,6784,192,35
408,732,6785,1004,6785,192,35
408,732,6786,1004,6786,192,35
408,732,6787,1004,6787,192,35
408,732,6788,1004,6788,192,35
408,732,6789,1004,6789,192,35
408,732,6790,1004,6790,192,35
408,732,6791,1004,6791,192,35
408,732,6792,1004,6792,192,35
408,732,6793,1004,6793,192,35
408,732,6794,1004,6794,192,35
408,732,6795,1004,6795,192,35
408,732,6796,1004,6796,192,35
408,732,6797,1004,6797,192,35
408,732,6798,1004,6798,192,35
408,732,6799,1004,6799,192,35
408,732,6800,1004,6800,192,35
408,732,6801,1004,6801,192,35
408,732,6802,1004,6802,192,35
408,732,6803,1004,6803,192,35
408,732,6804,1004,6804,192,35
408,732,6805,1004,6805,192,35
408,732,6806,1004,6806,192,35
408,732,6807,1004,6807,192,35
408,732,6808,1004,6808,192,35
408,732,6809,1004,6809,192,35
408,732,6810,1004,6810,192,35
408,732,6811,1004,6811,192,35
408,732,6812,1004,6812,192,35
408,732,6813,1004,6813,192,35
408,732,6814,1004,6814,192,35
408,732,6815,1004,6815,192,35
408,732,6816,1004,6816,192,35
408,732,6817,1004,6817,192,35
408,732,6818,1004,6818,192,35
408,732,6819,1004,6819,192,35
408,732,6820,1004,6820,192,35
408,732,6821,1004,6821,192,35
408,732,6822,1004,6822,192,35
408,732,6823,1004,6823,192,35
408,732,6824,1004,6824,192,35
408,732,6825,1004,6825,192,35
408,732,6826,1004,6826,192,35
408,732,6827,1004,6827,192,35
408,732,6828,1004,6828,192,35
408,732,6829,1004,6829,192,35
408,732,6830,1004,6830,192,35
408,732,6831,1004,6831,192,35
408,732,6832,1004,6832,192,35
408,732,6833,1004,6833,192,35
408,732,6834,1004,6834,192,35
408,732,6835,1004,6835,192,35
408,732,6836,1004,6836,192,35
408,732,6837,1004,6837,192,35
408,732,6838,1004,6838,192,35
408,732,6839,1004,6839,192,35
408,732,6840,1004,6840,192,35
408,732,6841,1004,6841,192,35
408,732,6842,1004,6842,192,35
408,732,6843,1004,6843,192,35
408,732,6844,1004,6844,192,35
408,732,6845,1004,6845,192,35
408,732,6846,1004,6846,192,35
408,732,6847,1004,6847,192,35
408,732,6848,1004,6848,192,35
408,732,6849,1004,6849,192,35
408,732,6850,1004,6850,192,35
408,732,6851,1004,6851,192,35
408,732,6852,1004,6852,192,35
408,732,6853,1004,6853,192,35
408,732,6854,1004,6854,192,35
408,732,6855,1004,6855,192,35
408,732,6856,1004,6856,192,35
408,732,6857,1004,6857,192,35
408,732,6858,1004,6858,192,35
408,732,6859,1004,6859,192,35
407,732,6860,1004,6860,192,35
407,732,6861,1004,6861,192,35
407,732,6862,1004,6862,192,35
407,732,6863,1004,6863,192,35
407,732,6864,1004,6864,192,35
407,732,6865,1004,6865,192,35
407,732,6866,1004,6866,192,35
407,732,6867,1004,6867,192,35
407,732,6868,1004,6868,192,35
407,732,6869,1004,6869,192,35
407,732,6870,1004,6870,192,35
407,732,6871,1004,6871,192,35
407,732,6872,1004,6872,192,35
407,732,6873,1004,6873,192,35
407,732,6874,1004,6874,192,35
407,732,6875,1004,6875,192,35
407,732,6876,1004,6876,192,35
407,732,6877,1004,6877,192,35
407,732,6878,1004,6878,192,35
407,732,6879,1004,6879,192,35
407,732,6880,1004,6880,192,35
407,732,6881,1004,6881,192,35
407,732,6882,1004,6882,192,35
407,732,6883,1004,6883,192,35
407,732,6884,1004,6884,192,35
407,732,6885,1004,6885,192,35
407,732,6886,1004,6886,192,35
407,732,6887,1004,6887,192,35
407,732,6888,1004,6888,192,35
407,732,6889,1004,6889,192,35
407,732,6890,1004,6890,192,35
407,732,6891,1004,6891,192,35
407,732,6892,1004,6892,192,35
407,732,6893,1004,6893,192,35
407,732,6894,1004,6894,192,35
407,732,6895,1004,6895,192,35
407,732,6896,1004,6896,192,35
407,732,6897,1004,6897,192,35
407,732,6898,1004,6898,192,35
407,732,6899,1004,6899,192,35
407,732,6900,1004,6900,192,35
407,732,6901,1004,6901,192,35
407,732,6902,1004,6902,192,35
407,732,6903,1004,6903,192,35
407,732,6904,1004,6904,192,35
407,732,6905,1004,6905,192,35
407,732,6906,1004,6906,192,35
407,732,6907,1004,6907,192,35
407,732,6908,1004,6908,192,35
407,732,6909,1004,6909,192,35
407,732,6910,1004,6910,192,35
406,732,6911,1004,6911,192,34
406,732,6912,1004,6912,192,34
406,732,6913,1004,6913,192,34
406,732,6914,1004,6914,192,34
406,732,6915,1004,6915,192,34
406,732,6916,1004,6916,192,34
406,732,6917,1004,6917,192,34
406,732,6918,1004,6918,192,34
406,732,6919,1004,6919,192,34
406,732,6920,1004,6920,192,34
406,732,6921,1004,6921,192,34
406,732,6922,1004,6922,192,34
406,732,6923,1004,6923,192,34
406,732,6924,1004,6924,192,34
406,732,6925,1004,6925,192,34
406,732,6926,1004,6926,192,34
406,732,6927,1004,6927,192,34
406,732,6928,1004,6928,192,34
406,732,6929,1004,6929,192,34
406,732,6930,1004,6930,192,34
406,732,6931,1004,6931,192,34
405,732,6932,1004,6932,192,34
405,732,6933,1004,6933,192,34
405,732,6934,1004,6934,192,34
405,732,6935,1004,6935,192,34
405,732,6936,1004,6936,192,34
405,732,6937,1004,6937,192,34
405,732,6938,1004,6938,192,34
405,732,6939,1004,6939,192,34
405,732,6940,1004,6940,192,34
405,732,6941,1004,6941,192,34
405,732,6942,1004,6942,192,34
405,732,6943,1004,6943,192,34
405,732,6944,1004,6944,192,34
405,732,6945,1004,6945,192,34
405,732,6946,1004,6946,192,34
405,732,6947,1004,6947,192,34
405,732,6948,1004,6948,192,34
405,732,6949,1004,6949,192,34
405,732,6950,1004,6950,192,34
405,732,6951,1004,6951,192,34
405,732,6952,1004,6952,192,34
405,732,6953,1004,6953,192,34
405,732,6954,1004,6954,192,34
405,732,6955,1004,6955,192,34
405,732,6956,1004,6956,192,34
405,732,6957,1004,6957,192,34
405,732,6958,1004,6958,192,34
405,732,6959,1004,6959,192,34
405,732,6960,1004,6960,192,34
405,732,6961,1004,6961,192,34
405,732,6962,1004,6962,192,34
405,732,6963,1004,6963,192,34
405,732,6964,1004,6964,192,34
405,732,6965,1004,6965,192,34
405,732,6966,1004,6966,192,34
405,732,6967,1004,6967,192,34
405,732,6968,1004,6968,192,34
405,732,6969,1004,6969,192,34
405,732,6970,1004,6970,192,34
405,732,6971,1004,6971,192,34
405,732,6972,1004,6972,192,34
405,732,6973,1004,6973,192,34
405,732,6974,1004,6974,192,34
405,732,6975,1004,6975,192,34
405,732,6976,1004,6976,192,34
405,732,6977,1004,6977,192,34
405,732,6978,1004,6978,192,34
405,732,6979,1004,6979,192,34
405,732,6980,1004,6980,192,34
405,732,6981,1004,6981,192,34
405,732,6982,1004,6982,192,34
405,732,6983,1004,6983,192,34
405,732,6984,1004,6984,192,34
405,732,6985,1004,6985,192,34
405,732,6986,1004,6986,192,34
405,732,6987,1004,6987,192,34
405,732,6988,1004,6988,192,34
405,732,6989,1004,6989,192,34
405,732,6990,1004,6990,192,34
405,732,6991,1004,6991,192,34
405,732,6992,1004,6992,192,34
405,732,6993,1004,6993,192,34
405,732,6994,1004,6994,192,34
405,732,6995,1004,6995,192,34
405,732,6996,1004,6996,192,34
405,732,6997,1004,6997,192,34
405,732,6998,1004,6998,192,34
405,732,6999,1004,6999,192,34
405,732,7000,1004,7000,192,34
405,732,7001,1004,7001,192,34
405,732,7002,1004,7002,192,34
405,732,7003,1004,7003,192,34
405,732,7004,1004,7004,192,34
405,732,7005,1004,7005,192,34
405,732,7006,1004,7006,192,34
405,732,7007,1004,7007,192,34
405,732,7008,1004,7008,192,34
405,732,7009,1004,7009,192,34
405,732,7010,1004,7010,192,34
405,732,7011,1004,7011,192,34
405,732,7012,1004,7012,192,34
405,732,7013,1004,7013,192,34
405,732,7014,1004,7014,192,34
405,732,7015,1004,7015,192,34
405,732,7016,1004,7016,192,34
405,732,7017,1004,7017,192,34
405,732,7018,1004,7018,192,34
405,732,7019,1004,7019,192,34
405,732,7020,1004,7020,192,34
405,732,7021,1004,7021,192,34
405,732,7022,1004,7022,192,34
405,732,7023,1004,7023,192,34
405,732,7024,1004,7024,192,34
405,732,7025,1004,7025,192,34
405,732,7026,1004,7026,192,34
405,732,7027,1004,7027,192,34
405,732,7028,1004,7028,192,34
405,732,7029,1004,7029,192,34
405,732,7030,1004,7030,192,34
405,732,7031,1004,7031,192,34
405,732,7032,1004,7032,192,34
405,732,7033,1004,7033,192,34
405,732,7034,1004,7034,192,34
405,732,7035,1004,7035,192,34
405,732,7036,1004,7036,192,34
405,732,7037,1004,7037,192,34
405,732,7038,1004,7038,192,34
405,732,7039,1004,7039,192,34
405,732,7040,1004,7040,192,34
405,732,7041,1004,7041,192,34
405,732,7042,1004,7042,192,34
405,732,7043,1004,7043,192,34
405,732,7044,1004,7044,192,34
405,732,7045,1004,7045,192,34
405,732,7046,1004,7046,192,34
405,732,7047,1004,7047,192,34
405,732,7048,1004,7048,192,34
405,732,7049,1004,7049,192,34
405,732,7050,1004,7050,192,34
405,732,7051,1004,7051,192,34
405,732,7052,1004,7052,192,34
405,732,7053,1004,7053,192,34
405,732,7054,1004,7054,192,34
405,732,7055,1004,7055,192,34
405,732,7056,1004,7056,192,34
405,732,7057,1004,7057,192,34
405,732,7058,1004,7058,192,34
405,732,7059,1004,7059,192,34
405,732,7060,1004,7060,192,34
405,732,7061,1004,7061,192,34
405,732,7062,1004,7062,192,34
405,732,7063,1004,7063,192,34
405,732,7064,1004,7064,192,34
405,732,7065,1004,7065,192,34
405,732,7066,1004,7066,192,34
405,732,7067,1004,7067,192,34
405,732,7068,1004,7068,192,34
405,732,7069,1004,7069,192,34
405,732,7070,1004,7070,192,34
405,732,7071,1004,7071,192,34
405,732,7072,1004,7072,192,34
405,732,7073,1004,7073,192,34
405,732,7074,1004,7074,192,34
405,732,7075,1004,7075,192,34
405,732,7076,1004,7076,192,34
405,732,7077,1004,7077,192,34
405,732,7078,1004,7078,192,34
405,732,7079,1004,7079,192,34
405,732,7080,1004,7080,192,34
405,732,7081,1004,7081,192,34
405,732,7082,1004,7082,192,34
405,732,7083,1004,7083,192,34
405,732,7084,1004,7084,192,34
405,732,7085,1004,7085,192,34
405,732,7086,1004,7086,192,34
405,732,7087,1004,7087,192,34
405,732,7088,1004,7088,192,34
405,732,7089,1004,7089,192,34
405,732,7090,1004,7090,192,34
405,732,7091,1004,7091,192,34
405,732,7092,1004,7092,192,34
405,732,7093,1004,7093,192,34
405,732,7094,1004,7094,192,34
405,732,7095,1004,7095,192,34
405,732,7096,1004,7096,192,34
405,732,7097,1004,7097,192,34
405,732,7098,1004,7098,192,34
405,732,7099,1004,7099,192,34
405,732,7100,1004,7100,192,34
405,732,7101,1004,7101,192,34
405,732,7102,1004,7102,192,34
405,732,7103,1004,7103,192,34
405,732,7104,1004,7104,192,34
405,732,7105,1004,7105,192,34
405,732,7106,1004,7106,192,34
405,732,7107,1004,7107,192,34
405,732,7108,1004,7108,192,34
405,732,7109,1004,7109,192,34
405,732,7110,1004,7110,192,34
405,732,7111,1004,7111,192,34
405,732,7112,1004,7112,192,34
405,732,7113,1004,7113,192,34
405,732,7114,1004,7114,192,34
405,732,7115,1004,7115,192,34
405,732,7116,1004,7116,192,34
405,732,7117,1004,7117,192,34
405,732,7118,1004,7118,192,34
405,732,7119,1004,7119,192,34
405,732,7120,1004,7120,192,34
405,732,7121,1004,7121,192,34
405,732,7122,1004,7122,192,34
405,732,7123,1004,7123,192,34
405,732,7124,1004,7124,192,34
405,732,7125,1004,7125,192,34
405,732,7126,1004,7126,192,34
405,732,7127,1004,7127,192,34
405,732,7128,1004,7128,192,34
405,732,7129,1004,7129,192,34
405,732,7130,1004,7130,192,34
405,732,7131,1004,7131,192,34
405,732,7132,1004,7132,192,34
405,732,7133,1004,7133,192,34
405,732,7134,1004,7134,192,34
405,732,7135,1004,7135,192,34
405,732,7136,1004,7136,192,34
405,732,7137,1004,7137,192,34
405,732,7138,1004,7138,192,34
405,732,7139,1004,7139,192,34
405,732,7140,1004,7140,192,34
405,732,7141,1004,7141,192,34
405,732,7142,1004,7142,192,34
405,732,7143,1004,7143,192,34
405,732,7144,1004,7144,192,34
405,732,7145,1004,7145,192,34
405,732,7146,1004,7146,192,34
405,732,7147,1004,7147,192,34
405,732,7148,1004,7148,192,34
405,732,7149,1004,7149,192,34
405,732,7150,1004,7150,192,34
405,732,7151,1004,7151,192,34
405,732,7152,1004,7152,192,34
405,732,7153,1004,7153,192,34
405,732,7154,1004,7154,192,34
405,732,7155,1004,7155,192,34
405,732,7156,1004,7156,192,34
405,732,7157,1004,7157,192,34
405,732,7158,1004,7158,192,34
405,732,7159,1004,7159,192,34
405,732,7160,1004,7160,192,34
405,732,7161,1004,7161,192,34
405,732,7162,1004,7162,192,34
405,732,7163,1004,7163,192,34
405,732,7164,1004,7164,192,34
405,732,7165,1004,7165,192,34
405,732,7166,1004,7166,192,34
405,732,7167,1004,7167,192,34
405,732,7168,1004,7168,192,34
405,732,7169,1004,7169,192,34
405,732,7170,1004,7170,192,34
405,732,7171,1004,7171,192,34
405,732,7172,1004,7172,192,34
405,732,7173,1004,7173,192,34
405,732,7174,1004,7174,192,34
405,732,7175,1004,7175,192,34
405,732,7176,1004,7176,192,34
405,732,7177,1004,7177,192,34
405,732,7178,1004,7178,192,34
405,732,7179,1004,7179,192,34
405,732,7180,1004,7180,192,34
405,732,7181,1004,7181,192,34
405,732,7182,1004,7182,192,34
405,732,7183,1004,7183,192,34
405,732,7184,1004,7184,192,34
405,732,7185,1004,7185,192,34
405,732,7186,1004,7186,192,34
405,732,7187,1004,7187,192,34
405,732,7188,1004,7188,192,34
405,732,7189,1004,7189,192,34
405,732,7190,1004,7190,192,34
405,732,7191,1004,7191,192,34
405,732,7192,1004,7192,192,34
405,732,7193,1004,7193,192,34
405,732,7194,1004,7194,192,34
405,732,7195,1004,7195,192,34
405,732,7196,1004,7196,192,34
405,732,7197,1004,7197,192,34
405,732,7198,1004,7198,192,34
405,732,7199,1004,7199,192,34
405,732,7200,1004,7200,192,34
405,732,7201,1004,7201,192,34
405,732,7202,1004,7202,192,34
405,732,7203,1004,7203,192,34
405,732,7204,1004,7204,192,34
405,732,7205,1004,7205,192,34
405,732,7206,1004,7206,192,34
405,732,7207,1004,7207,192,34
405,732,7208,1004,7208,192,34
405,732,7209,1004,7209,192,34
405,732,7210,1004,7210,192,34
405,732,7211,1004,7211,192,34
405,732,7212,1004,7212,192,34
405,732,7213,1004,7213,192,34
405,732,7214,1004,7214,192,34
405,732,7215,1004,7215,192,34
405,732,7216,1004,7216,192,34
405,732,7217,1004,7217,192,34
405,732,7218,1004,7218,192,34
405,732,7219,1004,7219,192,34
405,732,7220,1004,7220,192,34
405,732,7221,1004,7221,192,34
405,732,7222,1004,7222,192,34
405,732,7223,1004,7223,192,34
405,732,7224,1004,7224,192,34
405,732,7225,1004,7225,192,34
405,732,7226,1004,7226,192,34
405,732,7227,1004,7227,192,34
405,732,7228,1004,7228,192,34
405,732,7229,1004,7229,192,34
405,732,7230,1004,7230,192,34
405,732,7231,1004,7231,192,34
405,732,7232,1004,7232,192,34
405,732,7233,1004,7233,192,34
405,732,7234,1004,7234,192,34
405,732,7235,1004,7235,192,34
405,732,7236,1004,7236,192,34
405,732,7237,1004,7237,192,34
405,732,7238,1004,7238,192,34
405,732,7239,1004,7239,192,34
405,732,7240,1004,7240,192,34
405,732,7241,1004,7241,192,34
405,732,7242,1004,7242,192,34
405,732,7243,1004,7243,192,34
405,732,7244,1004,7244,192,34
405,732,7245,1004,7245,192,34
405,732,7246,1004,7246,192,34
405,732,7247,1004,7247,192,34
405,732,7248,1004,7248,192,34
405,732,7249,1004,7249,192,34
405,732,7250,1004,7250,192,34
405,732,7251,1004,7251,192,34
405,732,7252,1004,7252,192,34
405,732,7253,1004,7253,192,34
405,732,7254,1004,7254,192,34
405,732,7255,1004,7255,192,34
405,732,7256,1004,7256,192,34
405,732,7257,1004,7257,192,34
405,732,7258,1004,7258,192,34
405,732,7259,1004,7259,192,34
405,732,7260,1004,7260,192,34
405,732,7261,1004,7261,192,34
405,732,7262,1004,7262,192,34
405,732,7263,1004,7263,192,34
405,732,7264,1004,7264,192,34
405,732,7265,1004,7265,192,34
405,732,7266,1004,7266,192,34
405,732,7267,1004,7267,192,34
405,732,7268,1004,7268,192,34
405,732,7269,1004,7269,192,34
405,732,7270,1004,7270,192,34
405,732,7271,1004,7271,192,34
405,732,7272,1004,7272,192,34
405,732,7273,1004,7273,192,34
405,732,7274,1004,7274,192,34
405,732,7275,1004,7275,192,34
405,732,7276,1004,7276,192,34
405,732,7277,1004,7277,192,34
405,732,7278,1004,7278,192,34
405,732,7279,1004,7279,192,34
405,732,7280,1004,7280,192,34
405,732,7281,1004,7281,192,34
405,732,7282,1004,7282,192,34
405,732,7283,1004,7283,192,34
405,732,7284,1004,7284,192,34
405,732,7285,1004,7285,192,34
405,732,7286,1004,7286,192,34
405,732,7287,1004,7287,192,34
405,732,7288,1004,7288,192,34
405,732,7289,1004,7289,192,34
405,732,7290,1004,7290,192,34
405,732,7291,1004,7291,192,34
405,732,7292,1004,7292,192,34
405,732,7293,1004,7293,192,34
405,732,7294,1004,7294,192,34
405,732,7295,1004,7295,192,34
405,732,7296,1004,7296,192,34
405,732,7297,1004,7297,192,34
405,732,7298,1004,7298,192,34
405,732,7299,1004,7299,192,34
405,732,7300,1004,7300,192,34
405,732,7301,1004,7301,192,34
405,732,7302,1004,7302,192,34
405,732,7303,1004,7303,192,34
405,732,7304,1004,7304,192,34
405,732,7305,1004,7305,192,34
405,732,7306,1004,7306,192,34
405,732,7307,1004,7307,192,34
404,732,7308,1004,7308,192,34
404,732,7309,1004,7309,192,34
404,732,7310,1004,7310,192,34
404,732,7311,1004,7311,192,34
404,732,7312,1004,7312,192,34
404,732,7313,1004,7313,192,34
404,732,7314,1004,7314,192,34
404,732,7315,1004,7315,192,34
404,732,7316,1004,7316,192,34
404,732,7317,1004,7317,192,34
404,732,7318,1004,7318,192,34
404,732,7319,1004,7319,192,34
404,732,7320,1004,7320,192,34
404,732,7321,1004,7321,192,34
404,732,7322,1004,7322,192,34
404,732,7323,1004,7323,192,34
404,732,7324,1004,7324,192,34
404,732,7325,1004,7325,192,34
404,732,7326,1004,7326,192,34
404,732,7327,1004,7327,192,34
404,732,7328,1004,7328,192,34
404,732,7329,1004,7329,192,34
404,732,7330,1004,7330,192,34
404,732,7331,1004,7331,192,34
404,732,7332,1004,7332,192,34
404,732,7333,1004,7333,192,34
404,732,7334,1004,7334,192,34
404,732,7335,1004,7335,192,34
404,732,7336,1004,7336,192,34
404,732,7337,1004,7337,192,34
404,732,7338,1004,7338,192,34
404,732,7339,1004,7339,192,34
404,732,7340,1004,7340,192,34
404,732,7341,1004,7341,192,34
404,732,7342,1004,7342,192,34
404,732,7343,1004,7343,192,34
404,732,7344,1004,7344,192,34
404,732,7345,1004,7345,192,34
404,732,7346,1004,7346,192,34
403,732,7347,1004,7347,192,34
403,732,7348,1004,7348,192,34
403,732,7349,1004,7349,192,34
403,732,7350,1004,7350,192,34
403,732,7351,1004,7351,192,34
403,732,7352,1004,7352,192,34
403,732,7353,1004,7353,192,34
403,732,7354,1004,7354,192,34
403,732,7355,1004,7355,192,34
403,732,7356,1004,7356,192,34
403,732,7357,1004,7357,192,34
403,732,7358,1004,7358,192,34
403,732,7359,1004,7359,192,34
403,732,7360,1004,7360,192,34
403,732,7361,1004,7361,192,34
403,732,7362,1004,7362,192,34
403,732,7363,1004,7363,192,34
403,732,7364,1004,7364,192,34
403,732,7365,1004,7365,192,34
403,732,7366,1004,7366,192,34
403,732,7367,1004,7367,192,34
403,732,7368,1004,7368,192,34
403,732,7369,1004,7369,192,34
403,732,7370,1004,7370,192,34
403,732,7371,1004,7371,192,34
403,732,7372,1004,7372,192,34
403,732,7373,1004,7373,192,34
403,732,7374,1004,7374,192,34
403,732,7375,1004,7375,192,34
403,732,7376,1004,7376,192,34
403,732,7377,1004,7377,192,34
403,732,7378,1004,7378,192,34
403,732,7379,1004,7379,192,34
403,732,7380,1004,7380,192,34
403,732,7381,1004,7381,192,34
403,732,7382,1004,7382,192,34
403,732,7383,1004,7383,192,34
403,732,7384,1004,7384,192,34
403,732,7385,1004,7385,192,34
403,732,7386,1004,7386,192,34
403,732,7387,1004,7387,192,34
403,732,7388,1004,7388,192,34
403,732,7389,1004,7389,192,34
403,732,7390,1004,7390,192,34
403,732,7391,1004,7391,192,34
403,732,7392,1004,7392,192,34
403,732,7393,1004,7393,192,34
403,732,7394,1004,7394,192,34
403,732,7395,1004,7395,192,34
403,732,7396,1004,7396,192,34
403,732,7397,1004,7397,192,34
403,732,7398,1004,7398,192,34
403,732,7399,1004,7399,192,34
403,732,7400,1004,7400,192,34
403,732,7401,1004,7401,192,34
403,732,7402,1004,7402,192,34
403,732,7403,1004,7403,192,34
403,732,7404,1004,7404,192,34
403,732,7405,1004,7405,192,34
403,732,7406,1004,7406,192,34
403,732,7407,1004,7407,192,34
403,732,7408,1004,7408,192,34
403,732,7409,1004,7409,192,34
403,732,7410,1004,7410,192,34
403,732,7411,1004,7411,192,34
403,732,7412,1004,7412,192,34
403,732,7413,1004,7413,192,34
403,732,7414,1004,7414,192,34
403,732,7415,1004,7415,192,34
403,732,7416,1004,7416,192,34
403,732,7417,1004,7417,192,34
403,732,7418,1004,7418,192,34
403,732,7419,1004,7419,192,34
403,732,7420,1004,7420,192,34
403,732,7421,1004,7421,192,34
403,732,7422,1004,7422,192,34
403,732,7423,1004,7423,192,34
403,732,7424,1004,7424,192,34
403,732,7425,1004,7425,192,34
403,732,7426,1004,7426,192,34
403,732,7427,1004,7427,192,34
403,732,7428,1004,7428,192,34
403,732,7429,1004,7429,192,34
403,732,7430,1004,7430,192,34
403,732,7431,1004,7431,192,34
403,732,7432,1004,7432,192,34
403,732,7433,1004,7433,192,34
403,732,7434,1004,7434,192,34
403,732,7435,1004,7435,192,34
403,732,7436,1004,7436,192,34
403,732,7437,1004,7437,192,34
403,732,7438,1004,7438,192,34
403,732,7439,1004,7439,192,34
403,732,7440,1004,7440,192,34
403,732,7441,1004,7441,192,34
403,732,7442,1004,7442,192,34
403,732,7443,1004,7443,192,34
403,732,7444,1004,7444,192,34
403,732,7445,1004,7445,192,34
403,732,7446,1004,7446,192,34
403,732,7447,1004,7447,192,34
403,732,7448,1004,7448,192,34
403,732,7449,1004,7449,192,34
403,732,7450,1004,7450,192,34
403,732,7451,1004,7451,192,34
403,732,7452,1004,7452,192,34
403,732,7453,1004,7453,192,34
403,732,7454,1004,7454,192,34
403,732,7455,1004,7455,192,34
403,732,7456,1004,7456,192,34
403,732,7457,1004,7457,192,34
403,732,7458,1004,7458,192,34
403,732,7459,1004,7459,192,34
403,732,7460,1004,7460,192,34
403,732,7461,1004,7461,192,34
403,732,7462,1004,7462,192,34
403,732,7463,1004,7463,192,34
403,732,7464,1004,7464,192,34
403,732,7465,1004,7465,192,34
403,732,7466,1004,7466,192,34
403,732,7467,1004,7467,192,34
403,732,7468,1004,7468,192,34
403,732,7469,1004,7469,192,34
403,732,7470,1004,7470,192,34
403,732,7471,1004,7471,192,34
403,732,7472,1004,7472,192,34
403,732,7473,1004,7473,192,34
403,732,7474,1004,7474,192,34
403,732,7475,1004,7475,192,34
403,732,7476,1004,7476,192,34
403,732,7477,1004,7477,192,34
403,732,7478,1004,7478,192,34
403,732,7479,1004,7479,192,34
403,732,7480,1004,7480,192,34
403,732,7481,1004,7481,192,34
403,732,7482,1004,7482,192,34
403,732,7483,1004,7483,192,34
403,732,7484,1004,7484,192,34
403,732,7485,1004,7485,192,34
403,732,7486,1004,7486,192,34
403,732,7487,1004,7487,192,34
403,732,7488,1004,7488,192,34
403,732,7489,1004,7489,192,34
403,732,7490,1004,7490,192,34
403,732,7491,1004,7491,192,34
403,732,7492,1004,7492,192,34
403,732,7493,1004,7493,192,34
403,732,7494,1004,7494,192,34
403,732,7495,1004,7495,192,34
403,732,7496,1004,7496,192,34
403,732,7497,1004,7497,192,34
403,732,7498,1004,7498,192,34
403,732,7499,1004,7499,192,34
403,732,7500,1004,7500,192,34
403,732,7501,1004,7501,192,34
403,732,7502,1004,7502,192,34
403,732,7503,1004,7503,192,34
403,732,7504,1004,7504,192,34
403,732,7505,1004,7505,192,34
403,732,7506,1004,7506,192,34
403,732,7507,1004,7507,192,34
403,732,7508,1004,7508,192,34
403,732,7509,1004,7509,192,34
403,732,7510,1004,7510,192,34
403,732,7511,1004,7511,192,34
403,732,7512,1004,7512,192,34
403,732,7513,1004,7513,192,34
403,732,7514,1004,7514,192,34
403,732,7515,1004,7515,192,34
403,732,7516,1004,7516,192,34
403,732,7517,1004,7517,192,34
403,732,7518,1004,7518,192,34
403,732,7519,1004,7519,192,34
403,732,7520,1004,7520,192,34
403,732,7521,1004,7521,192,34
403,732,7522,1004,7522,192,34
403,732,7523,1004,7523,192,34
403,732,7524,1004,7524,192,34
403,732,7525,1004,7525,192,34
403,732,7526,1004,7526,192,34
403,732,7527,1004,7527,192,34
403,732,7528,1004,7528,192,34
403,732,7529,1004,7529,192,34
403,732,7530,1004,7530,192,34
403,732,7531,1004,7531,192,34
403,732,7532,1004,7532,192,34
403,732,7533,1004,7533,192,34
403,732,7534,1004,7534,192,34
403,732,7535,1004,7535,192,34
403,732,7536,1004,7536,192,34
403,732,7537,1004,7537,192,34
403,732,7538,1004,7538,192,34
403,732,7539,1004,7539,192,34
403,732,7540,1004,7540,192,34
403,732,7541,1004,7541,192,34
403,732,7542,1004,7542,192,34
403,732,7543,1004,7543,192,34
403,732,7544,1004,7544,192,34
403,732,7545,1004,7545,192,34
403,732,7546,1004,7546,192,34
403,732,7547,1004,7547,192,34
403,732,7548,1004,7548,192,34
403,732,7549,1004,7549,192,34
403,732,7550,1004,7550,192,34
403,732,7551,1004,7551,192,34
403,732,7552,1004,7552,192,34
403,732,7553,1004,7553,192,34
403,732,7554,1004,7554,192,34
403,732,7555,1004,7555,192,34
403,732,7556,1004,7556,192,34
403,732,7557,1004,7557,192,34
403,732,7558,1004,7558,192,34
403,732,7559,1004,7559,192,34
403,732,7560,1004,7560,192,34
403,732,7561,1004,7561,192,34
403,732,7562,1004,7562,192,34
403,732,7563,1004,7563,192,34
403,732,7564,1004,7564,192,34
403,732,7565,1004,7565,192,34
403,732,7566,1004,7566,192,34
403,732,7567,1004,7567,192,34
403,732,7568,1004,7568,192,34
403,732,7569,1004,7569,192,34
403,732,7570,1004,7570,192,34
403,732,7571,1004,7571,192,34
403,732,7572,1004,7572,192,34
403,732,7573,1004,7573,192,34
403,732,7574,1004,7574,192,34
403,732,7575,1004,7575,192,34
403,732,7576,1004,7576,192,34
403,732,7577,1004,7577,192,34
403,732,7578,1004,7578,192,34
403,732,7579,1004,7579,192,34
403,732,7580,1004,7580,192,34
403,732,7581,1004,7581,192,34
403,732,7582,1004,7582,192,34
403,732,7583,1004,7583,192,34
403,732,7584,1004,7584,192,34
403,732,7585,1004,7585,192,34
403,732,7586,1004,7586,192,34
403,732,7587,1004,7587,192,34
403,732,7588,1004,7588,192,34
403,732,7589,1004,7589,192,34
403,732,7590,1004,7590,192,34
403,732,7591,1004,7591,192,34
403,732,7592,1004,7592,192,34
403,732,7593,1004,7593,192,34
403,732,7594,1004,7594,192,34
403,732,7595,1004,7595,192,34
403,732,7596,1004,7596,192,34
403,732,7597,1004,7597,192,34
403,732,7598,1004,7598,192,34
403,732,7599,1004,7599,192,34
403,732,7600,1004,7600,192,34
403,732,7601,1004,7601,192,34
403,732,7602,1004,7602,192,34
403,732,7603,1004,7603,192,34
403,732,7604,1004,7604,192,34
403,732,7605,1004,7605,192,34
403,732,7606,1004,7606,192,34
403,732,7607,1004,7607,192,34
403,732,7608,1004,7608,192,34
403,732,7609,1004,7609,192,34
403,732,7610,1004,7610,192,34
403,732,7611,1004,7611,192,34
403,732,7612,1004,7612,192,34
403,732,7613,1004,7613,192,34
403,732,7614,1004,7614,192,34
403,732,7615,1004,7615,192,34
403,732,7616,1004,7616,192,34
403,732,7617,1004,7617,192,34
403,732,7618,1004,7618,192,34
403,732,7619,1004,7619,192,34
403,732,7620,1004,7620,192,34
403,732,7621,1004,7621,192,34
403,732,7622,1004,7622,192,34
403,732,7623,1004,7623,192,34
403,732,7624,1004,7624,192,34
403,732,7625,1004,7625,192,34
403,732,7626,1004,7626,192,34
403,732,7627,1004,7627,192,34
403,732,7628,1004,7628,192,34
403,732,7629,1004,7629,192,34
403,732,7630,1004,7630,192,34
403,732,7631,1004,7631,192,34
403,732,7632,1004,7632,192,34
403,732,7633,1004,7633,192,34
403,732,7634,1004,7634,192,34
403,732,7635,1004,7635,192,34
403,732,7636,1004,7636,192,34
403,732,7637,1004,7637,192,34
403,732,7638,1004,7638,192,34
403,732,7639,1004,7639,192,34
403,732,7640,1004,7640,192,34
403,732,7641,1004,7641,192,34
403,732,7642,1004,7642,192,34
403,732,7643,1004,7643,192,34
403,732,7644,1004,7644,192,34
403,732,7645,1004,7645,192,34
403,732,7646,1004,7646,192,34
403,732,7647,1004,7647,192,34
403,732,7648,1004,7648,192,34
403,732,7649,1004,7649,192,34
403,732,7650,1004,7650,192,34
403,732,7651,1004,7651,192,34
403,732,7652,1004,7652,192,34
403,732,7653,1004,7653,192,34
403,732,7654,1004,7654,192,34
403,732,7655,1004,7655,192,34
403,732,7656,1004,7656,192,34
403,732,7657,1004,7657,192,34
403,732,7658,1004,7658,192,34
403,732,7659,1004,7659,192,34
403,732,7660,1004,7660,192,34
403,732,7661,1004,7661,192,34
403,732,7662,1004,7662,192,34
403,732,7663,1004,7663,192,34
403,732,7664,1004,7664,192,34
403,732,7665,1004,7665,192,34
403,732,7666,1004,7666,192,34
403,732,7667,1004,7667,192,34
403,732,7668,1004,7668,192,34
403,732,7669,1004,7669,192,34
403,732,7670,1004,7670,192,34
403,732,7671,1004,7671,192,34
403,732,7672,1004,7672,192,34
403,732,7673,1004,7673,192,34
403,732,7674,1004,7674,192,34
403,732,7675,1004,7675,192,34
403,732,7676,1004,7676,192,34
403,732,7677,1004,7677,192,34
403,732,7678,1004,7678,192,34
403,732,7679,1004,7679,192,34
403,732,7680,1004,7680,192,34
403,732,7681,1004,7681,192,34
403,732,7682,1004,7682,192,34
403,732,7683,1004,7683,192,34
403,732,7684,1004,7684,192,34
403,732,7685,1004,7685,192,34
403,732,7686,1004,7686,192,34
403,732,7687,1004,7687,192,34
403,732,7688,1004,7688,192,34
403,732,7689,1004,7689,192,34
403,732,7690,1004,7690,192,34
403,732,7691,1004,7691,192,34
403,732,7692,1004,7692,192,34
403,732,7693,1004,7693,192,34
403,732,7694,1004,7694,192,34
403,732,7695,1004,7695,192,34
403,732,7696,1004,7696,192,34
403,732,7697,1004,7697,192,34
403,732,7698,1004,7698,192,34
403,732,7699,1004,7699,192,34
403,732,7700,1004,7700,192,34
403,732,7701,1004,7701,192,34
403,732,7702,1004,7702,192,34
403,732,7703,1004,7703,192,34
403,732,7704,1004,7704,192,34
403,732,7705,1004,7705,192,34
403,732,7706,1004,7706,192,34
403,732,7707,1004,7707,192,34
403,732,7708,1004,7708,192,34
403,732,7709,1004,7709,192,34
403,732,7710,1004,7710,192,34
403,732,7711,1004,7711,192,34
403,732,7712,1004,7712,192,34
403,732,7713,1004,7713,192,34
403,732,7714,1004,7714,192,34
403,732,7715,1004,7715,192,34
403,732,7716,1004,7716,192,34
403,732,7717,1004,7717,192,34
403,732,7718,1004,7718,192,34
403,732,7719,1004,7719,192,34
403,732,7720,1004,7720,192,34
403,732,7721,1004,7721,192,34
403,732,7722,1004,7722,192,34
403,732,7723,1004,7723,192,34
403,732,7724,1004,7724,192,34
403,732,7725,1004,7725,192,34
403,732,7726,1004,7726,192,34
403,732,7727,1004,7727,192,34
403,732,7728,1004,7728,192,34
403,732,7729,1004,7729,192,34
403,732,7730,1004,7730,192,34
403,732,7731,1004,7731,192,34
403,732,7732,1004,7732,192,34
403,732,7733,1004,7733,192,34
403,732,7734,1004,7734,192,34
403,732,7735,1004,7735,192,34
403,732,7736,1004,7736,192,34
403,732,7737,1004,7737,192,34
403,732,7738,1004,7738,192,34
403,732,7739,1004,7739,192,34
403,732,7740,1004,7740,192,34
403,732,7741,1004,7741,192,34
403,732,7742,1004,7742,192,34
403,732,7743,1004,7743,192,34
403,732,7744,1004,7744,192,34
403,732,7745,1004,7745,192,34
403,732,7746,1004,7746,192,34
403,732,7747,1004,7747,192,34
403,732,7748,1004,7748,192,34
403,732,7749,1004,7749,192,34
403,732,7750,1004,7750,192,34
403,732,7751,1004,7751,192,34
403,732,7752,1004,7752,192,34
403,732,7753,1004,7753,192,34
403,732,7754,1004,7754,192,34
403,732,7755,1004,7755,192,34
403,732,7756,1004,7756,192,34
403,732,7757,1004,7757,192,34
403,732,7758,1004,7758,192,34
403,732,7759,1004,7759,192,34
403,732,7760,1004,7760,192,34
403,732,7761,1004,7761,192,34
403,732,7762,1004,7762,192,34
403,732,7763,1004,7763,192,34
403,732,7764,1004,7764,192,34
403,732,7765,1004,7765,192,34
403,732,7766,1004,7766,192,34
403,732,7767,1004,7767,192,34
403,732,7768,1004,7768,192,34
403,732,7769,1004,7769,192,34
403,732,7770,1004,7770,192,34
403,732,7771,1004,7771,192,34
403,732,7772,1004,7772,192,34
403,732,7773,1004,7773,192,34
403,732,7774,1004,7774,192,34
403,732,7775,1004,7775,192,34
403,732,7776,1004,7776,192,34
403,732,7777,1004,7777,192,34
403,732,7778,1004,7778,192,34
403,732,7779,1004,7779,192,34
403,732,7780,1004,7780,192,34
403,732,7781,1004,7781,192,34
403,732,7782,1004,7782,192,34
403,732,7783,1004,7783,192,34
403,732,7784,1004,7784,192,34
403,732,7785,1004,7785,192,34
403,732,7786,1004,7786,192,34
403,732,7787,1004,7787,192,34
403,732,7788,1004,7788,192,34
403,732,7789,1004,7789,192,34
403,732,7790,1004,7790,192,34
403,732,7791,1004,7791,192,34
403,732,7792,1004,7792,192,34
403,732,7793,1004,7793,192,34
403,732,7794,1004,7794,192,34
403,732,7795,1004,7795,192,34
403,732,7796,1004,7796,192,34
403,732,7797,1004,7797,192,34
403,732,7798,1004,7798,192,34
403,732,7799,1004,7799,192,34
403,732,7800,1004,7800,192,34
403,732,7801,1004,7801,192,34
403,732,7802,1004,7802,192,34
403,732,7803,1004,7803,192,34
403,732,7804,1004,7804,192,34
403,732,7805,1004,7805,192,34
403,732,7806,1004,7806,192,34
403,732,7807,1004,7807,192,34
403,732,7808,1004,7808,192,34
403,732,7809,1004,7809,192,34
403,732,7810,1004,7810,192,34
403,732,7811,1004,7811,192,34
403,732,7812,1004,7812,192,34
403,732,7813,1004,7813,192,34
403,732,7814,1004,7814,192,34
403,732,7815,1004,7815,192,34
403,732,7816,1004,7816,192,34
403,732,7817,1004,7817,192,34
403,732,7818,1004,7818,192,34
403,732,7819,1004,7819,192,34
403,732,7820,1004,7820,192,34
403,732,7821,1004,7821,192,34
403,732,7822,1004,7822,192,34
403,732,7823,1004,7823,192,34
403,732,7824,1004,7824,192,34
403,732,7825,1004,7825,192,34
403,732,7826,1004,7826,192,34
403,732,7827,1004,7827,192,34
403,732,7828,1004,7828,192,34
403,732,7829,1004,7829,192,34
403,732,7830,1004,7830,192,34
403,732,7831,1004,7831,192,34
403,732,7832,1004,7832,192,34
403,732,7833,1004,7833,192,34
403,732,7834,1004,7834,192,34
403,732,7835,1004,7835,192,34
403,732,7836,1004,7836,192,34
403,732,7837,1004,7837,192,34
403,732,7838,1004,7838,192,34
403,732,7839,1004,7839,192,34
403,732,7840,1004,7840,192,34
403,732,7841,1004,7841,192,34
403,732,7842,1004,7842,192,34
403,732,7843,1004,7843,192,34
403,732,7844,1004,7844,192,34
403,732,7845,1004,7845,192,34
403,732,7846,1004,7846,192,34
403,732,7847,1004,7847,192,34
403,732,7848,1004,7848,192,34
403,732,7849,1004,7849,192,34
403,732,7850,1004,7850,192,34
403,732,7851,1004,7851,192,34
403,732,7852,1004,7852,192,34
403,732,7853,1004,7853,192,34
403,732,7854,1004,7854,192,34
403,732,7855,1004,7855,192,34
403,732,7856,1004,7856,192,34
403,732,7857,1004,7857,192,34
403,732,7858,1004,7858,192,34
403,732,7859,1004,7859,192,34
403,732,7860,1004,7860,192,34
403,732,7861,1004,7861,192,34
403,732,7862,1004,7862,192,34
403,732,7863,1004,7863,192,34
403,732,7864,1004,7864,192,34
403,732,7865,1004,7865,192,34
403,732,7866,1004,7866,192,34
403,732,7867,1004,7867,192,34
403,732,7868,1004,7868,192,34
403,732,7869,1004,7869,192,34
403,732,7870,1004,7870,192,34
403,732,7871,1004,7871,192,34
403,732,7872,1004,7872,192,34
403,732,7873,1004,7873,192,34
403,732,7874,1004,7874,192,34
403,732,7875,1004,7875,192,34
403,732,7876,1004,7876,192,34
403,732,7877,1004,7877,192,34
403,732,7878,1004,7878,192,34
403,732,7879,1004,7879,192,34
403,732,7880,1004,7880,192,34
403,732,7881,1004,7881,192,34
403,732,7882,1004,7882,192,34
403,732,7883,1004,7883,192,34
403,732,7884,1004,7884,192,34
403,732,7885,1004,7885,192,34
403,732,7886,1004,7886,192,34
403,732,7887,1004,7887,192,34
403,732,7888,1004,7888,192,34
403,732,7889,1004,7889,192,34
403,732,7890,1004,7890,192,34
403,732,7891,1004,7891,192,34
403,732,7892,1004,7892,192,34
403,732,7893,1004,7893,192,34
403,732,7894,1004,7894,192,34
403,732,7895,1004,7895,192,34
403,732,7896,1004,7896,192,34
403,732,7897,1004,7897,192,34
403,732,7898,1004,7898,192,34
403,732,7899,1004,7899,192,34
403,732,7900,1004,7900,192,34
403,732,7901,1004,7901,192,34
403,732,7902,1004,7902,192,34
403,732,7903,1004,7903,192,34
403,732,7904,1004,7904,192,34
403,732,7905,1004,7905,192,34
403,732,7906,1004,7906,192,34
403,732,7907,1004,7907,192,34
403,732,7908,1004,7908,192,34
403,732,7909,1004,7909,192,34
403,732,7910,1004,7910,192,34
403,732,7911,1004,7911,192,34
403,732,7912,1004,7912,192,34
403,732,7913,1004,7913,192,34
403,732,7914,1004,7914,192,34
403,732,7915,1004,7915,192,34
403,732,7916,1004,7916,192,34
403,732,7917,1004,7917,192,34
403,732,7918,1004,7918,192,34
403,732,7919,1004,7919,192,34
403,732,7920,1004,7920,192,34
403,732,7921,1004,7921,192,34
403,732,7922,1004,7922,192,34
403,732,7923,1004,7923,192,34
403,732,7924,1004,7924,192,34
403,732,7925,1004,7925,192,34
403,732,7926,1004,7926,192,34
403,732,7927,1004,7927,192,34
403,732,7928,1004,7928,192,34
403,732,7929,1004,7929,192,34
403,732,7930,1004,7930,192,34
403,732,7931,1004,7931,192,34
403,732,7932,1004,7932,192,34
403,732,7933,1004,7933,192,34
403,732,7934,1004,7934,192,34
403,732,7935,1004,7935,192,34
403,732,7936,1004,7936,192,34
403,732,7937,1004,7937,192,34
403,732,7938,1004,7938,192,34
403,732,7939,1004,7939,192,34
403,732,7940,1004,7940,192,34
403,732,7941,1004,7941,192,34
403,732,7942,1004,7942,192,34
403,732,7943,1004,7943,192,34
403,732,7944,1004,7944,192,34
403,732,7945,1004,7945,192,34
403,732,7946,1004,7946,192,34
403,732,7947,1004,7947,192,34
403,732,7948,1004,7948,192,34
403,732,7949,1004,7949,192,34
403,732,7950,1004,7950,192,34
403,732,7951,1004,7951,192,34
403,732,7952,1004,7952,192,34
403,732,7953,1004,7953,192,34
403,732,7954,1004,7954,192,34
403,732,7955,1004,7955,192,34
403,732,7956,1004,7956,192,34
403,732,7957,1004,7957,192,34
403,732,7958,1004,7958,192,34
403,732,7959,1004,7959,192,34
403,732,7960,1004,7960,192,34
403,732,7961,1004,7961,192,34
403,732,7962,1004,7962,192,34
403,732,7963,1004,7963,192,34
403,732,7964,1004,7964,192,34
403,732,7965,1004,7965,192,34
403,732,7966,1004,7966,192,34
403,732,7967,1004,7967,192,34
403,732,7968,1004,7968,192,34
403,732,7969,1004,7969,192,34
403,732,7970,1004,7970,192,34
403,732,7971,1004,7971,192,34
403,732,7972,1004,7972,192,34
403,732,7973,1004,7973,192,34
403,732,7974,1004,7974,192,34
403,732,7975,1004,7975,192,34
403,732,7976,1004,7976,192,34
403,732,7977,1004,7977,192,34
403,732,7978,1004,7978,192,34
403,732,7979,1004,7979,192,34
403,732,7980,1004,7980,192,34
403,732,7981,1004,7981,192,34
403,732,7982,1004,7982,192,34
403,732,7983,1004,7983,192,34
403,732,7984,1004,7984,192,34
403,732,7985,1004,7985,192,34
403,732,7986,1004,7986,192,34
403,732,7987,1004,7987,192,34
403,732,7988,1004,7988,192,34
403,732,7989,1004,7989,192,34
403,732,7990,1004,7990,192,34
403,732,7991,1004,7991,192,34
403,732,7992,1004,7992,192,34
403,732,7993,1004,7993,192,34
403,732,7994,1004,7994,192,34
403,732,7995,1004,7995,192,34
403,732,7996,1004,7996,192,34
403,732,7997,1004,7997,192,34
403,732,7998,1004,7998,192,34
403,732,7999,1004,7999,192,34
403,732,8000,1004,8000,192,34
403,732,8001,1004,8001,192,34
403,732,8002,1004,8002,192,34
403,732,8003,1004,8003,192,34
403,732,8004,1004,8004,192,34
403,732,8005,1004,8005,192,34
403,732,8006,1004,8006,192,34
403,732,8007,1004,8007,192,34
403,732,8008,1004,8008,192,34
403,732,8009,1004,8009,192,34
403,732,8010,1004,8010,192,34
403,732,8011,1004,8011,192,34
403,732,8012,1004,8012,192,34
403,732,8013,1004,8013,192,34
403,732,8014,1004,8014,192,34
403,732,8015,1004,8015,192,34
403,732,8016,1004,8016,192,34
403,732,8017,1004,8017,192,34
403,732,8018,1004,8018,192,34
403,732,8019,1004,8019,192,34
403,732,8020,1004,8020,192,34
403,732,8021,1004,8021,192,34
403,732,8022,1004,8022,192,34
403,732,8023,1004,8023,192,34
403,732,8024,1004,8024,192,34
403,732,8025,1004,8025,192,34
403,732,8026,1004,8026,192,34
403,732,8027,1004,8027,192,34
403,732,8028,1004,8028,192,34
403,732,8029,1004,8029,192,34
403,732,8030,1004,8030,192,34
403,732,8031,1004,8031,192,34
403,732,8032,1004,8032,192,34
403,732,8033,1004,8033,192,34
403,732,8034,1004,8034,192,34
403,732,8035,1004,8035,192,34
403,732,8036,1004,8036,192,34
403,732,8037,1004,8037,192,34
403,732,8038,1004,8038,192,34
403,732,8039,1004,8039,192,34
403,732,8040,1004,8040,192,34
403,732,8041,1004,8041,192,34
403,732,8042,1004,8042,192,34
403,732,8043,1004,8043,192,34
403,732,8044,1004,8044,192,34
403,732,8045,1004,8045,192,34
403,732,8046,1004,8046,192,34
403,732,8047,1004,8047,192,34
403,732,8048,1004,8048,192,34
403,732,8049,1004,8049,192,34
403,732,8050,1004,8050,192,34
403,732,8051,1004,8051,192,34
403,732,8052,1004,8052,192,34
403,732,8053,1004,8053,192,34
403,732,8054,1004,8054,192,34
403,732,8055,1004,8055,192,34
403,732,8056,1004,8056,192,34
403,732,8057,1004,8057,192,34
403,732,8058,1004,8058,192,34
403,732,8059,1004,8059,192,34
403,732,8060,1004,8060,192,34
403,732,8061,1004,8061,192,34
403,732,8062,1004,8062,192,34
403,732,8063,1004,8063,192,34
403,732,8064,1004,8064,192,34
403,732,8065,1004,8065,192,34
403,732,8066,1004,8066,192,34
403,732,8067,1004,8067,192,34
403,732,8068,1004,8068,192,34
403,732,8069,1004,8069,192,34
403,732,8070,1004,8070,192,34
403,732,8071,1004,8071,192,34
403,732,8072,1004,8072,192,34
403,732,8073,1004,8073,192,34
403,732,8074,1004,8074,192,34
403,732,8075,1004,8075,192,34
403,732,8076,1004,8076,192,34
403,732,8077,1004,8077,192,34
403,732,8078,1004,8078,192,34
403,732,8079,1004,8079,192,34
403,732,8080,1004,8080,192,34
403,732,8081,1004,8081,192,34
403,732,8082,1004,8082,192,34
403,732,8083,1004,8083,192,34
403,732,8084,1004,8084,192,34
403,732,8085,1004,8085,192,34
403,732,8086,1004,8086,192,34
403,732,8087,1004,8087,192,34
403,732,8088,1004,8088,192,34
403,732,8089,1004,8089,192,34
403,732,8090,1004,8090,192,34
403,732,8091,1004,8091,192,34
403,732,8092,1004,8092,192,34
403,732,8093,1004,8093,192,34
403,732,8094,1004,8094,192,34
403,732,8095,1004,8095,192,34
403,732,8096,1004,8096,192,34
403,732,8097,1004,8097,192,34
403,732,8098,1004,8098,192,34
403,732,8099,1004,8099,192,34
403,732,8100,1004,8100,192,34
403,732,8101,1004,8101,192,34
403,732,8102,1004,8102,192,34
403,732,8103,1004,8103,192,34
403,732,8104,1004,8104,192,34
403,732,8105,1004,8105,192,34
403,732,8106,1004,8106,192,34
403,732,8107,1004,8107,192,34
403,732,8108,1004,8108,192,34
403,732,8109,1004,8109,192,34
403,732,8110,1004,8110,192,34
403,732,8111,1004,8111,192,34
403,732,8112,1004,8112,192,34
403,732,8113,1004,8113,192,34
403,732,8114,1004,8114,192,34
403,732,8115,1004,8115,192,34
403,732,8116,1004,8116,192,34
403,732,8117,1004,8117,192,34
403,732,8118,1004,8118,192,34
403,732,8119,1004,8119,192,34
403,732,8120,1004,8120,192,34
403,732,8121,1004,8121,192,34
403,732,8122,1004,8122,192,34
403,732,8123,1004,8123,192,34
403,732,8124,1004,8124,192,34
403,732,8125,1004,8125,192,34
403,732,8126,1004,8126,192,34
403,732,8127,1004,8127,192,34
403,732,8128,1004,8128,192,34
403,732,8129,1004,8129,192,34
403,732,8130,1004,8130,192,34
403,732,8131,1004,8131,192,34
403,732,8132,1004,8132,192,34
403,732,8133,1004,8133,192,34
403,732,8134,1004,8134,192,34
403,732,8135,1004,8135,192,34
403,732,8136,1004,8136,192,34
403,732,8137,1004,8137,192,34
403,732,8138,1004,8138,192,34
403,732,8139,1004,8139,192,34
403,732,8140,1004,8140,192,34
403,732,8141,1004,8141,192,34
403,732,8142,1004,8142,192,34
403,732,8143,1004,8143,192,34
403,732,8144,1004,8144,192,34
403,732,8145,1004,8145,192,34
403,732,8146,1004,8146,192,34
403,732,8147,1004,8147,192,34
403,732,8148,1004,8148,192,34
403,732,8149,1004,8149,192,34
403,732,8150,1004,8150,192,34
402,732,8151,1004,8151,192,34
402,732,8152,1004,8152,192,34
402,732,8153,1004,8153,192,34
402,732,8154,1004,8154,192,34
402,732,8155,1004,8155,192,34
402,732,8156,1004,8156,192,34
402,732,8157,1004,8157,192,34
402,732,8158,1004,8158,192,34
402,732,8159,1004,8159,192,34
402,732,8160,1004,8160,192,34
402,732,8161,1004,8161,192,34
402,732,8162,1004,8162,192,34
402,732,8163,1004,8163,192,34
402,732,8164,1004,8164,192,34
402,732,8165,1004,8165,192,34
402,732,8166,1004,8166,192,34
402,732,8167,1004,8167,192,34
402,732,8168,1004,8168,192,34
402,732,8169,1004,8169,192,34
402,732,8170,1004,8170,192,34
402,732,8171,1004,8171,192,34
402,732,8172,1004,8172,192,34
402,732,8173,1004,8173,192,34
402,732,8174,1004,8174,192,34
402,732,8175,1004,8175,192,34
402,732,8176,1004,8176,192,34
402,732,8177,1004,8177,192,34
402,732,8178,1004,8178,192,34
402,732,8179,1004,8179,192,34
402,732,8180,1004,8180,192,34
402,732,8181,1004,8181,192,34
402,732,8182,1004,8182,192,34
402,732,8183,1004,8183,192,34
402,732,8184,1004,8184,192,34
402,732,8185,1004,8185,192,34
402,732,8186,1004,8186,192,34
402,732,8187,1004,8187,192,34
402,732,8188,1004,8188,192,34
402,732,8189,1004,8189,192,34
402,732,8190,1004,8190,192,34
402,732,8191,1004,8191,192,34
402,732,8192,1004,8192,192,34
402,732,8193,1004,8193,192,34
402,732,8194,1004,8194,192,34
402,732,8195,1004,8195,192,34
402,732,8196,1004,8196,192,34
402,732,8197,1004,8197,192,34
402,732,8198,1004,8198,192,34
402,732,8199,1004,8199,192,34
402,732,8200,1004,8200,192,34
402,732,8201,1004,8201,192,34
402,732,8202,1004,8202,192,34
402,732,8203,1004,8203,192,34
402,732,8204,1004,8204,192,34
402,732,8205,1004,8205,192,34
402,732,8206,1004,8206,192,34
402,732,8207,1004,8207,192,34
402,732,8208,1004,8208,192,34
402,732,8209,1004,8209,192,34
402,732,8210,1004,8210,192,34
402,732,8211,1004,8211,192,34
402,732,8212,1004,8212,192,34
402,732,8213,1004,8213,192,34
402,732,8214,1004,8214,192,34
402,732,8215,1004,8215,192,34
402,732,8216,1004,8216,192,34
402,732,8217,1004,8217,192,34
402,732,8218,1004,8218,192,34
402,732,8219,1004,8219,192,34
402,732,8220,1004,8220,192,34
402,732,8221,1004,8221,192,34
402,732,8222,1004,8222,192,34
402,732,8223,1004,8223,192,34
402,732,8224,1004,8224,192,34
402,732,8225,1004,8225,192,34
402,732,8226,1004,8226,192,34
402,732,8227,1004,8227,192,34
402,732,8228,1004,8228,192,34
402,732,8229,1004,8229,192,34
402,732,8230,1004,8230,192,34
402,732,8231,1004,8231,192,34
402,732,8232,1004,8232,192,34
402,732,8233,1004,8233,192,34
402,732,8234,1004,8234,192,34
402,732,8235,1004,8235,192,34
402,732,8236,1004,8236,192,34
402,732,8237,1004,8237,192,34
402,732,8238,1004,8238,192,34
402,732,8239,1004,8239,192,34
402,732,8240,1004,8240,192,34
402,732,8241,1004,8241,192,34
402,732,8242,1004,8242,192,34
402,732,8243,1004,8243,192,34
402,732,8244,1004,8244,192,34
402,732,8245,1004,8245,192,34
402,732,8246,1004,8246,192,34
402,732,8247,1004,8247,192,34
402,732,8248,1004,8248,192,34
402,732,8249,1004,8249,192,34
402,732,8250,1004,8250,192,34
402,732,8251,1004,8251,192,34
402,732,8252,1004,8252,192,34
402,732,8253,1004,8253,192,34
402,732,8254,1004,8254,192,34
402,732,8255,1004,8255,192,34
402,732,8256,1004,8256,192,34
402,732,8257,1004,8257,192,34
402,732,8258,1004,8258,192,34
402,732,8259,1004,8259,192,34
402,732,8260,1004,8260,192,34
402,732,8261,1004,8261,192,34
402,732,8262,1004,8262,192,34
402,732,8263,1004,8263,192,34
402,732,8264,1004,8264,192,34
402,732,8265,1004,8265,192,34
402,732,8266,1004,8266,192,34
402,732,8267,1004,8267,192,34
402,732,8268,1004,8268,192,34
402,732,8269,1004,8269,192,34
402,732,8270,1004,8270,192,34
402,732,8271,1004,8271,192,34
402,732,8272,1004,8272,192,34
402,732,8273,1004,8273,192,34
402,732,8274,1004,8274,192,34
402,732,8275,1004,8275,192,34
402,732,8276,1004,8276,192,34
402,732,8277,1004,8277,192,34
402,732,8278,1004,8278,192,34
402,732,8279,1004,8279,192,34
402,732,8280,1004,8280,192,34
402,732,8281,1004,8281,192,34
402,732,8282,1004,8282,192,34
402,732,8283,1004,8283,192,34
402,732,8284,1004,8284,192,34
402,732,8285,1004,8285,192,34
402,732,8286,1004,8286,192,34
402,732,8287,1004,8287,192,34
402,732,8288,1004,8288,192,34
402,732,8289,1004,8289,192,34
402,732,8290,1004,8290,192,34
402,732,8291,1004,8291,192,34
402,732,8292,1004,8292,192,34
402,732,8293,1004,8293,192,34
402,732,8294,1004,8294,192,34
402,732,8295,1004,8295,192,34
402,732,8296,1004,8296,192,34
402,732,8297,1004,8297,192,34
402,732,8298,1004,8298,192,34
402,732,8299,1004,8299,192,34
402,732,8300,1004,8300,192,34
402,732,8301,1004,8301,192,34
402,732,8302,1004,8302,192,34
402,732,8303,1004,8303,192,34
402,732,8304,1004,8304,192,34
402,732,8305,1004,8305,192,34
402,732,8306,1004,8306,192,34
402,732,8307,1004,8307,192,34
402,732,8308,1004,8308,192,34
402,732,8309,1004,8309,192,34
402,732,8310,1004,8310,192,34
402,732,8311,1004,8311,192,34
402,732,8312,1004,8312,192,34
402,732,8313,1004,8313,192,34
402,732,8314,1004,8314,192,34
402,732,8315,1004,8315,192,34
402,732,8316,1004,8316,192,34
402,732,8317,1004,8317,192,34
402,732,8318,1004,8318,192,34
402,732,8319,1004,8319,192,34
402,732,8320,1004,8320,192,34
402,732,8321,1004,8321,192,34
402,732,8322,1004,8322,192,34
402,732,8323,1004,8323,192,34
402,732,8324,1004,8324,192,34
402,732,8325,1004,8325,192,34
402,732,8326,1004,8326,192,34
402,732,8327,1004,8327,192,34
402,732,8328,1004,8328,192,34
402,732,8329,1004,8329,192,34
402,732,8330,1004,8330,192,34
402,732,8331,1004,8331,192,34
402,732,8332,1004,8332,192,34
402,732,8333,1004,8333,192,34
402,732,8334,1004,8334,192,34
402,732,8335,1004,8335,192,34
402,732,8336,1004,8336,192,34
402,732,8337,1004,8337,192,34
402,732,8338,1004,8338,192,34
402,732,8339,1004,8339,192,34
402,732,8340,1004,8340,192,34
402,732,8341,1004,8341,192,34
402,732,8342,1004,8342,192,34
402,732,8343,1004,8343,192,34
402,732,8344,1004,8344,192,34
402,732,8345,1004,8345,192,34
402,732,8346,1004,8346,192,34
402,732,8347,1004,8347,192,34
402,732,8348,1004,8348,192,34
402,732,8349,1004,8349,192,34
402,732,8350,1004,8350,192,34
402,732,8351,1004,8351,192,34
402,732,8352,1004,8352,192,34
402,732,8353,1004,8353,192,34
402,732,8354,1004,8354,192,34
402,732,8355,1004,8355,192,34
402,732,8356,1004,8356,192,34
402,732,8357,1004,8357,192,34
402,732,8358,1004,8358,192,34
402,732,8359,1004,8359,192,34
402,732,8360,1004,8360,192,34
402,732,8361,1004,8361,192,34
402,732,8362,1004,8362,192,34
402,732,8363,1004,8363,192,34
402,732,8364,1004,8364,192,34
402,732,8365,1004,8365,192,34
402,732,8366,1004,8366,192,34
402,732,8367,1004,8367,192,34
402,732,8368,1004,8368,192,34
402,732,8369,1004,8369,192,34
402,732,8370,1004,8370,192,34
402,732,8371,1004,8371,192,34
402,732,8372,1004,8372,192,34
402,732,8373,1004,8373,192,34
402,732,8374,1004,8374,192,34
402,732,8375,1004,8375,192,34
402,732,8376,1004,8376,192,34
402,732,8377,1004,8377,192,34
402,732,8378,1004,8378,192,34
402,732,8379,1004,8379,192,34
402,732,8380,1004,8380,192,34
402,732,8381,1004,8381,192,34
402,732,8382,1004,8382,192,34
402,732,8383,1004,8383,192,34
402,732,8384,1004,8384,192,34
402,732,8385,1004,8385,192,34
402,732,8386,1004,8386,192,34
402,732,8387,1004,8387,192,34
402,732,8388,1004,8388,192,34
402,732,8389,1004,8389,192,34
402,732,8390,1004,8390,192,34
402,732,8391,1004,8391,192,34
402,732,8392,1004,8392,192,34
402,732,8393,1004,8393,192,34
402,732,8394,1004,8394,192,34
402,732,8395,1004,8395,192,34
402,732,8396,1004,8396,192,34
402,732,8397,1004,8397,192,34
402,732,8398,1004,8398,192,34
402,732,8399,1004,8399,192,34
402,732,8400,1004,8400,192,34
402,732,8401,1004,8401,192,34
402,732,8402,1004,8402,192,34
402,732,8403,1004,8403,192,34
402,732,8404,1004,8404,192,34
402,732,8405,1004,8405,192,34
402,732,8406,1004,8406,192,34
402,732,8407,1004,8407,192,34
402,732,8408,1004,8408,192,34
402,732,8409,1004,8409,192,34
402,732,8410,1004,8410,192,34
402,732,8411,1004,8411,192,34
402,732,8412,1004,8412,192,34
402,732,8413,1004,8413,192,34
402,732,8414,1004,8414,192,34
402,732,8415,1004,8415,192,34
402,732,8416,1004,8416,192,34
402,732,8417,1004,8417,192,34
402,732,8418,1004,8418,192,34
402,732,8419,1004,8419,192,34
402,732,8420,1004,8420,192,34
402,732,8421,1004,8421,192,34
402,732,8422,1004,8422,192,34
402,732,8423,1004,8423,192,34
402,732,8424,1004,8424,192,34
402,732,8425,1004,8425,192,34
402,732,8426,1004,8426,192,34
402,732,8427,1004,8427,192,34
402,732,8428,1004,8428,192,34
402,732,8429,1004,8429,192,34
402,732,8430,1004,8430,192,34
402,732,8431,1004,8431,192,34
402,732,8432,1004,8432,192,34
402,732,8433,1004,8433,192,34
402,732,8434,1004,8434,192,34
402,732,8435,1004,8435,192,34
402,732,8436,1004,8436,192,34
402,732,8437,1004,8437,192,34
402,732,8438,1004,8438,192,34
402,732,8439,1004,8439,192,34
402,732,8440,1004,8440,192,34
402,732,8441,1004,8441,192,34
402,732,8442,1004,8442,192,34
402,732,8443,1004,8443,192,34
402,732,8444,1004,8444,192,34
402,732,8445,1004,8445,192,34
402,732,8446,1004,8446,192,34
402,732,8447,1004,8447,192,34
402,732,8448,1004,8448,192,34
402,732,8449,1004,8449,192,34
402,732,8450,1004,8450,192,34
402,732,8451,1004,8451,192,34
402,732,8452,1004,8452,192,34
402,732,8453,1004,8453,192,34
402,732,8454,1004,8454,192,34
402,732,8455,1004,8455,192,34
402,732,8456,1004,8456,192,34
402,732,8457,1004,8457,192,34
402,732,8458,1004,8458,192,34
402,732,8459,1004,8459,192,34
402,732,8460,1004,8460,192,34
402,732,8461,1004,8461,192,34
402,732,8462,1004,8462,192,34
402,732,8463,1004,8463,192,34
402,732,8464,1004,8464,192,34
402,732,8465,1004,8465,192,34
402,732,8466,1004,8466,192,34
402,732,8467,1004,8467,192,34
402,732,8468,1004,8468,192,34
402,732,8469,1004,8469,192,34
402,732,8470,1004,8470,192,34
402,732,8471,1004,8471,192,34
402,732,8472,1004,8472,192,34
402,732,8473,1004,8473,192,34
402,732,8474,1004,8474,192,34
402,732,8475,1004,8475,192,34
402,732,8476,1004,8476,192,34
402,732,8477,1004,8477,192,34
402,732,8478,1004,8478,192,34
402,732,8479,1004,8479,192,34
402,732,8480,1004,8480,192,34
402,732,8481,1004,8481,192,34
402,732,8482,1004,8482,192,34
402,732,8483,1004,8483,192,34
402,732,8484,1004,8484,192,34
402,732,8485,1004,8485,192,34
402,732,8486,1004,8486,192,34
402,732,8487,1004,8487,192,34
402,732,8488,1004,8488,192,34
402,732,8489,1004,8489,192,34
402,732,8490,1004,8490,192,34
402,732,8491,1004,8491,192,34
402,732,8492,1004,8492,192,34
402,732,8493,1004,8493,192,34
402,732,8494,1004,8494,192,34
402,732,8495,1004,8495,192,34
402,732,8496,1004,8496,192,34
402,732,8497,1004,8497,192,34
402,732,8498,1004,8498,192,34
402,732,8499,1004,8499,192,34
402,732,8500,1004,8500,192,34
402,732,8501,1004,8501,192,34
402,732,8502,1004,8502,192,34
402,732,8503,1004,8503,192,34
402,732,8504,1004,8504,192,34
402,732,8505,1004,8505,192,34
402,732,8506,1004,8506,192,34
402,732,8507,1004,8507,192,34
402,732,8508,1004,8508,192,34
402,732,8509,1004,8509,192,34
402,732,8510,1004,8510,192,34
402,732,8511,1004,8511,192,34
402,732,8512,1004,8512,192,34
402,732,8513,1004,8513,192,34
402,732,8514,1004,8514,192,34
402,732,8515,1004,8515,192,34
402,732,8516,1004,8516,192,34
402,732,8517,1004,8517,192,34
402,732,8518,1004,8518,192,34
402,732,8519,1004,8519,192,34
402,732,8520,1004,8520,192,34
402,732,8521,1004,8521,192,34
402,732,8522,1004,8522,192,34
402,732,8523,1004,8523,192,34
402,732,8524,1004,8524,192,34
402,732,8525,1004,8525,192,34
402,732,8526,1004,8526,192,34
402,732,8527,1004,8527,192,34
402,732,8528,1004,8528,192,34
402,732,8529,1004,8529,192,34
402,732,8530,1004,8530,192,34
402,732,8531,1004,8531,192,34
402,732,8532,1004,8532,192,34
402,732,8533,1004,8533,192,34
402,732,8534,1004,8534,192,34
402,732,8535,1004,8535,192,34
402,732,8536,1004,8536,192,34
402,732,8537,1004,8537,192,34
402,732,8538,1004,8538,192,34
402,732,8539,1004,8539,192,34
402,732,8540,1004,8540,192,34
402,732,8541,1004,8541,192,34
402,732,8542,1004,8542,192,34
402,732,8543,1004,8543,192,34
402,732,8544,1004,8544,192,34
402,732,8545,1004,8545,192,34
402,732,8546,1004,8546,192,34
402,732,8547,1004,8547,192,34
402,732,8548,1004,8548,192,34
402,732,8549,1004,8549,192,34
402,732,8550,1004,8550,192,34
402,732,8551,1004,8551,192,34
402,732,8552,1004,8552,192,34
402,732,8553,1004,8553,192,34
402,732,8554,1004,8554,192,34
402,732,8555,1004,8555,192,34
402,732,8556,1004,8556,192,34
402,732,8557,1004,8557,192,34
402,732,8558,1004,8558,192,34
402,732,8559,1004,8559,192,34
402,732,8560,1004,8560,192,34
402,732,8561,1004,8561,192,34
402,732,8562,1004,8562,192,34
402,732,8563,1004,8563,192,34
402,732,8564,1004,8564,192,34
402,732,8565,1004,8565,192,34
402,732,8566,1004,8566,192,34
402,732,8567,1004,8567,192,34
402,732,8568,1004,8568,192,34
402,732,8569,1004,8569,192,34
402,732,8570,1004,8570,192,34
402,732,8571,1004,8571,192,34
402,732,8572,1004,8572,192,34
402,732,8573,1004,8573,192,34
402,732,8574,1004,8574,192,34
402,732,8575,1004,8575,192,34
402,732,8576,1004,8576,192,34
402,732,8577,1004,8577,192,34
402,732,8578,1004,8578,192,34
402,732,8579,1004,8579,192,34
402,732,8580,1004,8580,192,34
402,732,8581,1004,8581,192,34
402,732,8582,1004,8582,192,34
402,732,8583,1004,8583,192,34
402,732,8584,1004,8584,192,34
402,732,8585,1004,8585,192,34
402,732,8586,1004,8586,192,34
402,732,8587,1004,8587,192,34
402,732,8588,1004,8588,192,34
402,732,8589,1004,8589,192,34
402,732,8590,1004,8590,192,34
402,732,8591,1004,8591,192,34
402,732,8592,1004,8592,192,34
402,732,8593,1004,8593,192,34
402,732,8594,1004,8594,192,34
402,732,8595,1004,8595,192,34
402,732,8596,1004,8596,192,34
402,732,8597,1004,8597,192,34
402,732,8598,1004,8598,192,34
402,732,8599,1004,8599,192,34
402,732,8600,1004,8600,192,34
402,732,8601,1004,8601,192,34
402,732,8602,1004,8602,192,34
402,732,8603,1004,8603,192,34
402,732,8604,1004,8604,192,34
402,732,8605,1004,8605,192,34
402,732,8606,1004,8606,192,34
402,732,8607,1004,8607,192,34
402,732,8608,1004,8608,192,34
402,732,8609,1004,8609,192,34
402,732,8610,1004,8610,192,34
402,732,8611,1004,8611,192,34
402,732,8612,1004,8612,192,34
402,732,8613,1004,8613,192,34
402,732,8614,1004,8614,192,34
402,732,8615,1004,8615,192,34
402,732,8616,1004,8616,192,34
402,732,8617,1004,8617,192,34
402,732,8618,1004,8618,192,34
402,732,8619,1004,8619,192,34
402,732,8620,1004,8620,192,34
402,732,8621,1004,8621,192,34
402,732,8622,1004,8622,192,34
402,732,8623,1004,8623,192,34
402,732,8624,1004,8624,192,34
402,732,8625,1004,8625,192,34
402,732,8626,1004,8626,192,34
402,732,8627,1004,8627,192,34
402,732,8628,1004,8628,192,34
402,732,8629,1004,8629,192,34
402,732,8630,1004,8630,192,34
402,732,8631,1004,8631,192,34
402,732,8632,1004,8632,192,34
402,732,8633,1004,8633,192,34
402,732,8634,1004,8634,192,34
402,732,8635,1004,8635,192,34
402,732,8636,1004,8636,192,34
402,732,8637,1004,8637,192,34
401,732,8638,1004,8638,192,33
401,732,8639,1004,8639,192,33
401,732,8640,1004,8640,192,33
401,732,8641,1004,8641,192,33
401,732,8642,1004,8642,192,33
401,732,8643,1004,8643,192,33
401,732,8644,1004,8644,192,33
401,732,8645,1004,8645,192,33
401,732,8646,1004,8646,192,33
401,732,8647,1004,8647,192,33
401,732,8648,1004,8648,192,33
401,732,8649,1004,8649,192,33
401,732,8650,1004,8650,192,33
401,732,8651,1004,8651,192,33
401,732,8652,1004,8652,192,33
401,732,8653,1004,8653,192,33
401,732,8654,1004,8654,192,33
401,732,8655,1004,8655,192,33
401,732,8656,1004,8656,192,33
401,732,8657,1004,8657,192,33
401,732,8658,1004,8658,192,33
401,732,8659,1004,8659,192,33
401,732,8660,1004,8660,192,33
401,732,8661,1004,8661,192,33
401,732,8662,1004,8662,192,33
401,732,8663,1004,8663,192,33
401,732,8664,1004,8664,192,33
401,732,8665,1004,8665,192,33
401,732,8666,1004,8666,192,33
401,732,8667,1004,8667,192,33
401,732,8668,1004,8668,192,33
401,732,8669,1004,8669,192,33
401,732,8670,1004,8670,192,33
401,732,8671,1004,8671,192,33
401,732,8672,1004,8672,192,33
401,732,8673,1004,8673,192,33
401,732,8674,1004,8674,192,33
401,732,8675,1004,8675,192,33
401,732,8676,1004,8676,192,33
401,732,8677,1004,8677,192,33
401,732,8678,1004,8678,192,33
401,732,8679,1004,8679,192,33
401,732,8680,1004,8680,192,33
401,732,8681,1004,8681,192,33
401,732,8682,1004,8682,192,33
401,732,8683,1004,8683,192,33
401,732,8684,1004,8684,192,33
401,732,8685,1004,8685,192,33
401,732,8686,1004,8686,192,33
401,732,8687,1004,8687,192,33
401,732,8688,1004,8688,192,33
401,732,8689,1004,8689,192,33
401,732,8690,1004,8690,192,33
401,732,8691,1004,8691,192,33
401,732,8692,1004,8692,192,33
401,732,8693,1004,8693,192,33
401,732,8694,1004,8694,192,33
401,732,8695,1004,8695,192,33
401,732,8696,1004,8696,192,33
401,732,8697,1004,8697,192,33
401,732,8698,1004,8698,192,33
401,732,8699,1004,8699,192,33
401,732,8700,1004,8700,192,33
401,732,8701,1004,8701,192,33
401,732,8702,1004,8702,192,33
401,732,8703,1004,8703,192,33
401,732,8704,1004,8704,192,33
401,732,8705,1004,8705,192,33
401,732,8706,1004,8706,192,33
401,732,8707,1004,8707,192,33
401,732,8708,1004,8708,192,33
401,732,8709,1004,8709,192,33
401,732,8710,1004,8710,192,33
401,732,8711,1004,8711,192,33
401,732,8712,1004,8712,192,33
401,732,8713,1004,8713,192,33
401,732,8714,1004,8714,192,33
401,732,8715,1004,8715,192,33
401,732,8716,1004,8716,192,33
401,732,8717,1004,8717,192,33
401,732,8718,1004,8718,192,33
400,732,8719,1004,8719,192,32
400,732,8720,1004,8720,192,32
400,732,8721,1004,8721,192,32
400,732,8722,1004,8722,192,32
400,732,8723,1004,8723,192,32
400,732,8724,1004,8724,192,32
400,732,8725,1004,8725,192,32
400,732,8726,1004,8726,192,32
400,732,8727,1004,8727,192,32
400,732,8728,1004,8728,192,32
400,732,8729,1004,8729,192,32
400,732,8730,1004,8730,192,32
400,732,8731,1004,8731,192,32
400,732,8732,1004,8732,192,32
400,732,8733,1004,8733,192,32
400,732,8734,1004,8734,192,32
400,732,8735,1004,8735,192,32
400,732,8736,1004,8736,192,32
400,732,8737,1004,8737,192,32
400,732,8738,1004,8738,192,32
400,732,8739,1004,8739,192,32
400,732,8740,1004,8740,192,32
400,732,8741,1004,8741,192,32
400,732,8742,1004,8742,192,32
400,732,8743,1004,8743,192,32
400,732,8744,1004,8744,192,32
400,732,8745,1004,8745,192,32
400,732,8746,1004,8746,192,32
400,732,8747,1004,8747,192,32
400,732,8748,1004,8748,192,32
400,732,8749,1004,8749,192,32
400,732,8750,1004,8750,192,32
400,732,8751,1004,8751,192,32
400,732,8752,1004,8752,192,32
400,732,8753,1004,8753,192,32
400,732,8754,1004,8754,192,32
400,732,8755,1004,8755,192,32
400,732,8756,1004,8756,192,32
400,732,8757,1004,8757,192,32
400,732,8758,1004,8758,192,32
400,732,8759,1004,8759,192,32
400,732,8760,1004,8760,192,32
400,732,8761,1004,8761,192,32
400,732,8762,1004,8762,192,32
400,732,8763,1004,8763,192,32
400,732,8764,1004,8764,192,32
400,732,8765,1004,8765,192,32
400,732,8766,1004,8766,192,32
400,732,8767,1004,8767,192,32
400,732,8768,1004,8768,192,32
400,732,8769,1004,8769,192,32
400,732,8770,1004,8770,192,32
400,732,8771,1004,8771,192,32
400,732,8772,1004,8772,192,32
400,732,8773,1004,8773,192,32
400,732,8774,1004,8774,192,32
400,732,8775,1004,8775,192,32
400,732,8776,1004,8776,192,32
400,732,8777,1004,8777,192,32
400,732,8778,1004,8778,192,32
400,732,8779,1004,8779,192,32
400,732,8780,1004,8780,192,32
400,732,8781,1004,8781,192,32
400,732,8782,1004,8782,192,32
400,732,8783,1004,8783,192,32
400,732,8784,1004,8784,192,32
400,732,8785,1004,8785,192,32
400,732,8786,1004,8786,192,32
400,732,8787,1004,8787,192,32
400,732,8788,1004,8788,192,32
400,732,8789,1004,8789,192,32
400,732,8790,1004,8790,192,32
400,732,8791,1004,8791,192,32
400,732,8792,1004,8792,192,32
400,732,8793,1004,8793,192,32
400,732,8794,1004,8794,192,32
400,732,8795,1004,8795,192,32
400,732,8796,1004,8796,192,32
400,732,8797,1004,8797,192,32
400,732,8798,1004,8798,192,32
400,732,8799,1004,8799,192,32
400,732,8800,1004,8800,192,32
400,732,8801,1004,8801,192,32
400,732,8802,1004,8802,192,32
400,732,8803,1004,8803,192,32
400,732,8804,1004,8804,192,32
400,732,8805,1004,8805,192,32
400,732,8806,1004,8806,192,32
400,732,8807,1004,8807,192,32
400,732,8808,1004,8808,192,32
400,732,8809,1004,8809,192,32
400,732,8810,1004,8810,192,32
400,732,8811,1004,8811,192,32
400,732,8812,1004,8812,192,32
400,732,8813,1004,8813,192,32
400,732,8814,1004,8814,192,32
401,732,8815,1004,8815,192,32
402,732,8816,1004,8816,192,32
402,732,8817,1004,8817,192,32
403,732,8818,1004,8818,192,32
403,732,8819,1004,8819,192,32
404,732,8820,1004,8820,192,32
405,732,8821,1004,8821,192,32
406,732,8822,1004,8822,192,32
407,732,8823,1004,8823,192,32
408,732,8824,1004,8824,192,32
409,732,8825,1004,8825,192,32
409,732,8826,1004,8826,192,32
409,732,8827,1004,8827,192,32
409,732,8828,1004,8828,192,32
410,732,8829,1004,8829,192,32
411,732,8830,1004,8830,192,32
412,732,8831,1004,8831,192,32
412,732,8832,1004,8832,192,32
412,732,8833,1004,8833,192,32
412,732,8834,1004,8834,192,32
412,732,8835,1004,8835,192,32
412,732,8836,1004,8836,192,32
412,732,8837,1004,8837,192,32
412,732,8838,1004,8838,192,32
409,732,8839,1004,8839,192,32
407,732,8840,1004,8840,192,32
406,732,8841,1004,8841,192,32
405,732,8842,1004,8842,192,32
405,732,8843,1004,8843,192,32
404,732,8844,1004,8844,192,32
402,732,8845,1004,8845,192,32
400,732,8846,1004,8846,192,32
400,732,8847,1004,8847,192,32
400,732,8848,1004,8848,192,32
400,732,8849,1004,8849,192,32
400,732,8850,1004,8850,192,32
400,732,8851,1004,8851,192,32
400,732,8852,1004,8852,192,32
400,732,8853,1004,8853,192,32
400,732,8854,1004,8854,192,32
400,732,8855,1004,8855,192,32
400,732,8856,1004,8856,192,32
400,732,8857,1004,8857,192,32
400,732,8858,1004,8858,192,32
400,732,8859,1004,8859,192,32
400,732,8860,1004,8860,192,32
400,732,8861,1004,8861,192,32
400,732,8862,1004,8862,192,32
400,732,8863,1004,8863,192,32
400,732,8864,1004,8864,192,32
400,732,8865,1004,8865,192,32
400,732,8866,1004,8866,192,32
400,732,8867,1004,8867,192,32
400,732,8868,1004,8868,192,32
400,732,8869,1004,8869,192,32
400,732,8870,1004,8870,192,32
400,732,8871,1004,8871,192,32
400,732,8872,1004,8872,192,32
400,732,8873,1004,8873,192,32
400,732,8874,1004,8874,192,32
400,732,8875,1004,8875,192,32
400,732,8876,1004,8876,192,32
400,732,8877,1004,8877,192,32
400,732,8878,1004,8878,192,32
400,732,8879,1004,8879,192,32
400,732,8880,1004,8880,192,32
400,732,8881,1004,8881,192,32
400,732,8882,1004,8882,192,32
400,732,8883,1004,8883,192,32
400,732,8884,1004,8884,192,32
400,732,8885,1004,8885,192,32
400,732,8886,1004,8886,192,32
400,732,8887,1004,8887,192,32
400,732,8888,1004,8888,192,32
400,732,8889,1004,8889,192,32
400,732,8890,1004,8890,192,32
400,732,8891,1004,8891,192,32
400,732,8892,1004,8892,192,32
400,732,8893,1004,8893,192,32
400,732,8894,1004,8894,192,32
400,732,8895,1004,8895,192,32
400,732,8896,1004,8896,192,32
400,732,8897,1004,8897,192,32
400,732,8898,1004,8898,192,32
400,732,8899,1004,8899,192,32
400,732,8900,1004,8900,192,32
400,732,8901,1004,8901,192,32
400,732,8902,1004,8902,192,32
400,732,8903,1004,8903,192,32
400,732,8904,1004,8904,192,32
400,732,8905,1004,8905,192,32
400,732,8906,1004,8906,192,32
400,732,8907,1004,8907,192,32
400,732,8908,1004,8908,192,32
400,732,8909,1004,8909,192,32
400,732,8910,1004,8910,192,32
400,732,8911,1004,8911,192,32
400,732,8912,1004,8912,192,32
400,732,8913,1004,8913,192,32
400,732,8914,1004,8914,192,32
400,732,8915,1004,8915,192,32
400,732,8916,1004,8916,192,32
400,732,8917,1004,8917,192,32
400,732,8918,1004,8918,192,32
400,732,8919,1004,8919,192,32
400,732,8920,1004,8920,192,32
400,732,8921,1004,8921,192,32
400,732,8922,1004,8922,192,32
400,732,8923,1004,8923,192,32
400,732,8924,1004,8924,192,32
400,732,8925,1004,8925,192,32
400,732,8926,1004,8926,192,32
400,732,8927,1004,8927,192,31
400,732,8928,1004,8928,192,30
400,732,8929,1004,8929,192,29
400,732,8930,1004,8930,192,29
400,732,8931,1004,8931,192,28
400,732,8932,1004,8932,192,28
400,732,8933,1004,8933,192,27
400,732,8934,1004,8934,192,27
401,732,8935,1004,8935,192,27
402,732,8936,1004,8936,192,27
402,732,8937,1004,8937,192,27
402,732,8938,1004,8938,192,27
402,732,8939,1004,8939,192,27
403,732,8940,1004,8940,192,27
404,732,8941,1004,8941,192,27
405,732,8942,1004,8942,192,27
405,732,8943,1004,8943,192,27
406,732,8944,1004,8944,192,27
407,732,8945,1004,8945,192,27
407,732,8946,1004,8946,192,27
407,732,8947,1004,8947,192,27
407,732,8948,1004,8948,192,27
407,732,8949,1004,8949,192,27
408,732,8950,1004,8950,192,27
409,732,8951,1004,8951,192,27
409,732,8952,1004,8952,192,27
409,732,8953,1004,8953,192,27
410,732,8954,1004,8954,192,27
410,732,8955,1004,8955,192,27
410,732,8956,1004,8956,192,27
410,732,8957,1004,8957,192,27
410,732,8958,1004,8958,192,27
408,732,8959,1004,8959,192,27
406,732,8960,1004,8960,192,27
405,732,8961,1004,8961,192,27
404,732,8962,1004,8962,192,27
404,732,8963,1004,8963,192,27
403,732,8964,1004,8964,192,27
402,732,8965,1004,8965,192,27
400,732,8966,1004,8966,192,27
400,732,8967,1004,8967,192,27
400,732,8968,1004,8968,192,27
400,732,8969,1004,8969,192,27
400,732,8970,1004,8970,192,27
400,732,8971,1004,8971,192,27
400,732,8972,1004,8972,192,27
400,732,8973,1004,8973,192,27
400,732,8974,1004,8974,192,27
400,732,8975,1004,8975,192,27
400,732,8976,1004,8976,192,27
400,732,8977,1004,8977,192,27
400,732,8978,1004,8978,192,27
400,732,8979,1004,8979,192,27
400,732,8980,1004,8980,192,27
400,732,8981,1004,8981,192,27
400,732,8982,1004,8982,192,27
400,732,8983,1004,8983,192,27
400,732,8984,1004,8984,192,27
400,732,8985,1004,8985,192,27
400,732,8986,1004,8986,192,27
400,732,8987,1004,8987,192,27
400,732,8988,1004,8988,192,27
400,732,8989,1004,8989,192,27
400,732,8990,1004,8990,192,27
400,732,8991,1004,8991,192,27
400,732,8992,1004,8992,192,27
400,732,8993,1004,8993,192,27
400,732,8994,1004,8994,192,27
400,732,8995,1004,8995,192,27
400,732,8996,1004,8996,192,27
400,732,8997,1004,8997,192,27
400,732,8998,1004,8998,192,27
400,732,8999,1004,8999,192,27
400,732,9000,1004,9000,192,27
400,732,9001,1004,9001,192,27
400,732,9002,1004,9002,192,27
400,732,9003,1004,9003,192,27
400,732,9004,1004,9004,192,27
400,732,9005,1004,9005,192,27
400,732,9006,1004,9006,192,27
400,732,9007,1004,9007,192,27
400,732,9008,1004,9008,192,27
400,732,9009,1004,9009,192,27
400,732,9010,1004,9010,192,27
400,732,9011,1004,9011,192,27
400,732,9012,1004,9012,192,27
400,732,9013,1004,9013,192,27
400,732,9014,1004,9014,192,27
400,732,9015,1004,9015,192,27
400,732,9016,1004,9016,192,27
400,732,9017,1004,9017,192,27
400,732,9018,1004,9018,192,27
400,732,9019,1004,9019,192,27
400,732,9020,1004,9020,192,27
400,732,9021,1004,9021,192,27
400,732,9022,1004,9022,192,27
400,732,9023,1004,9023,192,27
400,732,9024,1004,9024,192,27
400,732,9025,1004,9025,192,27
400,732,9026,1004,9026,192,27
400,732,9027,1004,9027,192,27
400,732,9028,1004,9028,192,27
400,732,9029,1004,9029,192,27
400,732,9030,1004,9030,192,27
400,732,9031,1004,9031,192,27
400,732,9032,1004,9032,192,27
400,732,9033,1004,9033,192,27
400,732,9034,1004,9034,192,27
400,732,9035,1004,9035,192,27
400,732,9036,1004,9036,192,27
400,732,9037,1004,9037,192,27
400,732,9038,1004,9038,192,27
400,732,9039,1004,9039,192,27
400,732,9040,1004,9040,192,27
400,732,9041,1004,9041,192,27
400,732,9042,1004,9042,192,27
400,732,9043,1004,9043,192,27
400,732,9044,1004,9044,192,27
400,732,9045,1004,9045,192,27
400,732,9046,1004,9046,192,27
400,732,9047,1004,9047,192,26
400,732,9048,1004,9048,192,25
400,732,9049,1004,9049,192,24
400,732,9050,1004,9050,192,23
400,732,9051,1004,9051,192,22
400,732,9052,1004,9052,192,21
400,732,9053,1004,9053,192,20
400,732,9054,1004,9054,192,19
400,732,9055,1004,9055,192,19
401,732,9056,1004,9056,192,19
402,732,9057,1004,9057,192,19
402,732,9058,1004,9058,192,19
402,732,9059,1004,9059,192,19
402,732,9060,1004,9060,192,19
402,732,9061,1004,9061,192,19
403,732,9062,1004,9062,192,19
403,732,9063,1004,9063,192,19
403,732,9064,1004,9064,192,19
403,732,9065,1004,9065,192,19
403,732,9066,1004,9066,192,19
403,732,9067,1004,9067,192,19
403,732,9068,1004,9068,192,19
403,732,9069,1004,9069,192,19
403,732,9070,1004,9070,192,19
404,732,9071,1004,9071,192,19
404,732,9072,1004,9072,192,19
404,732,9073,1004,9073,192,19
405,732,9074,1004,9074,192,19
405,732,9075,1004,9075,192,19
405,732,9076,1004,9076,192,19
405,732,9077,1004,9077,192,19
405,732,9078,1004,9078,192,19
404,732,9079,1004,9079,192,19
403,732,9080,1004,9080,192,19
402,732,9081,1004,9081,192,19
401,732,9082,1004,9082,192,19
401,732,9083,1004,9083,192,19
401,732,9084,1004,9084,192,19
401,732,9085,1004,9085,192,19
400,732,9086,1004,9086,192,19
400,732,9087,1004,9087,192,19
400,732,9088,1004,9088,192,19
400,732,9089,1004,9089,192,19
400,732,9090,1004,9090,192,19
400,732,9091,1004,9091,192,19
400,732,9092,1004,9092,192,19
400,732,9093,1004,9093,192,19
400,732,9094,1004,9094,192,19
400,732,9095,1004,9095,192,19
400,732,9096,1004,9096,192,19
400,732,9097,1004,9097,192,19
400,732,9098,1004,9098,192,19
400,732,9099,1004,9099,192,19
400,732,9100,1004,9100,192,19
400,732,9101,1004,9101,192,19
400,732,9102,1004,9102,192,19
400,732,9103,1004,9103,192,19
400,732,9104,1004,9104,192,19
400,732,9105,1004,9105,192,19
400,732,9106,1004,9106,192,19
400,732,9107,1004,9107,192,19
400,732,9108,1004,9108,192,19
400,732,9109,1004,9109,192,19
400,732,9110,1004,9110,192,19
400,732,9111,1004,9111,192,19
400,732,9112,1004,9112,192,19
400,732,9113,1004,9113,192,19
400,732,9114,1004,9114,192,19
400,732,9115,1004,9115,192,19
400,732,9116,1004,9116,192,19
400,732,9117,1004,9117,192,19
400,732,9118,1004,9118,192,19
400,732,9119,1004,9119,192,19
400,732,9120,1004,9120,192,19
400,732,9121,1004,9121,192,19
400,732,9122,1004,9122,192,19
400,732,9123,1004,9123,192,19
400,732,9124,1004,9124,192,19
400,732,9125,1004,9125,192,19
400,732,9126,1004,9126,192,19
400,732,9127,1004,9127,192,19
400,732,9128,1004,9128,192,19
400,732,9129,1004,9129,192,19
400,732,9130,1004,9130,192,19
400,732,9131,1004,9131,192,19
400,732,9132,1004,9132,192,19
400,732,9133,1004,9133,192,19
400,732,9134,1004,9134,192,19
400,732,9135,1004,9135,192,19
400,732,9136,1004,9136,192,19
400,732,9137,1004,9137,192,19
400,732,9138,1004,9138,192,19
400,732,9139,1004,9139,192,19
400,732,9140,1004,9140,192,19
400,732,9141,1004,9141,192,19
400,732,9142,1004,9142,192,19
400,732,9143,1004,9143,192,19
400,732,9144,1004,9144,192,19
400,732,9145,1004,9145,192,19
400,732,9146,1004,9146,192,19
400,732,9147,1004,9147,192,19
400,732,9148,1004,9148,192,19
400,732,9149,1004,9149,192,19
400,732,9150,1004,9150,192,19
400,732,9151,1004,9151,192,19
400,732,9152,1004,9152,192,19
400,732,9153,1004,9153,192,19
400,732,9154,1004,9154,192,19
400,732,9155,1004,9155,192,19
400,732,9156,1004,9156,192,19
400,732,9157,1004,9157,192,19
400,732,9158,1004,9158,192,19
400,732,9159,1004,9159,192,19
400,732,9160,1004,9160,192,19
400,732,9161,1004,9161,192,19
400,732,9162,1004,9162,192,19
400,732,9163,1004,9163,192,19
400,732,9164,1004,9164,192,19
400,732,9165,1004,9165,192,19
400,732,9166,1004,9166,192,19
400,732,9167,1004,9167,192,19
400,732,9168,1004,9168,192,18
400,732,9169,1004,9169,192,17
400,732,9170,1004,9170,192,16
400,732,9171,1004,9171,192,15
400,732,9172,1004,9172,192,14
400,732,9173,1004,9173,192,13
400,732,9174,1004,9174,192,12
401,732,9175,1004,9175,192,12
401,732,9176,1004,9176,192,12
401,732,9177,1004,9177,192,12
402,732,9178,1004,9178,192,12
402,732,9179,1004,9179,192,12
402,732,9180,1004,9180,192,12
402,732,9181,1004,9181,192,12
402,732,9182,1004,9182,192,12
402,732,9183,1004,9183,192,12
402,732,9184,1004,9184,192,12
402,732,9185,1004,9185,192,12
402,732,9186,1004,9186,192,12
402,732,9187,1004,9187,192,12
402,732,9188,1004,9188,192,12
402,732,9189,1004,9189,192,12
402,732,9190,1004,9190,192,12
402,732,9191,1004,9191,192,12
402,732,9192,1004,9192,192,12
402,732,9193,1004,9193,192,12
402,732,9194,1004,9194,192,12
402,732,9195,1004,9195,192,12
402,732,9196,1004,9196,192,12
402,732,9197,1004,9197,192,12
402,732,9198,1004,9198,192,12
401,732,9199,1004,9199,192,12
401,732,9200,1004,9200,192,12
401,732,9201,1004,9201,192,12
400,732,9202,1004,9202,192,11
400,732,9203,1004,9203,192,11
400,732,9204,1004,9204,192,11
400,732,9205,1004,9205,192,11
400,732,9206,1004,9206,192,11
400,732,9207,1004,9207,192,11
400,732,9208,1004,9208,192,11
400,732,9209,1004,9209,192,11
400,732,9210,1004,9210,192,11
400,732,9211,1004,9211,192,11
400,732,9212,1004,9212,192,11
400,732,9213,1004,9213,192,11
400,732,9214,1004,9214,192,11
400,732,9215,1004,9215,192,11
400,732,9216,1004,9216,192,11
400,732,9217,1004,9217,192,11
400,732,9218,1004,9218,192,11
400,732,9219,1004,9219,192,11
400,732,9220,1004,9220,192,11
400,732,9221,1004,9221,192,11
400,732,9222,1004,9222,192,11
400,732,9223,1004,9223,192,11
400,732,9224,1004,9224,192,11
400,732,9225,1004,9225,192,11
400,732,9226,1004,9226,192,11
400,732,9227,1004,9227,192,11
400,732,9228,1004,9228,192,11
400,732,9229,1004,9229,192,11
400,732,9230,1004,9230,192,11
400,732,9231,1004,9231,192,11
400,732,9232,1004,9232,192,11
400,732,9233,1004,9233,192,11
400,732,9234,1004,9234,192,11
400,732,9235,1004,9235,192,11
400,732,9236,1004,9236,192,11
400,732,9237,1004,9237,192,11
400,732,9238,1004,9238,192,11
400,732,9239,1004,9239,192,11
400,732,9240,1004,9240,192,11
400,732,9241,1004,9241,192,11
400,732,9242,1004,9242,192,11
400,732,9243,1004,9243,192,11
400,732,9244,1004,9244,192,11
400,732,9245,1004,9245,192,11
400,732,9246,1004,9246,192,11
400,732,9247,1004,9247,192,11
400,732,9248,1004,9248,192,11
400,732,9249,1004,9249,192,11
400,732,9250,1004,9250,192,11
400,732,9251,1004,9251,192,11
400,732,9252,1004,9252,192,11
400,732,9253,1004,9253,192,11
400,732,9254,1004,9254,192,11
400,732,9255,1004,9255,192,11
400,732,9256,1004,9256,192,11
400,732,9257,1004,9257,192,11
400,732,9258,1004,9258,192,11
400,732,9259,1004,9259,192,11
400,732,9260,1004,9260,192,11
400,732,9261,1004,9261,192,11
400,732,9262,1004,9262,192,11
400,732,9263,1004,9263,192,11
400,732,9264,1004,9264,192,11
400,732,9265,1004,9265,192,11
400,732,9266,1004,9266,192,11
400,732,9267,1004,9267,192,11
400,732,9268,1004,9268,192,11
400,732,9269,1004,9269,192,11
400,732,9270,1004,9270,192,11
400,732,9271,1004,9271,192,11
400,732,9272,1004,9272,192,11
400,732,9273,1004,9273,192,11
400,732,9274,1004,9274,192,11
400,732,9275,1004,9275,192,11
400,732,9276,1004,9276,192,11
400,732,9277,1004,9277,192,11
400,732,9278,1004,9278,192,11
400,732,9279,1004,9279,192,11
400,732,9280,1004,9280,192,11
400,732,9281,1004,9281,192,11
400,732,9282,1004,9282,192,11
400,732,9283,1004,9283,192,11
400,732,9284,1004,9284,192,11
400,732,9285,1004,9285,192,11
400,732,9286,1004,9286,192,11
400,732,9287,1004,9287,192,11
400,732,9288,1004,9288,192,11
400,732,9289,1004,9289,192,11
400,732,9290,1004,9290,192,11
400,732,9291,1004,9291,192,11
400,732,9292,1004,9292,192,11
400,732,9293,1004,9293,192,11
400,732,9294,1004,9294,192,11
400,732,9295,1004,9295,192,11
400,732,9296,1004,9296,192,11
400,732,9297,1004,9297,192,11
400,732,9298,1004,9298,192,11
400,732,9299,1004,9299,192,11
400,732,9300,1004,9300,192,11
400,732,9301,1004,9301,192,11
400,732,9302,1004,9302,192,11
400,732,9303,1004,9303,192,10
400,732,9304,1004,9304,192,10
400,732,9305,1004,9305,192,10
400,732,9306,1004,9306,192,10
400,732,9307,1004,9307,192,10
400,732,9308,1004,9308,192,9
400,732,9309,1004,9309,192,9
400,732,9310,1004,9310,192,8
