currentNumberOfWords,maxNumberOfWords,currentTime,timeWithMaxWords,convergenceTime,maxNumberOfDifferentWords,currentNumberOfDifferentWords
0,0,0,0,0,0,0
0,0,1,0,1,0,0
2,2,2,2,2,1,1
4,4,3,3,3,2,2
6,6,4,4,4,3,3
8,8,5,5,5,4,4
10,10,6,6,6,5,5
12,12,7,7,7,6,6
14,14,8,8,8,7,7
16,16,9,9,9,8,8
18,18,10,10,10,9,9
20,20,11,11,11,10,10
21,21,12,12,12,10,10
23,23,13,13,13,11,11
25,25,14,14,14,12,12
27,27,15,15,15,13,13
29,29,16,16,16,14,14
31,31,17,17,17,15,15
33,33,18,18,18,16,16
35,35,19,19,19,17,17
37,37,20,20,20,18,18
39,39,21,21,21,19,19
41,41,22,22,22,20,20
43,43,23,23,23,21,21
45,45,24,24,24,22,22
47,47,25,25,25,23,23
49,49,26,26,26,24,24
51,51,27,27,27,25,25
53,53,28,28,28,26,26
55,55,29,29,29,27,27
57,57,30,30,30,28,28
59,59,31,31,31,29,29
61,61,32,32,32,30,30
63,63,33,33,33,31,31
65,65,34,34,34,32,32
67,67,35,35,35,33,33
69,69,36,36,36,34,34
71,71,37,37,37,35,35
73,73,38,38,38,36,36
75,75,39,39,39,37,37
77,77,40,40,40,38,38
79,79,41,41,41,39,39
81,81,42,42,42,40,40
83,83,43,43,43,41,41
85,85,44,44,44,42,42
87,87,45,45,45,43,43
89,89,46,46,46,44,44
91,91,47,47,47,45,45
93,93,48,48,48,46,46
95,95,49,49,49,47,47
97,97,50,50,50,48,48
99,99,51,51,51,49,49
101,101,52,52,52,50,50
103,103,53,53,53,51,51
105,105,54,54,54,52,52
107,107,55,55,55,53,53
109,109,56,56,56,54,54
111,111,57,57,57,55,55
113,113,58,58,58,56,56
115,115,59,59,59,57,57
117,117,60,60,60,58,58
119,119,61,61,61,59,59
121,121,62,62,62,60,60
123,123,63,63,63,61,61
125,125,64,64,64,62,62
127,127,65,65,65,63,63
129,129,66,66,66,64,64
131,131,67,67,67,65,65
133,133,68,68,68,66,66
135,135,69,69,69,67,67
137,137,70,70,70,68,68
139,139,71,71,71,69,69
141,141,72,72,72,70,70
143,143,73,73,73,71,71
145,145,74,74,74,72,72
147,147,75,75,75,73,73
149,149,76,76,76,74,74
151,151,77,77,77,75,75
153,153,78,78,78,76,76
155,155,79,79,79,77,77
157,157,80,80,80,78,78
159,159,81,81,81,79,79
161,161,82,82,82,80,80
162,162,83,83,83,80,80
163,163,84,84,84,80,80
164,164,85,85,85,80,80
166,166,86,86,86,81,81
168,168,87,87,87,82,82
170,170,88,88,88,83,83
172,172,89,89,89,84,84
174,174,90,90,90,85,85
176,176,91,91,91,86,86
178,178,92,92,92,87,87
180,180,93,93,93,88,88
182,182,94,94,94,89,89
184,184,95,95,95,90,90
186,186,96,96,96,91,91
188,188,97,97,97,92,92
190,190,98,98,98,92,92
192,192,99,99,99,93,93
194,194,100,100,100,94,94
196,196,101,101,101,95,95
198,198,102,102,102,96,96
200,200,103,103,103,97,97
202,202,104,104,104,98,98
204,204,105,105,105,99,99
206,206,106,106,106,100,100
208,208,107,107,107,101,101
210,210,108,108,108,102,102
211,211,109,109,109,102,102
213,213,110,110,110,103,103
215,215,111,111,111,104,104
217,217,112,112,112,105,105
219,219,113,113,113,105,105
221,221,114,114,114,106,106
223,223,115,115,115,107,107
224,224,116,116,116,107,107
225,225,117,117,117,107,107
227,227,118,118,118,108,108
229,229,119,119,119,109,109
231,231,120,120,120,110,110
233,233,121,121,121,111,111
235,235,122,122,122,112,112
236,236,123,123,123,112,112
238,238,124,124,124,113,113
240,240,125,125,125,114,114
242,242,126,126,126,115,115
244,244,127,127,127,116,116
245,245,128,128,128,116,116
247,247,129,129,129,117,117
249,249,130,130,130,118,118
251,251,131,131,131,119,119
253,253,132,132,132,120,120
254,254,133,133,133,120,120
256,256,134,134,134,121,121
258,258,135,135,135,122,122
260,260,136,136,136,123,123
262,262,137,137,137,124,124
264,264,138,138,138,125,125
265,265,139,139,139,125,125
267,267,140,140,140,126,126
269,269,141,141,141,127,127
271,271,142,142,142,128,128
273,273,143,143,143,129,129
275,275,144,144,144,130,130
276,276,145,145,145,130,130
278,278,146,146,146,131,131
280,280,147,147,147,132,132
282,282,148,148,148,133,133
284,284,149,149,149,134,134
286,286,150,150,150,135,135
288,288,151,151,151,136,136
290,290,152,152,152,137,137
291,291,153,153,153,137,137
292,292,154,154,154,137,137
294,294,155,155,155,138,138
296,296,156,156,156,139,139
298,298,157,157,157,140,140
300,300,158,158,158,141,141
302,302,159,159,159,142,142
303,303,160,160,160,142,142
304,304,161,161,161,142,142
306,306,162,162,162,143,143
308,308,163,163,163,144,144
310,310,164,164,164,145,145
312,312,165,165,165,146,146
314,314,166,166,166,147,147
316,316,167,167,167,148,148
318,318,168,168,168,149,149
320,320,169,169,169,150,150
322,322,170,170,170,151,151
324,324,171,171,171,152,152
326,326,172,172,172,153,153
328,328,173,173,173,154,154
330,330,174,174,174,155,155
332,332,175,175,175,156,156
333,333,176,176,176,156,156
335,335,177,177,177,157,157
337,337,178,178,178,158,158
339,339,179,179,179,159,159
341,341,180,180,180,160,160
343,343,181,181,181,161,161
345,345,182,182,182,162,162
346,346,183,183,183,162,162
348,348,184,184,184,163,163
349,349,185,185,185,163,163
350,350,186,186,186,163,163
352,352,187,187,187,164,164
354,354,188,188,188,165,165
356,356,189,189,189,166,166
358,358,190,190,190,167,167
360,360,191,191,191,168,168
361,361,192,192,192,168,168
363,363,193,193,193,169,169
365,365,194,194,194,170,170
367,367,195,195,195,171,171
369,369,196,196,196,172,172
371,371,197,197,197,173,173
371,371,198,197,198,173,173
373,373,199,199,199,174,174
375,375,200,200,200,175,175
377,377,201,201,201,176,176
379,379,202,202,202,177,177
380,380,203,203,203,177,177
382,382,204,204,204,178,178
384,384,205,205,205,179,179
386,386,206,206,206,180,180
388,388,207,207,207,181,181
390,390,208,208,208,182,182
390,390,209,208,209,182,182
392,392,210,210,210,183,183
394,394,211,211,211,184,184
396,396,212,212,212,185,185
398,398,213,213,213,186,186
400,400,214,214,214,187,187
402,402,215,215,215,188,188
404,404,216,216,216,189,189
405,405,217,217,217,189,189
407,407,218,218,218,190,190
408,408,219,219,219,190,190
409,409,220,220,220,190,190
411,411,221,221,221,191,191
413,413,222,222,222,192,192
414,414,223,223,223,192,192
416,416,224,224,224,192,192
417,417,225,225,225,192,192
419,419,226,226,226,193,193
421,421,227,227,227,194,194
423,423,228,228,228,195,195
424,424,229,229,229,195,195
425,425,230,230,230,195,195
427,427,231,231,231,196,196
429,429,232,232,232,197,197
431,431,233,233,233,198,198
433,433,234,234,234,199,199
435,435,235,235,235,200,200
437,437,236,236,236,201,201
438,438,237,237,237,201,201
440,440,238,238,238,202,202
441,441,239,239,239,202,202
442,442,240,240,240,202,202
444,444,241,241,241,203,203
445,445,242,242,242,203,203
447,447,243,243,243,204,204
449,449,244,244,244,205,205
450,450,245,245,245,205,205
452,452,246,246,246,206,206
454,454,247,247,247,207,207
455,455,248,248,248,207,207
457,457,249,249,249,208,208
459,459,250,250,250,209,209
461,461,251,251,251,210,210
462,462,252,252,252,210,210
464,464,253,253,253,211,211
466,466,254,254,254,212,212
468,468,255,255,255,213,213
470,470,256,256,256,214,214
471,471,257,257,257,214,214
473,473,258,258,258,215,215
474,474,259,259,259,215,215
476,476,260,260,260,216,216
478,478,261,261,261,217,217
479,479,262,262,262,217,217
481,481,263,263,263,218,218
482,482,264,264,264,218,218
484,484,265,265,265,219,219
486,486,266,266,266,220,220
488,488,267,267,267,221,221
490,490,268,268,268,221,221
492,492,269,269,269,222,222
494,494,270,270,270,223,223
496,496,271,271,271,224,224
497,497,272,272,272,224,224
499,499,273,273,273,225,225
501,501,274,274,274,226,226
503,503,275,275,275,227,227
505,505,276,276,276,228,228
505,505,277,276,277,228,228
507,507,278,278,278,229,229
508,508,279,279,279,229,229
509,509,280,280,280,229,229
511,511,281,281,281,230,230
512,512,282,282,282,230,230
513,513,283,283,283,230,230
515,515,284,284,284,231,231
516,516,285,285,285,231,231
518,518,286,286,286,232,232
520,520,287,287,287,233,233
522,522,288,288,288,234,234
524,524,289,289,289,235,235
525,525,290,290,290,235,235
526,526,291,291,291,235,235
527,527,292,292,292,235,235
529,529,293,293,293,236,236
530,530,294,294,294,236,236
530,530,295,294,295,236,236
532,532,296,296,296,237,237
534,534,297,297,297,238,238
536,536,298,298,298,239,239
538,538,299,299,299,240,240
539,539,300,300,300,240,240
540,540,301,301,301,240,240
541,541,302,302,302,240,240
543,543,303,303,303,241,241
544,544,304,304,304,241,241
546,546,305,305,305,242,242
547,547,306,306,306,242,242
548,548,307,307,307,242,242
550,550,308,308,308,243,243
551,551,309,309,309,243,243
553,553,310,310,310,244,244
555,555,311,311,311,245,245
557,557,312,312,312,246,246
559,559,313,313,313,247,247
561,561,314,314,314,248,248
563,563,315,315,315,249,249
565,565,316,316,316,250,250
567,567,317,317,317,250,250
569,569,318,318,318,251,251
570,570,319,319,319,251,251
571,571,320,320,320,251,251
572,572,321,321,321,251,251
573,573,322,322,322,251,251
575,575,323,323,323,252,252
576,576,324,324,324,252,252
577,577,325,325,325,252,252
579,579,326,326,326,253,253
581,581,327,327,327,254,254
583,583,328,328,328,255,255
584,584,329,329,329,255,255
585,585,330,330,330,255,255
585,585,331,330,331,255,255
587,587,332,332,332,256,256
589,589,333,333,333,257,257
591,591,334,334,334,258,258
592,592,335,335,335,258,258
594,594,336,336,336,259,259
596,596,337,337,337,260,260
597,597,338,338,338,260,260
599,599,339,339,339,261,261
601,601,340,340,340,262,262
603,603,341,341,341,263,263
605,605,342,342,342,264,264
607,607,343,343,343,265,265
609,609,344,344,344,266,266
611,611,345,345,345,267,267
613,613,346,346,346,268,268
615,615,347,347,347,269,269
616,616,348,348,348,269,269
616,616,349,348,349,269,269
618,618,350,350,350,270,270
620,620,351,351,351,271,271
622,622,352,352,352,272,272
623,623,353,353,353,272,272
625,625,354,354,354,273,273
626,626,355,355,355,273,273
627,627,356,356,356,273,273
629,629,357,357,357,274,274
631,631,358,358,358,275,275
633,633,359,359,359,276,276
635,635,360,360,360,277,277
637,637,361,361,361,278,278
639,639,362,362,362,279,279
641,641,363,363,363,280,280
643,643,364,364,364,281,281
645,645,365,365,365,282,282
647,647,366,366,366,283,283
649,649,367,367,367,284,284
651,651,368,368,368,285,285
653,653,369,369,369,286,286
655,655,370,370,370,287,287
657,657,371,371,371,288,288
658,658,372,372,372,288,288
659,659,373,373,373,288,288
660,660,374,374,374,288,288
661,661,375,375,375,288,288
663,663,376,376,376,289,289
665,665,377,377,377,290,290
666,666,378,378,378,290,290
667,667,379,379,379,290,290
669,669,380,380,380,291,291
671,671,381,381,381,292,292
673,673,382,382,382,293,293
675,675,383,383,383,294,294
676,676,384,384,384,294,294
678,678,385,385,385,295,295
679,679,386,386,386,295,295
681,681,387,387,387,296,296
682,682,388,388,388,296,296
684,684,389,389,389,297,297
686,686,390,390,390,298,298
687,687,391,391,391,298,298
689,689,392,392,392,299,299
691,691,393,393,393,300,300
693,693,394,394,394,301,301
695,695,395,395,395,302,302
697,697,396,396,396,303,303
699,699,397,397,397,304,304
701,701,398,398,398,305,305
703,703,399,399,399,306,306
705,705,400,400,400,307,307
707,707,401,401,401,308,308
708,708,402,402,402,308,308
710,710,403,403,403,309,309
711,711,404,404,404,309,309
713,713,405,405,405,310,310
715,715,406,406,406,311,311
716,716,407,407,407,311,311
718,718,408,408,408,312,312
719,719,409,409,409,312,312
721,721,410,410,410,313,313
723,723,411,411,411,314,314
725,725,412,412,412,315,315
727,727,413,413,413,316,316
729,729,414,414,414,317,317
731,731,415,415,415,318,318
732,732,416,416,416,318,318
734,734,417,417,417,319,319
736,736,418,418,418,320,320
737,737,419,419,419,320,320
739,739,420,420,420,321,321
741,741,421,421,421,322,322
743,743,422,422,422,323,323
745,745,423,423,423,324,324
745,745,424,423,424,324,324
747,747,425,425,425,325,325
749,749,426,426,426,326,326
750,750,427,427,427,326,326
752,752,428,428,428,327,327
753,753,429,429,429,327,327
755,755,430,430,430,328,328
756,756,431,431,431,328,328
757,757,432,432,432,328,328
759,759,433,433,433,329,329
760,760,434,434,434,329,329
762,762,435,435,435,330,330
763,763,436,436,436,330,330
765,765,437,437,437,331,331
767,767,438,438,438,332,332
769,769,439,439,439,333,333
770,770,440,440,440,333,333
771,771,441,441,441,333,333
772,772,442,442,442,333,333
774,774,443,443,443,334,334
775,775,444,444,444,334,334
776,776,445,445,445,334,334
778,778,446,446,446,335,335
780,780,447,447,447,336,336
781,781,448,448,448,336,336
783,783,449,449,449,337,337
784,784,450,450,450,337,337
786,786,451,451,451,338,338
787,787,452,452,452,338,338
789,789,453,453,453,339,339
791,791,454,454,454,340,340
792,792,455,455,455,340,340
794,794,456,456,456,341,341
795,795,457,457,457,341,341
797,797,458,458,458,342,342
799,799,459,459,459,343,343
801,801,460,460,460,344,344
802,802,461,461,461,344,344
804,804,462,462,462,345,345
806,806,463,463,463,346,346
808,808,464,464,464,347,347
809,809,465,465,465,347,347
810,810,466,466,466,347,347
811,811,467,467,467,347,347
813,813,468,468,468,348,348
814,814,469,469,469,348,348
816,816,470,470,470,349,349
818,818,471,471,471,350,350
820,820,472,472,472,351,351
821,821,473,473,473,351,351
823,823,474,474,474,352,352
824,824,475,475,475,352,352
826,826,476,476,476,353,353
827,827,477,477,477,353,353
829,829,478,478,478,354,354
830,830,479,479,479,354,354
832,832,480,480,480,355,355
834,834,481,481,481,356,356
836,836,482,482,482,357,357
838,838,483,483,483,358,358
839,839,484,484,484,358,358
840,840,485,485,485,358,358
841,841,486,486,486,358,358
843,843,487,487,487,359,359
845,845,488,488,488,360,360
846,846,489,489,489,360,360
848,848,490,490,490,361,361
850,850,491,491,491,362,362
852,852,492,492,492,363,363
853,853,493,493,493,363,363
855,855,494,494,494,364,364
857,857,495,495,495,365,365
859,859,496,496,496,366,366
860,860,497,497,497,366,366
862,862,498,498,498,367,367
864,864,499,499,499,368,368
866,866,500,500,500,369,369
868,868,501,501,501,370,370
870,870,502,502,502,371,371
872,872,503,503,503,372,372
874,874,504,504,504,373,373
876,876,505,505,505,374,374
878,878,506,506,506,375,375
879,879,507,507,507,375,375
880,880,508,508,508,375,375
882,882,509,509,509,376,376
884,884,510,510,510,377,377
886,886,511,511,511,378,378
888,888,512,512,512,379,379
890,890,513,513,513,380,380
891,891,514,514,514,380,380
892,892,515,515,515,380,380
894,894,516,516,516,381,381
895,895,517,517,517,381,381
896,896,518,518,518,381,381
898,898,519,519,519,382,382
900,900,520,520,520,383,383
901,901,521,521,521,383,383
903,903,522,522,522,384,384
904,904,523,523,523,384,384
906,906,524,524,524,385,385
907,907,525,525,525,385,385
909,909,526,526,526,386,386
911,911,527,527,527,387,387
912,912,528,528,528,387,387
914,914,529,529,529,388,388
915,915,530,530,530,388,388
916,916,531,531,531,388,388
917,917,532,532,532,388,388
919,919,533,533,533,389,389
920,920,534,534,534,389,389
921,921,535,535,535,389,389
923,923,536,536,536,390,390
924,924,537,537,537,390,390
925,925,538,538,538,390,390
927,927,539,539,539,391,391
928,928,540,540,540,391,391
929,929,541,541,541,391,391
931,931,542,542,542,392,392
932,932,543,543,543,392,392
934,934,544,544,544,393,393
936,936,545,545,545,394,394
937,937,546,546,546,394,394
939,939,547,547,547,395,395
941,941,548,548,548,396,396
943,943,549,549,549,397,397
945,945,550,550,550,398,398
946,946,551,551,551,398,398
948,948,552,552,552,399,399
949,949,553,553,553,399,399
949,949,554,553,554,399,399
950,950,555,555,555,399,399
952,952,556,556,556,400,400
954,954,557,557,557,401,401
955,955,558,558,558,401,401
956,956,559,559,559,401,401
958,958,560,560,560,402,402
960,960,561,561,561,403,403
962,962,562,562,562,404,404
964,964,563,563,563,405,405
965,965,564,564,564,405,405
967,967,565,565,565,406,406
968,968,566,566,566,406,406
969,969,567,567,567,406,406
971,971,568,568,568,407,407
972,972,569,569,569,407,407
973,973,570,570,570,407,407
974,974,571,571,571,407,407
975,975,572,572,572,407,407
976,976,573,573,573,407,407
977,977,574,574,574,407,407
979,979,575,575,575,408,408
980,980,576,576,576,408,408
981,981,577,577,577,408,408
983,983,578,578,578,409,409
985,985,579,579,579,410,410
987,987,580,580,580,411,411
988,988,581,581,581,411,411
989,989,582,582,582,411,411
991,991,583,583,583,412,412
993,993,584,584,584,413,413
995,995,585,585,585,414,414
997,997,586,586,586,415,415
999,999,587,587,587,416,416
1001,1001,588,588,588,417,417
1003,1003,589,589,589,418,418
1004,1004,590,590,590,418,418
1005,1005,591,591,591,418,418
1006,1006,592,592,592,418,418
1008,1008,593,593,593,419,419
1009,1009,594,594,594,419,419
1011,1011,595,595,595,420,420
1012,1012,596,596,596,420,420
1013,1013,597,597,597,420,420
1014,1014,598,598,598,420,420
1016,1016,599,599,599,420,420
1017,1017,600,600,600,420,420
1019,1019,601,601,601,421,421
1020,1020,602,602,602,421,421
1022,1022,603,603,603,422,422
1023,1023,604,604,604,422,422
1025,1025,605,605,605,423,423
1027,1027,606,606,606,424,424
1028,1028,607,607,607,424,424
1030,1030,608,608,608,425,425
1031,1031,609,609,609,425,425
1032,1032,610,610,610,425,425
1033,1033,611,611,611,425,425
1034,1034,612,612,612,425,425
1035,1035,613,613,613,425,425
1037,1037,614,614,614,426,426
1039,1039,615,615,615,427,427
1041,1041,616,616,616,428,428
1042,1042,617,617,617,428,428
1044,1044,618,618,618,429,429
1044,1044,619,618,619,429,429
1046,1046,620,620,620,430,430
1047,1047,621,621,621,430,430
1048,1048,622,622,622,430,430
1050,1050,623,623,623,431,431
1051,1051,624,624,624,431,431
1052,1052,625,625,625,431,431
1054,1054,626,626,626,432,432
1056,1056,627,627,627,433,433
1058,1058,628,628,628,434,434
1060,1060,629,629,629,435,435
1060,1060,630,629,630,435,435
1062,1062,631,631,631,436,436
1064,1064,632,632,632,436,436
1066,1066,633,633,633,437,437
1067,1067,634,634,634,437,437
1068,1068,635,635,635,437,437
1069,1069,636,636,636,437,437
1070,1070,637,637,637,437,437
1072,1072,638,638,638,438,438
1073,1073,639,639,639,438,438
1074,1074,640,640,640,438,438
1076,1076,641,641,641,439,439
1078,1078,642,642,642,440,440
1080,1080,643,643,643,441,441
1082,1082,644,644,644,442,442
1084,1084,645,645,645,443,443
1086,1086,646,646,646,444,444
1088,1088,647,647,647,445,445
1089,1089,648,648,648,445,445
1091,1091,649,649,649,446,446
1093,1093,650,650,650,447,447
1095,1095,651,651,651,448,448
1094,1095,652,651,652,448,448
1096,1096,653,653,653,449,449
1098,1098,654,654,654,450,450
1099,1099,655,655,655,450,450
1101,1101,656,656,656,451,451
1102,1102,657,657,657,451,451
1104,1104,658,658,658,452,452
1105,1105,659,659,659,452,452
1106,1106,660,660,660,452,452
1108,1108,661,661,661,453,453
1109,1109,662,662,662,453,453
1111,1111,663,663,663,454,454
1112,1112,664,664,664,454,454
1113,1113,665,665,665,454,454
1114,1114,666,666,666,454,454
1115,1115,667,667,667,454,454
1116,1116,668,668,668,454,454
1118,1118,669,669,669,455,455
1120,1120,670,670,670,456,456
1122,1122,671,671,671,457,457
1123,1123,672,672,672,457,457
1124,1124,673,673,673,457,457
1125,1125,674,674,674,457,457
1126,1126,675,675,675,457,457
1127,1127,676,676,676,457,457
1127,1127,677,676,677,457,457
1128,1128,678,678,678,457,457
1129,1129,679,679,679,457,457
1130,1130,680,680,680,457,457
1131,1131,681,681,681,457,457
1133,1133,682,682,682,458,458
1135,1135,683,683,683,459,459
1136,1136,684,684,684,459,459
1138,1138,685,685,685,460,460
1140,1140,686,686,686,461,461
1141,1141,687,687,687,461,461
1142,1142,688,688,688,461,461
1144,1144,689,689,689,462,462
1146,1146,690,690,690,463,463
1148,1148,691,691,691,464,464
1149,1149,692,692,692,464,464
1149,1149,693,692,693,464,464
1151,1151,694,694,694,465,465
1153,1153,695,695,695,466,466
1155,1155,696,696,696,467,467
1156,1156,697,697,697,467,467
1157,1157,698,698,698,467,467
1158,1158,699,699,699,467,467
1160,1160,700,700,700,468,468
1161,1161,701,701,701,468,468
1162,1162,702,702,702,468,468
1164,1164,703,703,703,469,469
1166,1166,704,704,704,470,470
1168,1168,705,705,705,471,471
1170,1170,706,706,706,472,472
1172,1172,707,707,707,473,473
1174,1174,708,708,708,474,474
1176,1176,709,709,709,475,475
1178,1178,710,710,710,476,476
1180,1180,711,711,711,477,477
1182,1182,712,712,712,478,478
1183,1183,713,713,713,478,478
1185,1185,714,714,714,479,479
1186,1186,715,715,715,479,479
1188,1188,716,716,716,480,480
1189,1189,717,717,717,480,480
1191,1191,718,718,718,481,481
1192,1192,719,719,719,481,481
1192,1192,720,719,720,481,481
1194,1194,721,721,721,482,482
1196,1196,722,722,722,483,483
1197,1197,723,723,723,483,483
1198,1198,724,724,724,483,483
1199,1199,725,725,725,483,483
1200,1200,726,726,726,483,483
1201,1201,727,727,727,483,483
1203,1203,728,728,728,484,484
1203,1203,729,728,729,484,484
1204,1204,730,730,730,484,484
1206,1206,731,731,731,485,485
1208,1208,732,732,732,486,486
1209,1209,733,733,733,486,486
1211,1211,734,734,734,487,487
1213,1213,735,735,735,488,488
1215,1215,736,736,736,489,489
1217,1217,737,737,737,490,490
1218,1218,738,738,738,490,490
1220,1220,739,739,739,491,491
1222,1222,740,740,740,492,492
1224,1224,741,741,741,493,493
1225,1225,742,742,742,493,493
1226,1226,743,743,743,493,493
1227,1227,744,744,744,493,493
1228,1228,745,745,745,493,493
1229,1229,746,746,746,493,493
1230,1230,747,747,747,493,493
1229,1230,748,747,748,493,493
1230,1230,749,747,749,493,493
1232,1232,750,750,750,494,494
1234,1234,751,751,751,495,495
1235,1235,752,752,752,495,495
1236,1236,753,753,753,495,495
1237,1237,754,754,754,495,495
1238,1238,755,755,755,495,495
1239,1239,756,756,756,495,495
1241,1241,757,757,757,496,496
1243,1243,758,758,758,497,497
1244,1244,759,759,759,497,497
1245,1245,760,760,760,497,497
1247,1247,761,761,761,498,498
1249,1249,762,762,762,499,499
1251,1251,763,763,763,500,500
1252,1252,764,764,764,500,500
1253,1253,765,765,765,500,500
1254,1254,766,766,766,500,500
1256,1256,767,767,767,501,501
1257,1257,768,768,768,501,501
1258,1258,769,769,769,501,501
1259,1259,770,770,770,501,501
1260,1260,771,771,771,501,501
1261,1261,772,772,772,501,501
1262,1262,773,773,773,501,501
1264,1264,774,774,774,502,502
1265,1265,775,775,775,502,502
1267,1267,776,776,776,503,503
1268,1268,777,777,777,503,503
1269,1269,778,778,778,503,503
1271,1271,779,779,779,504,504
1272,1272,780,780,780,504,504
1273,1273,781,781,781,504,504
1273,1273,782,781,782,504,504
1275,1275,783,783,783,505,505
1276,1276,784,784,784,505,505
1278,1278,785,785,785,506,506
1280,1280,786,786,786,507,507
1282,1282,787,787,787,508,508
1283,1283,788,788,788,508,508
1284,1284,789,789,789,508,508
1286,1286,790,790,790,509,509
1288,1288,791,791,791,510,510
1290,1290,792,792,792,511,511
1291,1291,793,793,793,511,511
1292,1292,794,794,794,511,511
1292,1292,795,794,795,511,511
1294,1294,796,796,796,512,512
1295,1295,797,797,797,512,512
1297,1297,798,798,798,513,513
1298,1298,799,799,799,513,513
1299,1299,800,800,800,513,513
1301,1301,801,801,801,514,514
1302,1302,802,802,802,514,514
1303,1303,803,803,803,514,514
1304,1304,804,804,804,514,514
1306,1306,805,805,805,515,515
1308,1308,806,806,806,516,516
1310,1310,807,807,807,517,517
1311,1311,808,808,808,517,517
1312,1312,809,809,809,517,517
1314,1314,810,810,810,518,518
1316,1316,811,811,811,519,519
1317,1317,812,812,812,519,519
1319,1319,813,813,813,520,520
1320,1320,814,814,814,520,520
1322,1322,815,815,815,521,521
1324,1324,816,816,816,522,522
1325,1325,817,817,817,522,522
1326,1326,818,818,818,522,522
1328,1328,819,819,819,523,523
1330,1330,820,820,820,524,524
1332,1332,821,821,821,525,525
1334,1334,822,822,822,526,526
1336,1336,823,823,823,527,527
1337,1337,824,824,824,527,527
1338,1338,825,825,825,527,527
1339,1339,826,826,826,527,527
1340,1340,827,827,827,527,527
1341,1341,828,828,828,527,527
1342,1342,829,829,829,527,527
1344,1344,830,830,830,528,528
1345,1345,831,831,831,528,528
1346,1346,832,832,832,528,528
1346,1346,833,832,833,528,528
1347,1347,834,834,834,528,528
1348,1348,835,835,835,528,528
1349,1349,836,836,836,528,528
1350,1350,837,837,837,528,528
1351,1351,838,838,838,528,528
1353,1353,839,839,839,529,529
1354,1354,840,840,840,529,529
1354,1354,841,840,841,529,529
1356,1356,842,842,842,530,530
1356,1356,843,842,843,530,530
1358,1358,844,844,844,531,531
1360,1360,845,845,845,532,532
1360,1360,846,845,846,532,532
1361,1361,847,847,847,532,532
1362,1362,848,848,848,532,532
1363,1363,849,849,849,532,532
1365,1365,850,850,850,533,533
1366,1366,851,851,851,533,533
1367,1367,852,852,852,533,533
1368,1368,853,853,853,533,533
1369,1369,854,854,854,533,533
1371,1371,855,855,855,534,534
1373,1373,856,856,856,535,535
1374,1374,857,857,857,535,535
1375,1375,858,858,858,535,535
1376,1376,859,859,859,535,535
1377,1377,860,860,860,535,535
1378,1378,861,861,861,535,535
1379,1379,862,862,862,535,535
1380,1380,863,863,863,535,535
1381,1381,864,864,864,535,535
1383,1383,865,865,865,536,536
1384,1384,866,866,866,536,536
1386,1386,867,867,867,537,537
1388,1388,868,868,868,538,538
1389,1389,869,869,869,538,538
1390,1390,870,870,870,538,538
1391,1391,871,871,871,538,538
1391,1391,872,871,872,538,538
1392,1392,873,873,873,538,538
1394,1394,874,874,874,539,539
1395,1395,875,875,875,539,539
1397,1397,876,876,876,540,540
1398,1398,877,877,877,540,540
1399,1399,878,878,878,540,540
1400,1400,879,879,879,540,540
1402,1402,880,880,880,541,541
1403,1403,881,881,881,541,541
1404,1404,882,882,882,541,541
1406,1406,883,883,883,542,542
1407,1407,884,884,884,542,542
1408,1408,885,885,885,542,542
1410,1410,886,886,886,543,543
1411,1411,887,887,887,543,543
1412,1412,888,888,888,543,543
1414,1414,889,889,889,544,544
1415,1415,890,890,890,544,544
1416,1416,891,891,891,544,544
1417,1417,892,892,892,544,544
1418,1418,893,893,893,544,544
1420,1420,894,894,894,545,545
1421,1421,895,895,895,545,545
1422,1422,896,896,896,545,545
1423,1423,897,897,897,545,545
1424,1424,898,898,898,545,545
1426,1426,899,899,899,546,546
1427,1427,900,900,900,546,546
1429,1429,901,901,901,547,547
1430,1430,902,902,902,547,547
1432,1432,903,903,903,548,548
1434,1434,904,904,904,549,549
1436,1436,905,905,905,550,550
1437,1437,906,906,906,550,550
1438,1438,907,907,907,550,550
1440,1440,908,908,908,551,551
1441,1441,909,909,909,551,551
1442,1442,910,910,910,551,551
1444,1444,911,911,911,552,552
1445,1445,912,912,912,552,552
1446,1446,913,913,913,552,552
1447,1447,914,914,914,552,552
1448,1448,915,915,915,552,552
1449,1449,916,916,916,552,552
1451,1451,917,917,917,553,553
1452,1452,918,918,918,553,553
1451,1452,919,918,919,553,553
1452,1452,920,918,920,553,553
1453,1453,921,921,921,553,553
1455,1455,922,922,922,554,554
1456,1456,923,923,923,554,554
1458,1458,924,924,924,555,555
1460,1460,925,925,925,556,556
1461,1461,926,926,926,556,556
1462,1462,927,927,927,556,556
1463,1463,928,928,928,556,556
1465,1465,929,929,929,557,557
1466,1466,930,930,930,557,557
1468,1468,931,931,931,558,558
1469,1469,932,932,932,558,558
1470,1470,933,933,933,558,558
1471,1471,934,934,934,558,558
1473,1473,935,935,935,559,559
1474,1474,936,936,936,559,559
1475,1475,937,937,937,559,559
1477,1477,938,938,938,560,560
1479,1479,939,939,939,561,561
1480,1480,940,940,940,561,561
1481,1481,941,941,941,561,561
1483,1483,942,942,942,562,562
1484,1484,943,943,943,562,562
1485,1485,944,944,944,562,562
1486,1486,945,945,945,562,562
1488,1488,946,946,946,563,563
1489,1489,947,947,947,563,563
1490,1490,948,948,948,563,563
1491,1491,949,949,949,563,563
1491,1491,950,949,950,563,563
1493,1493,951,951,951,564,564
1494,1494,952,952,952,564,564
1495,1495,953,953,953,564,564
1496,1496,954,954,954,564,564
1498,1498,955,955,955,565,565
1500,1500,956,956,956,566,566
1502,1502,957,957,957,566,566
1503,1503,958,958,958,566,566
1504,1504,959,959,959,566,566
1506,1506,960,960,960,567,567
1507,1507,961,961,961,567,567
1508,1508,962,962,962,567,567
1509,1509,963,963,963,567,567
1511,1511,964,964,964,568,568
1512,1512,965,965,965,568,568
1513,1513,966,966,966,568,568
1514,1514,967,967,967,568,568
1516,1516,968,968,968,569,569
1517,1517,969,969,969,569,569
1519,1519,970,970,970,570,570
1520,1520,971,971,971,570,570
1521,1521,972,972,972,570,570
1523,1523,973,973,973,571,571
1525,1525,974,974,974,572,572
1526,1526,975,975,975,572,572
1525,1526,976,975,976,572,572
1527,1527,977,977,977,573,573
1529,1529,978,978,978,574,574
1530,1530,979,979,979,574,574
1532,1532,980,980,980,575,575
1534,1534,981,981,981,576,576
1536,1536,982,982,982,577,577
1537,1537,983,983,983,577,577
1538,1538,984,984,984,577,577
1539,1539,985,985,985,577,577
1540,1540,986,986,986,577,577
1541,1541,987,987,987,577,577
1543,1543,988,988,988,578,578
1544,1544,989,989,989,578,578
1545,1545,990,990,990,578,578
1546,1546,991,991,991,578,578
1547,1547,992,992,992,578,578
1549,1549,993,993,993,579,579
1551,1551,994,994,994,580,580
1552,1552,995,995,995,580,580
1553,1553,996,996,996,580,580
1554,1554,997,997,997,580,580
1555,1555,998,998,998,580,580
1557,1557,999,999,999,581,581
1558,1558,1000,1000,1000,581,581
1559,1559,1001,1001,1001,581,581
1561,1561,1002,1002,1002,582,582
1562,1562,1003,1003,1003,582,582
1563,1563,1004,1004,1004,582,582
1560,1563,1005,1004,1005,582,582
1561,1563,1006,1004,1006,582,582
1562,1563,1007,1004,1007,582,582
1563,1563,1008,1004,1008,582,582
1564,1564,1009,1009,1009,582,582
1565,1565,1010,1010,1010,582,582
1566,1566,1011,1011,1011,582,582
1567,1567,1012,1012,1012,582,582
1568,1568,1013,1013,1013,582,582
1569,1569,1014,1014,1014,582,582
1571,1571,1015,1015,1015,583,583
1572,1572,1016,1016,1016,583,583
1574,1574,1017,1017,1017,584,584
1576,1576,1018,1018,1018,585,585
1577,1577,1019,1019,1019,585,585
1579,1579,1020,1020,1020,586,586
1580,1580,1021,1021,1021,586,586
1581,1581,1022,1022,1022,586,586
1582,1582,1023,1023,1023,586,586
1583,1583,1024,1024,1024,586,586
1584,1584,1025,1025,1025,586,586
1585,1585,1026,1026,1026,586,586
1586,1586,1027,1027,1027,586,586
1588,1588,1028,1028,1028,587,587
1589,1589,1029,1029,1029,587,587
1590,1590,1030,1030,1030,587,587
1591,1591,1031,1031,1031,587,587
1592,1592,1032,1032,1032,587,587
1593,1593,1033,1033,1033,587,587
1594,1594,1034,1034,1034,587,587
1595,1595,1035,1035,1035,587,587
1596,1596,1036,1036,1036,587,587
1598,1598,1037,1037,1037,588,588
1600,1600,1038,1038,1038,589,589
1601,1601,1039,1039,1039,589,589
1602,1602,1040,1040,1040,589,589
1603,1603,1041,1041,1041,589,589
1604,1604,1042,1042,1042,589,589
1605,1605,1043,1043,1043,589,589
1606,1606,1044,1044,1044,589,589
1606,1606,1045,1044,1045,589,589
1607,1607,1046,1046,1046,589,589
1608,1608,1047,1047,1047,589,589
1609,1609,1048,1048,1048,589,589
1610,1610,1049,1049,1049,589,589
1611,1611,1050,1050,1050,589,589
1613,1613,1051,1051,1051,590,590
1615,1615,1052,1052,1052,591,591
1616,1616,1053,1053,1053,591,591
1617,1617,1054,1054,1054,591,591
1618,1618,1055,1055,1055,591,591
1619,1619,1056,1056,1056,591,591
1620,1620,1057,1057,1057,591,591
1621,1621,1058,1058,1058,591,591
1622,1622,1059,1059,1059,591,591
1623,1623,1060,1060,1060,591,591
1625,1625,1061,1061,1061,592,592
1626,1626,1062,1062,1062,592,592
1627,1627,1063,1063,1063,592,592
1628,1628,1064,1064,1064,592,592
1629,1629,1065,1065,1065,592,592
1630,1630,1066,1066,1066,592,592
1631,1631,1067,1067,1067,592,592
1630,1631,1068,1067,1068,592,592
1631,1631,1069,1067,1069,592,592
1632,1632,1070,1070,1070,592,592
1633,1633,1071,1071,1071,592,592
1635,1635,1072,1072,1072,593,593
1635,1635,1073,1072,1073,593,593
1636,1636,1074,1074,1074,593,593
1636,1636,1075,1074,1075,593,593
1637,1637,1076,1076,1076,593,593
1638,1638,1077,1077,1077,593,593
1640,1640,1078,1078,1078,594,594
1641,1641,1079,1079,1079,594,594
1642,1642,1080,1080,1080,594,594
1644,1644,1081,1081,1081,595,595
1646,1646,1082,1082,1082,596,596
1647,1647,1083,1083,1083,596,596
1648,1648,1084,1084,1084,596,596
1649,1649,1085,1085,1085,596,596
1650,1650,1086,1086,1086,596,596
1651,1651,1087,1087,1087,596,596
1652,1652,1088,1088,1088,596,596
1653,1653,1089,1089,1089,596,596
1655,1655,1090,1090,1090,597,597
1657,1657,1091,1091,1091,598,598
1658,1658,1092,1092,1092,598,598
1658,1658,1093,1092,1093,598,598
1660,1660,1094,1094,1094,599,599
1661,1661,1095,1095,1095,599,599
1662,1662,1096,1096,1096,599,599
1664,1664,1097,1097,1097,600,600
1665,1665,1098,1098,1098,600,600
1667,1667,1099,1099,1099,601,601
1669,1669,1100,1100,1100,602,602
1671,1671,1101,1101,1101,603,603
1672,1672,1102,1102,1102,603,603
1673,1673,1103,1103,1103,603,603
1674,1674,1104,1104,1104,603,603
1675,1675,1105,1105,1105,603,603
1677,1677,1106,1106,1106,604,604
1678,1678,1107,1107,1107,604,604
1680,1680,1108,1108,1108,605,605
1682,1682,1109,1109,1109,606,606
1683,1683,1110,1110,1110,606,606
1684,1684,1111,1111,1111,606,606
1685,1685,1112,1112,1112,606,606
1687,1687,1113,1113,1113,607,607
1688,1688,1114,1114,1114,607,607
1689,1689,1115,1115,1115,607,607
1690,1690,1116,1116,1116,607,607
1691,1691,1117,1117,1117,607,607
1692,1692,1118,1118,1118,607,607
1693,1693,1119,1119,1119,607,607
1694,1694,1120,1120,1120,607,607
1695,1695,1121,1121,1121,607,607
1697,1697,1122,1122,1122,608,608
1699,1699,1123,1123,1123,609,609
1700,1700,1124,1124,1124,609,609
1700,1700,1125,1124,1125,609,609
1702,1702,1126,1126,1126,610,610
1703,1703,1127,1127,1127,610,610
1704,1704,1128,1128,1128,610,610
1706,1706,1129,1129,1129,611,611
1707,1707,1130,1130,1130,611,611
1708,1708,1131,1131,1131,611,611
1709,1709,1132,1132,1132,611,611
1710,1710,1133,1133,1133,611,611
1711,1711,1134,1134,1134,611,611
1712,1712,1135,1135,1135,611,611
1714,1714,1136,1136,1136,612,612
1715,1715,1137,1137,1137,612,612
1716,1716,1138,1138,1138,612,612
1718,1718,1139,1139,1139,613,613
1719,1719,1140,1140,1140,613,613
1720,1720,1141,1141,1141,613,613
1721,1721,1142,1142,1142,613,613
1722,1722,1143,1143,1143,613,613
1723,1723,1144,1144,1144,613,613
1724,1724,1145,1145,1145,613,613
1725,1725,1146,1146,1146,613,613
1727,1727,1147,1147,1147,614,614
1728,1728,1148,1148,1148,614,614
1728,1728,1149,1148,1149,614,614
1729,1729,1150,1150,1150,614,614
1730,1730,1151,1151,1151,614,614
1731,1731,1152,1152,1152,614,614
1733,1733,1153,1153,1153,615,615
1734,1734,1154,1154,1154,615,615
1735,1735,1155,1155,1155,615,615
1736,1736,1156,1156,1156,615,615
1737,1737,1157,1157,1157,615,615
1738,1738,1158,1158,1158,615,615
1739,1739,1159,1159,1159,615,615
1740,1740,1160,1160,1160,615,615
1741,1741,1161,1161,1161,615,615
1742,1742,1162,1162,1162,615,615
1744,1744,1163,1163,1163,616,616
1745,1745,1164,1164,1164,616,616
1746,1746,1165,1165,1165,616,616
1748,1748,1166,1166,1166,617,617
1749,1749,1167,1167,1167,617,617
1750,1750,1168,1168,1168,617,617
1751,1751,1169,1169,1169,617,617
1752,1752,1170,1170,1170,617,617
1754,1754,1171,1171,1171,618,618
1756,1756,1172,1172,1172,619,619
1757,1757,1173,1173,1173,619,619
1759,1759,1174,1174,1174,620,620
1761,1761,1175,1175,1175,621,621
1762,1762,1176,1176,1176,621,621
1763,1763,1177,1177,1177,621,621
1765,1765,1178,1178,1178,622,622
1766,1766,1179,1179,1179,622,622
1767,1767,1180,1180,1180,622,622
1768,1768,1181,1181,1181,622,622
1769,1769,1182,1182,1182,622,622
1768,1769,1183,1182,1183,622,622
1769,1769,1184,1182,1184,622,622
1770,1770,1185,1185,1185,622,622
1771,1771,1186,1186,1186,622,622
1772,1772,1187,1187,1187,622,622
1773,1773,1188,1188,1188,622,622
1774,1774,1189,1189,1189,622,622
1775,1775,1190,1190,1190,622,622
1776,1776,1191,1191,1191,622,622
1778,1778,1192,1192,1192,623,623
1779,1779,1193,1193,1193,623,623
1780,1780,1194,1194,1194,623,623
1781,1781,1195,1195,1195,623,623
1782,1782,1196,1196,1196,623,623
1783,1783,1197,1197,1197,623,623
1784,1784,1198,1198,1198,623,623
1785,1785,1199,1199,1199,623,623
1786,1786,1200,1200,1200,623,623
1787,1787,1201,1201,1201,623,623
1788,1788,1202,1202,1202,623,623
1789,1789,1203,1203,1203,623,623
1790,1790,1204,1204,1204,623,623
1791,1791,1205,1205,1205,623,623
1792,1792,1206,1206,1206,623,623
1793,1793,1207,1207,1207,623,623
1793,1793,1208,1207,1208,623,623
1794,1794,1209,1209,1209,623,623
1795,1795,1210,1210,1210,623,623
1796,1796,1211,1211,1211,623,623
1798,1798,1212,1212,1212,624,624
1799,1799,1213,1213,1213,624,624
1800,1800,1214,1214,1214,624,624
1801,1801,1215,1215,1215,624,624
1802,1802,1216,1216,1216,624,624
1804,1804,1217,1217,1217,625,625
1805,1805,1218,1218,1218,625,625
1806,1806,1219,1219,1219,625,625
1807,1807,1220,1220,1220,625,625
1808,1808,1221,1221,1221,625,625
1809,1809,1222,1222,1222,625,625
1810,1810,1223,1223,1223,625,625
1811,1811,1224,1224,1224,625,625
1812,1812,1225,1225,1225,625,625
1813,1813,1226,1226,1226,625,625
1814,1814,1227,1227,1227,625,625
1815,1815,1228,1228,1228,625,625
1814,1815,1229,1228,1229,625,625
1816,1816,1230,1230,1230,626,626
1816,1816,1231,1230,1231,626,626
1817,1817,1232,1232,1232,626,626
1818,1818,1233,1233,1233,626,626
1819,1819,1234,1234,1234,626,626
1821,1821,1235,1235,1235,627,627
1822,1822,1236,1236,1236,627,627
1823,1823,1237,1237,1237,627,627
1825,1825,1238,1238,1238,628,628
1827,1827,1239,1239,1239,629,629
1829,1829,1240,1240,1240,630,630
1831,1831,1241,1241,1241,631,631
1832,1832,1242,1242,1242,631,631
1834,1834,1243,1243,1243,632,632
1835,1835,1244,1244,1244,632,632
1836,1836,1245,1245,1245,632,632
1836,1836,1246,1245,1246,632,632
1837,1837,1247,1247,1247,632,632
1838,1838,1248,1248,1248,632,632
1840,1840,1249,1249,1249,633,633
1842,1842,1250,1250,1250,633,633
1844,1844,1251,1251,1251,634,634
1845,1845,1252,1252,1252,634,634
1846,1846,1253,1253,1253,634,634
1847,1847,1254,1254,1254,634,634
1848,1848,1255,1255,1255,634,634
1849,1849,1256,1256,1256,634,634
1850,1850,1257,1257,1257,634,634
1851,1851,1258,1258,1258,634,634
1852,1852,1259,1259,1259,634,634
1853,1853,1260,1260,1260,634,634
1854,1854,1261,1261,1261,634,634
1856,1856,1262,1262,1262,635,635
1857,1857,1263,1263,1263,635,635
1858,1858,1264,1264,1264,635,635
1859,1859,1265,1265,1265,635,635
1860,1860,1266,1266,1266,635,635
1861,1861,1267,1267,1267,635,635
1862,1862,1268,1268,1268,635,635
1863,1863,1269,1269,1269,635,635
1865,1865,1270,1270,1270,636,636
1866,1866,1271,1271,1271,636,636
1868,1868,1272,1272,1272,637,637
1869,1869,1273,1273,1273,637,637
1870,1870,1274,1274,1274,637,637
1872,1872,1275,1275,1275,638,638
1871,1872,1276,1275,1276,638,638
1873,1873,1277,1277,1277,639,639
1875,1875,1278,1278,1278,640,640
1876,1876,1279,1279,1279,640,640
1877,1877,1280,1280,1280,640,640
1879,1879,1281,1281,1281,641,641
1880,1880,1282,1282,1282,641,641
1881,1881,1283,1283,1283,641,641
1882,1882,1284,1284,1284,641,641
1883,1883,1285,1285,1285,641,641
1884,1884,1286,1286,1286,641,641
1885,1885,1287,1287,1287,641,641
1886,1886,1288,1288,1288,641,641
1887,1887,1289,1289,1289,641,641
1888,1888,1290,1290,1290,641,641
1889,1889,1291,1291,1291,641,641
1890,1890,1292,1292,1292,641,641
1892,1892,1293,1293,1293,642,642
1893,1893,1294,1294,1294,642,642
1895,1895,1295,1295,1295,643,643
1897,1897,1296,1296,1296,644,644
1898,1898,1297,1297,1297,644,644
1899,1899,1298,1298,1298,644,644
1899,1899,1299,1298,1299,644,644
1900,1900,1300,1300,1300,644,644
1901,1901,1301,1301,1301,644,644
1902,1902,1302,1302,1302,644,644
1903,1903,1303,1303,1303,644,644
1904,1904,1304,1304,1304,644,644
1905,1905,1305,1305,1305,644,644
1907,1907,1306,1306,1306,645,645
1908,1908,1307,1307,1307,645,645
1909,1909,1308,1308,1308,645,645
1910,1910,1309,1309,1309,645,645
1911,1911,1310,1310,1310,645,645
1910,1911,1311,1310,1311,645,645
1912,1912,1312,1312,1312,646,646
1914,1914,1313,1313,1313,647,647
1915,1915,1314,1314,1314,647,647
1916,1916,1315,1315,1315,647,647
1917,1917,1316,1316,1316,647,647
1918,1918,1317,1317,1317,647,647
1919,1919,1318,1318,1318,647,647
1920,1920,1319,1319,1319,647,647
1922,1922,1320,1320,1320,648,648
1922,1922,1321,1320,1321,648,648
1923,1923,1322,1322,1322,648,648
1924,1924,1323,1323,1323,648,648
1925,1925,1324,1324,1324,648,648
1926,1926,1325,1325,1325,648,648
1928,1928,1326,1326,1326,649,649
1929,1929,1327,1327,1327,649,649
1930,1930,1328,1328,1328,649,649
1931,1931,1329,1329,1329,649,649
1933,1933,1330,1330,1330,650,650
1934,1934,1331,1331,1331,650,650
1935,1935,1332,1332,1332,650,650
1936,1936,1333,1333,1333,650,650
1937,1937,1334,1334,1334,650,650
1938,1938,1335,1335,1335,650,650
1939,1939,1336,1336,1336,650,650
1939,1939,1337,1336,1337,650,650
1941,1941,1338,1338,1338,651,651
1942,1942,1339,1339,1339,651,651
1943,1943,1340,1340,1340,651,651
1944,1944,1341,1341,1341,651,651
1943,1944,1342,1341,1342,651,651
1944,1944,1343,1341,1343,651,651
1945,1945,1344,1344,1344,651,651
1946,1946,1345,1345,1345,651,651
1947,1947,1346,1346,1346,651,651
1948,1948,1347,1347,1347,651,651
1950,1950,1348,1348,1348,652,652
1951,1951,1349,1349,1349,652,652
1952,1952,1350,1350,1350,652,652
1948,1952,1351,1350,1351,652,652
1948,1952,1352,1350,1352,652,652
1949,1952,1353,1350,1353,652,652
1950,1952,1354,1350,1354,652,652
1951,1952,1355,1350,1355,652,652
1952,1952,1356,1350,1356,652,652
1953,1953,1357,1357,1357,652,652
1954,1954,1358,1358,1358,652,652
1955,1955,1359,1359,1359,652,652
1953,1955,1360,1359,1360,652,652
1954,1955,1361,1359,1361,652,652
1955,1955,1362,1359,1362,652,652
1954,1955,1363,1359,1363,652,652
1955,1955,1364,1359,1364,652,652
1957,1957,1365,1365,1365,653,653
1958,1958,1366,1366,1366,653,653
1959,1959,1367,1367,1367,653,653
1960,1960,1368,1368,1368,653,653
1962,1962,1369,1369,1369,654,654
1962,1962,1370,1369,1370,654,654
1963,1963,1371,1371,1371,654,654
1964,1964,1372,1372,1372,654,654
1965,1965,1373,1373,1373,654,654
1966,1966,1374,1374,1374,654,654
1968,1968,1375,1375,1375,655,655
1970,1970,1376,1376,1376,656,656
1969,1970,1377,1376,1377,656,656
1969,1970,1378,1376,1378,656,656
1970,1970,1379,1376,1379,656,656
1972,1972,1380,1380,1380,657,657
1973,1973,1381,1381,1381,657,657
1974,1974,1382,1382,1382,657,657
1975,1975,1383,1383,1383,657,657
1974,1975,1384,1383,1384,657,657
1973,1975,1385,1383,1385,657,657
1974,1975,1386,1383,1386,657,657
1975,1975,1387,1383,1387,657,657
1976,1976,1388,1388,1388,657,657
1977,1977,1389,1389,1389,657,657
1978,1978,1390,1390,1390,657,657
1979,1979,1391,1391,1391,657,657
1981,1981,1392,1392,1392,658,658
1982,1982,1393,1393,1393,658,658
1984,1984,1394,1394,1394,659,659
1985,1985,1395,1395,1395,659,659
1986,1986,1396,1396,1396,659,659
1987,1987,1397,1397,1397,659,659
1988,1988,1398,1398,1398,659,659
1989,1989,1399,1399,1399,659,659
1988,1989,1400,1399,1400,659,659
1990,1990,1401,1401,1401,660,660
1991,1991,1402,1402,1402,660,660
1989,1991,1403,1402,1403,660,660
1991,1991,1404,1402,1404,661,661
1992,1992,1405,1405,1405,661,661
1993,1993,1406,1406,1406,661,661
1994,1994,1407,1407,1407,661,661
1995,1995,1408,1408,1408,661,661
1996,1996,1409,1409,1409,661,661
1997,1997,1410,1410,1410,661,661
1998,1998,1411,1411,1411,661,661
1999,1999,1412,1412,1412,661,661
2001,2001,1413,1413,1413,662,662
2002,2002,1414,1414,1414,662,662
2003,2003,1415,1415,1415,662,662
2004,2004,1416,1416,1416,662,662
2005,2005,1417,1417,1417,662,662
2006,2006,1418,1418,1418,662,662
2007,2007,1419,1419,1419,662,662
2009,2009,1420,1420,1420,663,663
2010,2010,1421,1421,1421,663,663
2011,2011,1422,1422,1422,663,663
2012,2012,1423,1423,1423,663,663
2013,2013,1424,1424,1424,663,663
2012,2013,1425,1424,1425,663,663
2013,2013,1426,1424,1426,663,663
2012,2013,1427,1424,1427,663,663
2013,2013,1428,1424,1428,663,663
2015,2015,1429,1429,1429,664,664
2016,2016,1430,1430,1430,664,664
2017,2017,1431,1431,1431,664,664
2018,2018,1432,1432,1432,664,664
2019,2019,1433,1433,1433,664,664
2020,2020,1434,1434,1434,664,664
2021,2021,1435,1435,1435,664,664
2022,2022,1436,1436,1436,664,664
2023,2023,1437,1437,1437,664,664
2024,2024,1438,1438,1438,664,664
2025,2025,1439,1439,1439,664,664
2026,2026,1440,1440,1440,664,664
2027,2027,1441,1441,1441,664,664
2029,2029,1442,1442,1442,665,665
2031,2031,1443,1443,1443,666,666
2032,2032,1444,1444,1444,666,666
2033,2033,1445,1445,1445,666,666
2034,2034,1446,1446,1446,666,666
2035,2035,1447,1447,1447,666,666
2036,2036,1448,1448,1448,666,666
2037,2037,1449,1449,1449,666,666
2038,2038,1450,1450,1450,666,666
2039,2039,1451,1451,1451,666,666
2040,2040,1452,1452,1452,666,666
2041,2041,1453,1453,1453,666,666
2042,2042,1454,1454,1454,666,666
2043,2043,1455,1455,1455,666,666
2044,2044,1456,1456,1456,666,666
2042,2044,1457,1456,1457,666,666
2044,2044,1458,1456,1458,667,667
2045,2045,1459,1459,1459,667,667
2046,2046,1460,1460,1460,667,667
2047,2047,1461,1461,1461,667,667
2048,2048,1462,1462,1462,667,667
2050,2050,1463,1463,1463,668,668
2051,2051,1464,1464,1464,668,668
2052,2052,1465,1465,1465,668,668
2053,2053,1466,1466,1466,668,668
2054,2054,1467,1467,1467,668,668
2055,2055,1468,1468,1468,668,668
2056,2056,1469,1469,1469,668,668
2055,2056,1470,1469,1470,668,668
2056,2056,1471,1469,1471,668,668
2057,2057,1472,1472,1472,668,668
2058,2058,1473,1473,1473,668,668
2060,2060,1474,1474,1474,669,669
2062,2062,1475,1475,1475,670,670
2063,2063,1476,1476,1476,670,670
2064,2064,1477,1477,1477,670,670
2065,2065,1478,1478,1478,670,670
2066,2066,1479,1479,1479,670,670
2066,2066,1480,1479,1480,670,670
2067,2067,1481,1481,1481,670,670
2068,2068,1482,1482,1482,670,670
2069,2069,1483,1483,1483,670,670
2070,2070,1484,1484,1484,670,670
2068,2070,1485,1484,1485,670,670
2069,2070,1486,1484,1486,670,670
2071,2071,1487,1487,1487,671,671
2072,2072,1488,1488,1488,671,671
2073,2073,1489,1489,1489,671,671
2075,2075,1490,1490,1490,672,672
2076,2076,1491,1491,1491,672,672
2077,2077,1492,1492,1492,672,672
2078,2078,1493,1493,1493,672,672
2080,2080,1494,1494,1494,673,673
2081,2081,1495,1495,1495,673,673
2082,2082,1496,1496,1496,673,673
2080,2082,1497,1496,1497,673,673
2080,2082,1498,1496,1498,673,673
2081,2082,1499,1496,1499,673,673
2082,2082,1500,1496,1500,673,673
2083,2083,1501,1501,1501,673,673
2084,2084,1502,1502,1502,673,673
2085,2085,1503,1503,1503,673,673
2085,2085,1504,1503,1504,673,673
2086,2086,1505,1505,1505,673,673
2087,2087,1506,1506,1506,673,673
2089,2089,1507,1507,1507,674,674
2088,2089,1508,1507,1508,674,674
2089,2089,1509,1507,1509,674,674
2090,2090,1510,1510,1510,674,674
2091,2091,1511,1511,1511,674,674
2093,2093,1512,1512,1512,675,675
2094,2094,1513,1513,1513,675,675
2096,2096,1514,1514,1514,676,676
2097,2097,1515,1515,1515,676,676
2098,2098,1516,1516,1516,676,676
2098,2098,1517,1516,1517,676,676
2100,2100,1518,1518,1518,677,677
2101,2101,1519,1519,1519,677,677
2102,2102,1520,1520,1520,677,677
2103,2103,1521,1521,1521,677,677
2101,2103,1522,1521,1522,677,677
2102,2103,1523,1521,1523,677,677
2104,2104,1524,1524,1524,678,678
2105,2105,1525,1525,1525,678,678
2106,2106,1526,1526,1526,678,678
2107,2107,1527,1527,1527,678,678
2108,2108,1528,1528,1528,678,678
2109,2109,1529,1529,1529,678,678
2110,2110,1530,1530,1530,678,678
2111,2111,1531,1531,1531,678,678
2112,2112,1532,1532,1532,678,678
2113,2113,1533,1533,1533,678,678
2114,2114,1534,1534,1534,678,678
2115,2115,1535,1535,1535,678,678
2116,2116,1536,1536,1536,678,678
2117,2117,1537,1537,1537,678,678
2118,2118,1538,1538,1538,678,678
2117,2118,1539,1538,1539,678,678
2119,2119,1540,1540,1540,679,679
2120,2120,1541,1541,1541,679,679
2122,2122,1542,1542,1542,680,680
2123,2123,1543,1543,1543,680,680
2123,2123,1544,1543,1544,680,680
2124,2124,1545,1545,1545,680,680
2124,2124,1546,1545,1546,680,680
2123,2124,1547,1545,1547,680,680
2125,2125,1548,1548,1548,681,681
2122,2125,1549,1548,1549,681,681
2123,2125,1550,1548,1550,681,681
2124,2125,1551,1548,1551,681,681
2125,2125,1552,1548,1552,681,681
2126,2126,1553,1553,1553,681,681
2127,2127,1554,1554,1554,681,681
2128,2128,1555,1555,1555,681,681
2129,2129,1556,1556,1556,681,681
2130,2130,1557,1557,1557,681,681
2132,2132,1558,1558,1558,682,682
2133,2133,1559,1559,1559,682,682
2133,2133,1560,1559,1560,682,682
2134,2134,1561,1561,1561,682,682
2135,2135,1562,1562,1562,682,682
2136,2136,1563,1563,1563,682,682
2137,2137,1564,1564,1564,682,682
2138,2138,1565,1565,1565,682,682
2140,2140,1566,1566,1566,683,683
2141,2141,1567,1567,1567,683,683
2140,2141,1568,1567,1568,683,683
2141,2141,1569,1567,1569,683,683
2142,2142,1570,1570,1570,683,683
2143,2143,1571,1571,1571,683,683
2144,2144,1572,1572,1572,683,683
2146,2146,1573,1573,1573,684,684
2147,2147,1574,1574,1574,684,684
2146,2147,1575,1574,1575,684,684
2147,2147,1576,1574,1576,684,684
2148,2148,1577,1577,1577,684,684
2149,2149,1578,1578,1578,684,684
2150,2150,1579,1579,1579,684,684
2151,2151,1580,1580,1580,684,684
2151,2151,1581,1580,1581,684,684
2153,2153,1582,1582,1582,685,685
2154,2154,1583,1583,1583,685,685
2155,2155,1584,1584,1584,685,685
2153,2155,1585,1584,1585,685,685
2154,2155,1586,1584,1586,685,685
2155,2155,1587,1584,1587,685,685
2156,2156,1588,1588,1588,685,685
2157,2157,1589,1589,1589,685,685
2159,2159,1590,1590,1590,686,686
2160,2160,1591,1591,1591,686,686
2161,2161,1592,1592,1592,686,686
2162,2162,1593,1593,1593,686,686
2163,2163,1594,1594,1594,686,686
2164,2164,1595,1595,1595,686,686
2166,2166,1596,1596,1596,687,687
2167,2167,1597,1597,1597,687,687
2168,2168,1598,1598,1598,687,687
2169,2169,1599,1599,1599,687,687
2170,2170,1600,1600,1600,687,687
2171,2171,1601,1601,1601,687,687
2171,2171,1602,1601,1602,687,687
2172,2172,1603,1603,1603,687,687
2173,2173,1604,1604,1604,687,687
2174,2174,1605,1605,1605,687,687
2175,2175,1606,1606,1606,687,687
2176,2176,1607,1607,1607,687,687
2173,2176,1608,1607,1608,687,687
2174,2176,1609,1607,1609,687,687
2171,2176,1610,1607,1610,687,687
2172,2176,1611,1607,1611,687,687
2173,2176,1612,1607,1612,687,687
2174,2176,1613,1607,1613,687,687
2175,2176,1614,1607,1614,687,687
2177,2177,1615,1615,1615,688,688
2179,2179,1616,1616,1616,689,689
2177,2179,1617,1616,1617,689,689
2178,2179,1618,1616,1618,689,689
2179,2179,1619,1616,1619,689,689
2180,2180,1620,1620,1620,689,689
2182,2182,1621,1621,1621,690,690
2183,2183,1622,1622,1622,690,690
2185,2185,1623,1623,1623,691,691
2186,2186,1624,1624,1624,691,691
2187,2187,1625,1625,1625,691,691
2188,2188,1626,1626,1626,691,691
2189,2189,1627,1627,1627,691,691
2187,2189,1628,1627,1628,691,691
2188,2189,1629,1627,1629,691,691
2189,2189,1630,1627,1630,691,691
2190,2190,1631,1631,1631,691,691
2191,2191,1632,1632,1632,691,691
2192,2192,1633,1633,1633,691,691
2192,2192,1634,1633,1634,691,691
2193,2193,1635,1635,1635,691,691
2194,2194,1636,1636,1636,691,691
2195,2195,1637,1637,1637,691,691
2196,2196,1638,1638,1638,691,691
2197,2197,1639,1639,1639,691,691
2196,2197,1640,1639,1640,691,691
2197,2197,1641,1639,1641,691,691
2198,2198,1642,1642,1642,691,691
2199,2199,1643,1643,1643,691,691
2200,2200,1644,1644,1644,691,691
2202,2202,1645,1645,1645,692,692
2203,2203,1646,1646,1646,692,692
2204,2204,1647,1647,1647,692,692
2205,2205,1648,1648,1648,692,692
2206,2206,1649,1649,1649,692,692
2207,2207,1650,1650,1650,692,692
2208,2208,1651,1651,1651,692,692
2209,2209,1652,1652,1652,692,692
2211,2211,1653,1653,1653,693,693
2210,2211,1654,1653,1654,693,693
2211,2211,1655,1653,1655,693,693
2212,2212,1656,1656,1656,693,693
2213,2213,1657,1657,1657,693,693
2214,2214,1658,1658,1658,693,693
2215,2215,1659,1659,1659,693,693
2216,2216,1660,1660,1660,693,693
2217,2217,1661,1661,1661,693,693
2218,2218,1662,1662,1662,693,693
2219,2219,1663,1663,1663,693,693
2220,2220,1664,1664,1664,693,693
2221,2221,1665,1665,1665,693,693
2222,2222,1666,1666,1666,693,693
2223,2223,1667,1667,1667,693,693
2224,2224,1668,1668,1668,693,693
2225,2225,1669,1669,1669,693,693
2226,2226,1670,1670,1670,693,693
2227,2227,1671,1671,1671,693,693
2228,2228,1672,1672,1672,693,693
2230,2230,1673,1673,1673,694,694
2231,2231,1674,1674,1674,694,694
2232,2232,1675,1675,1675,694,694
2233,2233,1676,1676,1676,694,694
2234,2234,1677,1677,1677,694,694
2235,2235,1678,1678,1678,694,694
2236,2236,1679,1679,1679,694,694
2238,2238,1680,1680,1680,695,695
2240,2240,1681,1681,1681,696,696
2241,2241,1682,1682,1682,696,696
2242,2242,1683,1683,1683,696,696
2240,2242,1684,1683,1684,696,696
2241,2242,1685,1683,1685,696,696
2242,2242,1686,1683,1686,696,696
2241,2242,1687,1683,1687,696,696
2242,2242,1688,1683,1688,696,696
2243,2243,1689,1689,1689,696,696
2244,2244,1690,1690,1690,696,696
2245,2245,1691,1691,1691,696,696
2246,2246,1692,1692,1692,696,696
2247,2247,1693,1693,1693,696,696
2249,2249,1694,1694,1694,697,697
2250,2250,1695,1695,1695,697,697
2251,2251,1696,1696,1696,697,697
2252,2252,1697,1697,1697,697,697
2251,2252,1698,1697,1698,697,697
2253,2253,1699,1699,1699,698,698
2254,2254,1700,1700,1700,698,698
2255,2255,1701,1701,1701,698,698
2254,2255,1702,1701,1702,698,698
2255,2255,1703,1701,1703,698,698
2254,2255,1704,1701,1704,698,698
2256,2256,1705,1705,1705,699,699
2254,2256,1706,1705,1706,699,699
2255,2256,1707,1705,1707,699,699
2256,2256,1708,1705,1708,699,699
2255,2256,1709,1705,1709,699,699
2257,2257,1710,1710,1710,700,700
2255,2257,1711,1710,1711,700,700
2257,2257,1712,1710,1712,701,701
2258,2258,1713,1713,1713,701,701
2259,2259,1714,1714,1714,701,701
2260,2260,1715,1715,1715,701,701
2261,2261,1716,1716,1716,701,701
2262,2262,1717,1717,1717,701,701
2263,2263,1718,1718,1718,701,701
2264,2264,1719,1719,1719,701,701
2265,2265,1720,1720,1720,701,701
2266,2266,1721,1721,1721,701,701
2267,2267,1722,1722,1722,701,701
2268,2268,1723,1723,1723,701,701
2269,2269,1724,1724,1724,701,701
2270,2270,1725,1725,1725,701,701
2271,2271,1726,1726,1726,701,701
2272,2272,1727,1727,1727,701,701
2273,2273,1728,1728,1728,701,701
2274,2274,1729,1729,1729,701,701
2275,2275,1730,1730,1730,701,701
2276,2276,1731,1731,1731,701,701
2277,2277,1732,1732,1732,701,701
2277,2277,1733,1732,1733,701,701
2277,2277,1734,1732,1734,701,701
2278,2278,1735,1735,1735,701,701
2280,2280,1736,1736,1736,702,702
2281,2281,1737,1737,1737,702,702
2282,2282,1738,1738,1738,702,702
2283,2283,1739,1739,1739,702,702
2284,2284,1740,1740,1740,702,702
2282,2284,1741,1740,1741,702,702
2283,2284,1742,1740,1742,702,702
2284,2284,1743,1740,1743,702,702
2285,2285,1744,1744,1744,702,702
2286,2286,1745,1745,1745,702,702
2287,2287,1746,1746,1746,702,702
2287,2287,1747,1746,1747,702,702
2288,2288,1748,1748,1748,702,702
2289,2289,1749,1749,1749,702,702
2290,2290,1750,1750,1750,702,702
2291,2291,1751,1751,1751,702,702
2292,2292,1752,1752,1752,702,702
2293,2293,1753,1753,1753,702,702
2294,2294,1754,1754,1754,702,702
2295,2295,1755,1755,1755,702,702
2296,2296,1756,1756,1756,702,702
2297,2297,1757,1757,1757,702,702
2298,2298,1758,1758,1758,702,702
2299,2299,1759,1759,1759,702,702
2300,2300,1760,1760,1760,702,702
2300,2300,1761,1760,1761,702,702
2300,2300,1762,1760,1762,702,702
2298,2300,1763,1760,1763,702,702
2299,2300,1764,1760,1764,702,702
2300,2300,1765,1760,1765,702,702
2302,2302,1766,1766,1766,703,703
2303,2303,1767,1767,1767,703,703
2304,2304,1768,1768,1768,703,703
2305,2305,1769,1769,1769,703,703
2306,2306,1770,1770,1770,703,703
2307,2307,1771,1771,1771,703,703
2308,2308,1772,1772,1772,703,703
2309,2309,1773,1773,1773,703,703
2310,2310,1774,1774,1774,703,703
2311,2311,1775,1775,1775,703,703
2312,2312,1776,1776,1776,703,703
2313,2313,1777,1777,1777,703,703
2314,2314,1778,1778,1778,703,703
2315,2315,1779,1779,1779,703,703
2316,2316,1780,1780,1780,703,703
2313,2316,1781,1780,1781,703,702
2314,2316,1782,1780,1782,703,702
2314,2316,1783,1780,1783,703,702
2316,2316,1784,1780,1784,703,703
2317,2317,1785,1785,1785,703,703
2318,2318,1786,1786,1786,703,703
2319,2319,1787,1787,1787,703,703
2320,2320,1788,1788,1788,703,703
2321,2321,1789,1789,1789,703,703
2322,2322,1790,1790,1790,703,703
2324,2324,1791,1791,1791,704,704
2325,2325,1792,1792,1792,704,704
2326,2326,1793,1793,1793,704,704
2327,2327,1794,1794,1794,704,704
2329,2329,1795,1795,1795,705,705
2330,2330,1796,1796,1796,705,705
2331,2331,1797,1797,1797,705,705
2332,2332,1798,1798,1798,705,705
2333,2333,1799,1799,1799,705,705
2334,2334,1800,1800,1800,705,705
2336,2336,1801,1801,1801,706,706
2337,2337,1802,1802,1802,706,706
2338,2338,1803,1803,1803,706,706
2340,2340,1804,1804,1804,707,707
2339,2340,1805,1804,1805,707,707
2340,2340,1806,1804,1806,707,707
2341,2341,1807,1807,1807,707,707
2342,2342,1808,1808,1808,707,707
2344,2344,1809,1809,1809,708,708
2345,2345,1810,1810,1810,708,708
2345,2345,1811,1810,1811,708,708
2345,2345,1812,1810,1812,708,708
2344,2345,1813,1810,1813,708,708
2345,2345,1814,1810,1814,708,708
2346,2346,1815,1815,1815,708,708
2347,2347,1816,1816,1816,708,708
2348,2348,1817,1817,1817,708,708
2349,2349,1818,1818,1818,708,708
2350,2350,1819,1819,1819,708,708
2351,2351,1820,1820,1820,708,708
2352,2352,1821,1821,1821,708,708
2353,2353,1822,1822,1822,708,708
2354,2354,1823,1823,1823,708,708
2355,2355,1824,1824,1824,708,708
2356,2356,1825,1825,1825,708,708
2357,2357,1826,1826,1826,708,708
2358,2358,1827,1827,1827,708,708
2359,2359,1828,1828,1828,708,708
2360,2360,1829,1829,1829,708,708
2362,2362,1830,1830,1830,709,709
2363,2363,1831,1831,1831,709,709
2363,2363,1832,1831,1832,709,709
2364,2364,1833,1833,1833,709,709
2365,2365,1834,1834,1834,709,709
2366,2366,1835,1835,1835,709,709
2365,2366,1836,1835,1836,709,709
2366,2366,1837,1835,1837,709,709
2367,2367,1838,1838,1838,709,709
2368,2368,1839,1839,1839,709,709
2369,2369,1840,1840,1840,709,709
2368,2369,1841,1840,1841,709,709
2366,2369,1842,1840,1842,709,709
2367,2369,1843,1840,1843,709,709
2368,2369,1844,1840,1844,709,709
2369,2369,1845,1840,1845,709,709
2370,2370,1846,1846,1846,709,709
2371,2371,1847,1847,1847,709,709
2372,2372,1848,1848,1848,709,709
2371,2372,1849,1848,1849,709,709
2372,2372,1850,1848,1850,709,709
2373,2373,1851,1851,1851,709,709
2374,2374,1852,1852,1852,709,709
2375,2375,1853,1853,1853,709,709
2376,2376,1854,1854,1854,709,709
2377,2377,1855,1855,1855,709,709
2378,2378,1856,1856,1856,709,709
2379,2379,1857,1857,1857,709,709
2380,2380,1858,1858,1858,709,709
2381,2381,1859,1859,1859,709,709
2382,2382,1860,1860,1860,709,709
2381,2382,1861,1860,1861,709,709
2382,2382,1862,1860,1862,709,709
2383,2383,1863,1863,1863,709,709
2381,2383,1864,1863,1864,709,709
2382,2383,1865,1863,1865,709,709
2383,2383,1866,1863,1866,709,709
2384,2384,1867,1867,1867,709,709
2385,2385,1868,1868,1868,709,709
2386,2386,1869,1869,1869,709,709
2387,2387,1870,1870,1870,709,709
2388,2388,1871,1871,1871,709,709
2389,2389,1872,1872,1872,709,709
2390,2390,1873,1873,1873,709,709
2390,2390,1874,1873,1874,709,709
2392,2392,1875,1875,1875,710,710
2390,2392,1876,1875,1876,710,710
2391,2392,1877,1875,1877,710,710
2392,2392,1878,1875,1878,710,710
2393,2393,1879,1879,1879,710,710
2394,2394,1880,1880,1880,710,710
2395,2395,1881,1881,1881,710,710
2396,2396,1882,1882,1882,710,710
2397,2397,1883,1883,1883,710,710
2398,2398,1884,1884,1884,710,710
2398,2398,1885,1884,1885,710,710
2399,2399,1886,1886,1886,710,710
2400,2400,1887,1887,1887,710,710
2401,2401,1888,1888,1888,710,710
2402,2402,1889,1889,1889,710,710
2402,2402,1890,1889,1890,710,710
2403,2403,1891,1891,1891,710,710
2404,2404,1892,1892,1892,710,710
2405,2405,1893,1893,1893,710,710
2406,2406,1894,1894,1894,710,710
2407,2407,1895,1895,1895,710,710
2408,2408,1896,1896,1896,710,710
2409,2409,1897,1897,1897,710,710
2410,2410,1898,1898,1898,710,710
2411,2411,1899,1899,1899,710,710
2410,2411,1900,1899,1900,710,710
2411,2411,1901,1899,1901,710,710
2412,2412,1902,1902,1902,710,710
2414,2414,1903,1903,1903,711,711
2413,2414,1904,1903,1904,711,711
2414,2414,1905,1903,1905,711,711
2413,2414,1906,1903,1906,711,711
2414,2414,1907,1903,1907,711,711
2415,2415,1908,1908,1908,711,711
2416,2416,1909,1909,1909,711,711
2413,2416,1910,1909,1910,711,711
2414,2416,1911,1909,1911,711,711
2415,2416,1912,1909,1912,711,711
2416,2416,1913,1909,1913,711,711
2417,2417,1914,1914,1914,711,711
2418,2418,1915,1915,1915,711,711
2419,2419,1916,1916,1916,711,711
2420,2420,1917,1917,1917,711,711
2421,2421,1918,1918,1918,711,711
2423,2423,1919,1919,1919,712,712
2425,2425,1920,1920,1920,713,713
2426,2426,1921,1921,1921,713,713
2428,2428,1922,1922,1922,714,714
2429,2429,1923,1923,1923,714,714
2430,2430,1924,1924,1924,714,714
2431,2431,1925,1925,1925,714,714
2430,2431,1926,1925,1926,714,714
2429,2431,1927,1925,1927,714,714
2430,2431,1928,1925,1928,714,714
2431,2431,1929,1925,1929,714,714
2432,2432,1930,1930,1930,714,714
2433,2433,1931,1931,1931,714,714
2434,2434,1932,1932,1932,714,714
2435,2435,1933,1933,1933,714,714
2436,2436,1934,1934,1934,714,714
2437,2437,1935,1935,1935,714,714
2438,2438,1936,1936,1936,714,714
2439,2439,1937,1937,1937,714,714
2440,2440,1938,1938,1938,714,714
2441,2441,1939,1939,1939,714,714
2439,2441,1940,1939,1940,714,713
2440,2441,1941,1939,1941,714,713
2441,2441,1942,1939,1942,714,713
2442,2442,1943,1943,1943,714,713
2443,2443,1944,1944,1944,714,713
2441,2443,1945,1944,1945,714,713
2442,2443,1946,1944,1946,714,713
2443,2443,1947,1944,1947,714,713
2444,2444,1948,1948,1948,714,713
2445,2445,1949,1949,1949,714,713
2445,2445,1950,1949,1950,714,713
2446,2446,1951,1951,1951,714,713
2448,2448,1952,1952,1952,714,714
2446,2448,1953,1952,1953,714,714
2446,2448,1954,1952,1954,714,714
2447,2448,1955,1952,1955,714,714
2448,2448,1956,1952,1956,714,714
2449,2449,1957,1957,1957,714,714
2450,2450,1958,1958,1958,714,714
2451,2451,1959,1959,1959,714,714
2451,2451,1960,1959,1960,714,714
2452,2452,1961,1961,1961,714,714
2454,2454,1962,1962,1962,715,715
2455,2455,1963,1963,1963,715,715
2457,2457,1964,1964,1964,716,716
2459,2459,1965,1965,1965,717,717
2460,2460,1966,1966,1966,717,717
2461,2461,1967,1967,1967,717,717
2462,2462,1968,1968,1968,717,717
2463,2463,1969,1969,1969,717,717
2464,2464,1970,1970,1970,717,717
2465,2465,1971,1971,1971,717,717
2467,2467,1972,1972,1972,718,718
2468,2468,1973,1973,1973,718,718
2469,2469,1974,1974,1974,718,718
2470,2470,1975,1975,1975,718,718
2471,2471,1976,1976,1976,718,718
2470,2471,1977,1976,1977,718,718
2469,2471,1978,1976,1978,718,718
2470,2471,1979,1976,1979,718,718
2471,2471,1980,1976,1980,718,718
2472,2472,1981,1981,1981,718,718
2473,2473,1982,1982,1982,718,718
2474,2474,1983,1983,1983,718,718
2475,2475,1984,1984,1984,718,718
2476,2476,1985,1985,1985,718,718
2474,2476,1986,1985,1986,718,718
2475,2476,1987,1985,1987,718,718
2476,2476,1988,1985,1988,718,718
2477,2477,1989,1989,1989,718,718
2479,2479,1990,1990,1990,719,719
2480,2480,1991,1991,1991,719,719
2481,2481,1992,1992,1992,719,719
2482,2482,1993,1993,1993,719,719
2483,2483,1994,1994,1994,719,719
2485,2485,1995,1995,1995,720,720
2487,2487,1996,1996,1996,721,721
2485,2487,1997,1996,1997,721,721
2486,2487,1998,1996,1998,721,721
2487,2487,1999,1996,1999,721,721
2488,2488,2000,2000,2000,721,721
2489,2489,2001,2001,2001,721,721
2490,2490,2002,2002,2002,721,721
2491,2491,2003,2003,2003,721,721
2490,2491,2004,2003,2004,721,721
2491,2491,2005,2003,2005,721,721
2492,2492,2006,2006,2006,721,721
2494,2494,2007,2007,2007,722,722
2495,2495,2008,2008,2008,722,722
2496,2496,2009,2009,2009,722,722
2495,2496,2010,2009,2010,722,722
2497,2497,2011,2011,2011,723,723
2498,2498,2012,2012,2012,723,723
2499,2499,2013,2013,2013,723,723
2500,2500,2014,2014,2014,723,723
2501,2501,2015,2015,2015,723,723
2502,2502,2016,2016,2016,723,723
2504,2504,2017,2017,2017,724,724
2505,2505,2018,2018,2018,724,724
2506,2506,2019,2019,2019,724,724
2507,2507,2020,2020,2020,724,724
2508,2508,2021,2021,2021,724,724
2509,2509,2022,2022,2022,724,724
2510,2510,2023,2023,2023,724,724
2511,2511,2024,2024,2024,724,724
2512,2512,2025,2025,2025,724,724
2513,2513,2026,2026,2026,724,724
2514,2514,2027,2027,2027,724,724
2515,2515,2028,2028,2028,724,724
2516,2516,2029,2029,2029,724,724
2517,2517,2030,2030,2030,724,724
2518,2518,2031,2031,2031,724,724
2519,2519,2032,2032,2032,724,724
2521,2521,2033,2033,2033,725,725
2522,2522,2034,2034,2034,725,725
2523,2523,2035,2035,2035,725,725
2523,2523,2036,2035,2036,725,725
2525,2525,2037,2037,2037,726,726
2526,2526,2038,2038,2038,726,726
2527,2527,2039,2039,2039,726,726
2528,2528,2040,2040,2040,726,726
2526,2528,2041,2040,2041,726,726
2527,2528,2042,2040,2042,726,726
2528,2528,2043,2040,2043,726,726
2529,2529,2044,2044,2044,726,726
2527,2529,2045,2044,2045,726,726
2528,2529,2046,2044,2046,726,726
2529,2529,2047,2044,2047,726,726
2530,2530,2048,2048,2048,726,726
2531,2531,2049,2049,2049,726,726
2530,2531,2050,2049,2050,726,726
2531,2531,2051,2049,2051,726,726
2532,2532,2052,2052,2052,726,726
2533,2533,2053,2053,2053,726,726
2534,2534,2054,2054,2054,726,726
2535,2535,2055,2055,2055,726,726
2536,2536,2056,2056,2056,726,726
2537,2537,2057,2057,2057,726,726
2538,2538,2058,2058,2058,726,726
2539,2539,2059,2059,2059,726,726
2540,2540,2060,2060,2060,726,726
2541,2541,2061,2061,2061,726,726
2542,2542,2062,2062,2062,726,726
2543,2543,2063,2063,2063,726,726
2544,2544,2064,2064,2064,726,726
2546,2546,2065,2065,2065,727,727
2547,2547,2066,2066,2066,727,727
2548,2548,2067,2067,2067,727,727
2549,2549,2068,2068,2068,727,727
2550,2550,2069,2069,2069,727,727
2551,2551,2070,2070,2070,727,727
2552,2552,2071,2071,2071,727,727
2553,2553,2072,2072,2072,727,727
2554,2554,2073,2073,2073,727,727
2555,2555,2074,2074,2074,727,727
2556,2556,2075,2075,2075,727,727
2557,2557,2076,2076,2076,727,727
2558,2558,2077,2077,2077,727,727
2560,2560,2078,2078,2078,728,728
2560,2560,2079,2078,2079,728,728
2561,2561,2080,2080,2080,728,728
2562,2562,2081,2081,2081,728,728
2563,2563,2082,2082,2082,728,728
2564,2564,2083,2083,2083,728,728
2565,2565,2084,2084,2084,728,728
2566,2566,2085,2085,2085,728,728
2565,2566,2086,2085,2086,728,728
2566,2566,2087,2085,2087,728,728
2564,2566,2088,2085,2088,728,728
2565,2566,2089,2085,2089,728,728
2566,2566,2090,2085,2090,728,728
2568,2568,2091,2091,2091,729,729
2569,2569,2092,2092,2092,729,729
2570,2570,2093,2093,2093,729,729
2571,2571,2094,2094,2094,729,729
2572,2572,2095,2095,2095,729,729
2574,2574,2096,2096,2096,730,730
2575,2575,2097,2097,2097,730,730
2576,2576,2098,2098,2098,730,730
2577,2577,2099,2099,2099,730,730
2578,2578,2100,2100,2100,730,730
2579,2579,2101,2101,2101,730,730
2580,2580,2102,2102,2102,730,730
2581,2581,2103,2103,2103,730,730
2582,2582,2104,2104,2104,730,730
2583,2583,2105,2105,2105,730,730
2584,2584,2106,2106,2106,730,730
2585,2585,2107,2107,2107,730,730
2586,2586,2108,2108,2108,730,730
2587,2587,2109,2109,2109,730,730
2588,2588,2110,2110,2110,730,730
2589,2589,2111,2111,2111,730,730
2590,2590,2112,2112,2112,730,730
2591,2591,2113,2113,2113,730,730
2592,2592,2114,2114,2114,730,730
2594,2594,2115,2115,2115,731,731
2595,2595,2116,2116,2116,731,731
2596,2596,2117,2117,2117,731,731
2597,2597,2118,2118,2118,731,731
2599,2599,2119,2119,2119,732,732
2601,2601,2120,2120,2120,733,733
2602,2602,2121,2121,2121,733,733
2603,2603,2122,2122,2122,733,733
2603,2603,2123,2122,2123,733,733
2604,2604,2124,2124,2124,733,733
2605,2605,2125,2125,2125,733,733
2606,2606,2126,2126,2126,733,733
2607,2607,2127,2127,2127,733,733
2605,2607,2128,2127,2128,733,733
2606,2607,2129,2127,2129,733,733
2607,2607,2130,2127,2130,733,733
2608,2608,2131,2131,2131,733,733
2610,2610,2132,2132,2132,734,734
2612,2612,2133,2133,2133,735,735
2613,2613,2134,2134,2134,735,735
2614,2614,2135,2135,2135,735,735
2615,2615,2136,2136,2136,735,735
2616,2616,2137,2137,2137,735,735
2617,2617,2138,2138,2138,735,735
2619,2619,2139,2139,2139,736,736
2620,2620,2140,2140,2140,736,736
2621,2621,2141,2141,2141,736,736
2622,2622,2142,2142,2142,736,736
2623,2623,2143,2143,2143,736,736
2622,2623,2144,2143,2144,736,736
2623,2623,2145,2143,2145,736,736
2624,2624,2146,2146,2146,736,736
2625,2625,2147,2147,2147,736,736
2626,2626,2148,2148,2148,736,736
2627,2627,2149,2149,2149,736,736
2628,2628,2150,2150,2150,736,736
2628,2628,2151,2150,2151,736,736
2629,2629,2152,2152,2152,736,736
2630,2630,2153,2153,2153,736,736
2631,2631,2154,2154,2154,736,736
2632,2632,2155,2155,2155,736,736
2633,2633,2156,2156,2156,736,736
2634,2634,2157,2157,2157,736,736
2635,2635,2158,2158,2158,736,736
2635,2635,2159,2158,2159,736,736
2636,2636,2160,2160,2160,736,736
2637,2637,2161,2161,2161,736,736
2638,2638,2162,2162,2162,736,736
2639,2639,2163,2163,2163,736,736
2640,2640,2164,2164,2164,736,736
2641,2641,2165,2165,2165,736,736
2642,2642,2166,2166,2166,736,736
2643,2643,2167,2167,2167,736,736
2644,2644,2168,2168,2168,736,736
2645,2645,2169,2169,2169,736,736
2646,2646,2170,2170,2170,736,736
2647,2647,2171,2171,2171,736,736
2648,2648,2172,2172,2172,736,736
2649,2649,2173,2173,2173,736,736
2650,2650,2174,2174,2174,736,736
2651,2651,2175,2175,2175,736,736
2652,2652,2176,2176,2176,736,736
2653,2653,2177,2177,2177,736,736
2654,2654,2178,2178,2178,736,736
2655,2655,2179,2179,2179,736,736
2655,2655,2180,2179,2180,736,736
2656,2656,2181,2181,2181,736,736
2654,2656,2182,2181,2182,736,736
2655,2656,2183,2181,2183,736,736
2656,2656,2184,2181,2184,736,736
2654,2656,2185,2181,2185,736,736
2655,2656,2186,2181,2186,736,736
2656,2656,2187,2181,2187,736,736
2657,2657,2188,2188,2188,736,736
2658,2658,2189,2189,2189,736,736
2660,2660,2190,2190,2190,737,737
2661,2661,2191,2191,2191,737,737
2661,2661,2192,2191,2192,737,737
2662,2662,2193,2193,2193,737,737
2663,2663,2194,2194,2194,737,737
2665,2665,2195,2195,2195,738,738
2665,2665,2196,2195,2196,738,738
2666,2666,2197,2197,2197,738,738
2667,2667,2198,2198,2198,738,738
2665,2667,2199,2198,2199,738,738
2662,2667,2200,2198,2200,738,738
2663,2667,2201,2198,2201,738,738
2664,2667,2202,2198,2202,738,738
2665,2667,2203,2198,2203,738,738
2666,2667,2204,2198,2204,738,738
2666,2667,2205,2198,2205,738,738
2667,2667,2206,2198,2206,738,738
2668,2668,2207,2207,2207,738,738
2665,2668,2208,2207,2208,738,738
2664,2668,2209,2207,2209,738,738
2666,2668,2210,2207,2210,739,739
2667,2668,2211,2207,2211,739,739
2668,2668,2212,2207,2212,739,739
2669,2669,2213,2213,2213,739,739
2670,2670,2214,2214,2214,739,739
2671,2671,2215,2215,2215,739,739
2672,2672,2216,2216,2216,739,739
2673,2673,2217,2217,2217,739,739
2674,2674,2218,2218,2218,739,739
2675,2675,2219,2219,2219,739,739
2677,2677,2220,2220,2220,740,740
2678,2678,2221,2221,2221,740,740
2679,2679,2222,2222,2222,740,740
2680,2680,2223,2223,2223,740,740
2681,2681,2224,2224,2224,740,740
2682,2682,2225,2225,2225,740,740
2683,2683,2226,2226,2226,740,740
2684,2684,2227,2227,2227,740,740
2685,2685,2228,2228,2228,740,740
2686,2686,2229,2229,2229,740,740
2687,2687,2230,2230,2230,740,740
2688,2688,2231,2231,2231,740,740
2689,2689,2232,2232,2232,740,740
2690,2690,2233,2233,2233,740,740
2691,2691,2234,2234,2234,740,740
2689,2691,2235,2234,2235,740,740
2691,2691,2236,2234,2236,741,741
2693,2693,2237,2237,2237,742,742
2694,2694,2238,2238,2238,742,742
2693,2694,2239,2238,2239,742,742
2694,2694,2240,2238,2240,742,742
2695,2695,2241,2241,2241,742,742
2696,2696,2242,2242,2242,742,742
2697,2697,2243,2243,2243,742,742
2698,2698,2244,2244,2244,742,742
2697,2698,2245,2244,2245,742,742
2698,2698,2246,2244,2246,742,742
2699,2699,2247,2247,2247,742,742
2700,2700,2248,2248,2248,742,742
2701,2701,2249,2249,2249,742,742
2702,2702,2250,2250,2250,742,742
2703,2703,2251,2251,2251,742,742
2704,2704,2252,2252,2252,742,742
2701,2704,2253,2252,2253,742,742
2702,2704,2254,2252,2254,742,742
2702,2704,2255,2252,2255,742,742
2703,2704,2256,2252,2256,742,742
2704,2704,2257,2252,2257,742,742
2705,2705,2258,2258,2258,742,742
2706,2706,2259,2259,2259,742,742
2703,2706,2260,2259,2260,742,742
2704,2706,2261,2259,2261,742,742
2705,2706,2262,2259,2262,742,742
2706,2706,2263,2259,2263,742,742
2707,2707,2264,2264,2264,742,742
2706,2707,2265,2264,2265,742,742
2707,2707,2266,2264,2266,742,742
2708,2708,2267,2267,2267,742,742
2709,2709,2268,2268,2268,742,742
2709,2709,2269,2268,2269,742,742
2710,2710,2270,2270,2270,742,742
2711,2711,2271,2271,2271,742,742
2712,2712,2272,2272,2272,742,742
2711,2712,2273,2272,2273,742,742
2711,2712,2274,2272,2274,742,742
2712,2712,2275,2272,2275,742,742
2712,2712,2276,2272,2276,742,742
2713,2713,2277,2277,2277,742,742
2711,2713,2278,2277,2278,742,742
2713,2713,2279,2277,2279,742,742
2714,2714,2280,2280,2280,742,742
2715,2715,2281,2281,2281,742,742
2716,2716,2282,2282,2282,742,742
2717,2717,2283,2283,2283,742,742
2718,2718,2284,2284,2284,742,742
2719,2719,2285,2285,2285,742,742
2720,2720,2286,2286,2286,742,742
2721,2721,2287,2287,2287,742,742
2722,2722,2288,2288,2288,742,742
2723,2723,2289,2289,2289,742,742
2724,2724,2290,2290,2290,742,742
2725,2725,2291,2291,2291,742,742
2727,2727,2292,2292,2292,742,742
2728,2728,2293,2293,2293,742,742
2729,2729,2294,2294,2294,742,742
2728,2729,2295,2294,2295,742,742
2729,2729,2296,2294,2296,742,742
2730,2730,2297,2297,2297,742,742
2730,2730,2298,2297,2298,742,742
2731,2731,2299,2299,2299,742,742
2732,2732,2300,2300,2300,742,742
2733,2733,2301,2301,2301,742,742
2734,2734,2302,2302,2302,742,742
2735,2735,2303,2303,2303,742,742
2734,2735,2304,2303,2304,742,742
2735,2735,2305,2303,2305,742,742
2736,2736,2306,2306,2306,742,742
2737,2737,2307,2307,2307,742,742
2738,2738,2308,2308,2308,742,742
2737,2738,2309,2308,2309,742,742
2738,2738,2310,2308,2310,742,742
2739,2739,2311,2311,2311,742,742
2740,2740,2312,2312,2312,742,742
2742,2742,2313,2313,2313,743,743
2743,2743,2314,2314,2314,743,743
2744,2744,2315,2315,2315,743,743
2745,2745,2316,2316,2316,743,743
2746,2746,2317,2317,2317,743,743
2744,2746,2318,2317,2318,743,743
2745,2746,2319,2317,2319,743,743
2746,2746,2320,2317,2320,743,743
2747,2747,2321,2321,2321,743,743
2748,2748,2322,2322,2322,743,743
2749,2749,2323,2323,2323,743,743
2750,2750,2324,2324,2324,743,743
2751,2751,2325,2325,2325,743,743
2752,2752,2326,2326,2326,743,743
2753,2753,2327,2327,2327,743,743
2754,2754,2328,2328,2328,743,743
2755,2755,2329,2329,2329,743,743
2756,2756,2330,2330,2330,743,743
2757,2757,2331,2331,2331,743,743
2758,2758,2332,2332,2332,743,743
2757,2758,2333,2332,2333,743,743
2755,2758,2334,2332,2334,743,743
2753,2758,2335,2332,2335,743,743
2754,2758,2336,2332,2336,743,743
2755,2758,2337,2332,2337,743,743
2756,2758,2338,2332,2338,743,743
2755,2758,2339,2332,2339,743,743
2756,2758,2340,2332,2340,743,743
2758,2758,2341,2332,2341,744,744
2759,2759,2342,2342,2342,744,744
2757,2759,2343,2342,2343,744,744
2758,2759,2344,2342,2344,744,744
2757,2759,2345,2342,2345,744,744
2759,2759,2346,2342,2346,745,745
2760,2760,2347,2347,2347,745,745
2761,2761,2348,2348,2348,745,745
2762,2762,2349,2349,2349,745,745
2763,2763,2350,2350,2350,745,745
2764,2764,2351,2351,2351,745,745
2765,2765,2352,2352,2352,745,745
2766,2766,2353,2353,2353,745,745
2767,2767,2354,2354,2354,745,745
2769,2769,2355,2355,2355,746,746
2771,2771,2356,2356,2356,747,747
2772,2772,2357,2357,2357,747,747
2773,2773,2358,2358,2358,747,747
2774,2774,2359,2359,2359,747,747
2775,2775,2360,2360,2360,747,747
2776,2776,2361,2361,2361,747,747
2777,2777,2362,2362,2362,747,747
2776,2777,2363,2362,2363,747,747
2777,2777,2364,2362,2364,747,747
2778,2778,2365,2365,2365,747,747
2779,2779,2366,2366,2366,747,747
2780,2780,2367,2367,2367,747,747
2781,2781,2368,2368,2368,747,747
2781,2781,2369,2368,2369,747,747
2782,2782,2370,2370,2370,747,747
2782,2782,2371,2370,2371,747,747
2783,2783,2372,2372,2372,747,747
2784,2784,2373,2373,2373,747,747
2785,2785,2374,2374,2374,747,747
2784,2785,2375,2374,2375,747,747
2785,2785,2376,2374,2376,747,747
2786,2786,2377,2377,2377,747,747
2787,2787,2378,2378,2378,747,747
2788,2788,2379,2379,2379,747,747
2789,2789,2380,2380,2380,747,747
2787,2789,2381,2380,2381,747,747
2788,2789,2382,2380,2382,747,747
2789,2789,2383,2380,2383,747,747
2790,2790,2384,2384,2384,747,747
2792,2792,2385,2385,2385,748,748
2793,2793,2386,2386,2386,748,748
2792,2793,2387,2386,2387,748,748
2793,2793,2388,2386,2388,748,748
2794,2794,2389,2389,2389,748,748
2795,2795,2390,2390,2390,748,748
2796,2796,2391,2391,2391,748,748
2797,2797,2392,2392,2392,748,748
2798,2798,2393,2393,2393,748,748
2799,2799,2394,2394,2394,748,748
2800,2800,2395,2395,2395,748,748
2801,2801,2396,2396,2396,748,748
2800,2801,2397,2396,2397,748,748
2801,2801,2398,2396,2398,748,748
2802,2802,2399,2399,2399,748,748
2803,2803,2400,2400,2400,748,748
2804,2804,2401,2401,2401,748,748
2805,2805,2402,2402,2402,748,748
2806,2806,2403,2403,2403,748,748
2807,2807,2404,2404,2404,748,748
2805,2807,2405,2404,2405,748,748
2806,2807,2406,2404,2406,748,748
2807,2807,2407,2404,2407,748,748
2805,2807,2408,2404,2408,748,748
2803,2807,2409,2404,2409,748,748
2804,2807,2410,2404,2410,748,748
2804,2807,2411,2404,2411,748,748
2805,2807,2412,2404,2412,748,748
2805,2807,2413,2404,2413,748,748
2806,2807,2414,2404,2414,748,748
2807,2807,2415,2404,2415,748,748
2808,2808,2416,2416,2416,748,748
2809,2809,2417,2417,2417,748,748
2810,2810,2418,2418,2418,748,748
2811,2811,2419,2419,2419,748,748
2812,2812,2420,2420,2420,748,748
2812,2812,2421,2420,2421,748,748
2813,2813,2422,2422,2422,748,748
2814,2814,2423,2423,2423,748,748
2815,2815,2424,2424,2424,748,748
2816,2816,2425,2425,2425,748,748
2814,2816,2426,2425,2426,748,748
2815,2816,2427,2425,2427,748,748
2816,2816,2428,2425,2428,748,748
2817,2817,2429,2429,2429,748,748
2815,2817,2430,2429,2430,748,748
2816,2817,2431,2429,2431,748,748
2817,2817,2432,2429,2432,748,748
2818,2818,2433,2433,2433,748,748
2819,2819,2434,2434,2434,748,748
2818,2819,2435,2434,2435,748,748
2819,2819,2436,2434,2436,748,748
2820,2820,2437,2437,2437,748,748
2819,2820,2438,2437,2438,748,748
2820,2820,2439,2437,2439,748,748
2821,2821,2440,2440,2440,748,748
2822,2822,2441,2441,2441,748,748
2823,2823,2442,2442,2442,748,748
2824,2824,2443,2443,2443,748,748
2826,2826,2444,2444,2444,749,749
2827,2827,2445,2445,2445,749,749
2828,2828,2446,2446,2446,749,749
2829,2829,2447,2447,2447,749,749
2830,2830,2448,2448,2448,749,749
2829,2830,2449,2448,2449,749,749
2830,2830,2450,2448,2450,749,749
2830,2830,2451,2448,2451,749,749
2831,2831,2452,2452,2452,749,749
2829,2831,2453,2452,2453,749,749
2828,2831,2454,2452,2454,749,748
2829,2831,2455,2452,2455,749,748
2830,2831,2456,2452,2456,749,748
2831,2831,2457,2452,2457,749,748
2830,2831,2458,2452,2458,749,748
2831,2831,2459,2452,2459,749,748
2832,2832,2460,2460,2460,749,748
2833,2833,2461,2461,2461,749,748
2834,2834,2462,2462,2462,749,748
2834,2834,2463,2462,2463,749,748
2835,2835,2464,2464,2464,749,748
2834,2835,2465,2464,2465,749,748
2835,2835,2466,2464,2466,749,748
2836,2836,2467,2467,2467,749,748
2837,2837,2468,2468,2468,749,748
2838,2838,2469,2469,2469,749,748
2839,2839,2470,2470,2470,749,748
2840,2840,2471,2471,2471,749,748
2841,2841,2472,2472,2472,749,748
2839,2841,2473,2472,2473,749,748
2840,2841,2474,2472,2474,749,748
2838,2841,2475,2472,2475,749,748
2839,2841,2476,2472,2476,749,748
2840,2841,2477,2472,2477,749,748
2841,2841,2478,2472,2478,749,748
2843,2843,2479,2479,2479,749,749
2844,2844,2480,2480,2480,749,749
2845,2845,2481,2481,2481,749,749
2844,2845,2482,2481,2482,749,749
2845,2845,2483,2481,2483,749,749
2846,2846,2484,2484,2484,749,749
2847,2847,2485,2485,2485,749,749
2848,2848,2486,2486,2486,749,749
2849,2849,2487,2487,2487,749,749
2850,2850,2488,2488,2488,749,749
2851,2851,2489,2489,2489,749,749
2852,2852,2490,2490,2490,749,749
2852,2852,2491,2490,2491,749,749
2853,2853,2492,2492,2492,749,749
2854,2854,2493,2493,2493,749,749
2855,2855,2494,2494,2494,749,749
2856,2856,2495,2495,2495,749,749
2857,2857,2496,2496,2496,749,749
2856,2857,2497,2496,2497,749,749
2857,2857,2498,2496,2498,749,749
2858,2858,2499,2499,2499,749,749
2857,2858,2500,2499,2500,749,749
2858,2858,2501,2499,2501,749,749
2855,2858,2502,2499,2502,749,749
2856,2858,2503,2499,2503,749,749
2857,2858,2504,2499,2504,749,749
2858,2858,2505,2499,2505,749,749
2859,2859,2506,2506,2506,749,749
2856,2859,2507,2506,2507,749,749
2857,2859,2508,2506,2508,749,749
2858,2859,2509,2506,2509,749,749
2859,2859,2510,2506,2510,749,749
2860,2860,2511,2511,2511,749,749
2861,2861,2512,2512,2512,749,749
2862,2862,2513,2513,2513,749,749
2863,2863,2514,2514,2514,749,749
2864,2864,2515,2515,2515,749,749
2866,2866,2516,2516,2516,750,750
2864,2866,2517,2516,2517,750,750
2865,2866,2518,2516,2518,750,750
2866,2866,2519,2516,2519,750,750
2867,2867,2520,2520,2520,750,750
2868,2868,2521,2521,2521,750,750
2870,2870,2522,2522,2522,751,751
2868,2870,2523,2522,2523,751,751
2869,2870,2524,2522,2524,751,751
2870,2870,2525,2522,2525,751,751
2871,2871,2526,2526,2526,751,751
2872,2872,2527,2527,2527,751,751
2873,2873,2528,2528,2528,751,751
2874,2874,2529,2529,2529,751,751
2875,2875,2530,2530,2530,751,751
2876,2876,2531,2531,2531,751,751
2877,2877,2532,2532,2532,751,751
2878,2878,2533,2533,2533,751,751
2879,2879,2534,2534,2534,751,751
2880,2880,2535,2535,2535,751,751
2878,2880,2536,2535,2536,751,751
2879,2880,2537,2535,2537,751,751
2880,2880,2538,2535,2538,751,751
2881,2881,2539,2539,2539,751,751
2882,2882,2540,2540,2540,751,751
2883,2883,2541,2541,2541,751,751
2884,2884,2542,2542,2542,751,751
2885,2885,2543,2543,2543,751,751
2886,2886,2544,2544,2544,751,751
2887,2887,2545,2545,2545,751,751
2886,2887,2546,2545,2546,751,751
2887,2887,2547,2545,2547,751,751
2888,2888,2548,2548,2548,751,751
2889,2889,2549,2549,2549,751,751
2890,2890,2550,2550,2550,751,751
2891,2891,2551,2551,2551,751,751
2888,2891,2552,2551,2552,751,751
2889,2891,2553,2551,2553,751,751
2890,2891,2554,2551,2554,751,751
2891,2891,2555,2551,2555,751,751
2892,2892,2556,2556,2556,751,751
2893,2893,2557,2557,2557,751,751
2894,2894,2558,2558,2558,751,751
2895,2895,2559,2559,2559,751,751
2892,2895,2560,2559,2560,751,751
2893,2895,2561,2559,2561,751,751
2894,2895,2562,2559,2562,751,751
2895,2895,2563,2559,2563,751,751
2896,2896,2564,2564,2564,751,751
2897,2897,2565,2565,2565,751,751
2898,2898,2566,2566,2566,751,751
2897,2898,2567,2566,2567,751,751
2897,2898,2568,2566,2568,751,751
2898,2898,2569,2566,2569,751,751
2899,2899,2570,2570,2570,751,751
2901,2901,2571,2571,2571,752,752
2902,2902,2572,2572,2572,752,752
2903,2903,2573,2573,2573,752,752
2904,2904,2574,2574,2574,752,752
2906,2906,2575,2575,2575,753,753
2905,2906,2576,2575,2576,753,753
2906,2906,2577,2575,2577,753,753
2905,2906,2578,2575,2578,753,753
2904,2906,2579,2575,2579,753,753
2905,2906,2580,2575,2580,753,753
2906,2906,2581,2575,2581,753,753
2907,2907,2582,2582,2582,753,753
2908,2908,2583,2583,2583,753,753
2909,2909,2584,2584,2584,753,753
2910,2910,2585,2585,2585,753,753
2911,2911,2586,2586,2586,753,753
2912,2912,2587,2587,2587,753,753
2913,2913,2588,2588,2588,753,753
2914,2914,2589,2589,2589,753,753
2913,2914,2590,2589,2590,753,753
2913,2914,2591,2589,2591,753,753
2912,2914,2592,2589,2592,753,753
2911,2914,2593,2589,2593,753,753
2912,2914,2594,2589,2594,753,753
2913,2914,2595,2589,2595,753,753
2914,2914,2596,2589,2596,753,753
2915,2915,2597,2597,2597,753,753
2916,2916,2598,2598,2598,753,753
2915,2916,2599,2598,2599,753,753
2916,2916,2600,2598,2600,753,753
2916,2916,2601,2598,2601,753,753
2917,2917,2602,2602,2602,753,753
2918,2918,2603,2603,2603,753,753
2917,2918,2604,2603,2604,753,753
2918,2918,2605,2603,2605,753,753
2919,2919,2606,2606,2606,753,753
2920,2920,2607,2607,2607,753,753
2921,2921,2608,2608,2608,753,753
2920,2921,2609,2608,2609,753,753
2921,2921,2610,2608,2610,753,753
2922,2922,2611,2611,2611,753,753
2923,2923,2612,2612,2612,753,753
2924,2924,2613,2613,2613,753,753
2925,2925,2614,2614,2614,753,753
2926,2926,2615,2615,2615,753,753
2927,2927,2616,2616,2616,753,753
2928,2928,2617,2617,2617,753,753
2929,2929,2618,2618,2618,753,753
2930,2930,2619,2619,2619,753,753
2931,2931,2620,2620,2620,753,753
2930,2931,2621,2620,2621,753,753
2931,2931,2622,2620,2622,753,753
2932,2932,2623,2623,2623,753,753
2931,2932,2624,2623,2624,753,752
2932,2932,2625,2623,2625,753,752
2933,2933,2626,2626,2626,753,752
2931,2933,2627,2626,2627,753,752
2932,2933,2628,2626,2628,753,752
2933,2933,2629,2626,2629,753,752
2934,2934,2630,2630,2630,753,752
2932,2934,2631,2630,2631,753,752
2934,2934,2632,2630,2632,753,753
2933,2934,2633,2630,2633,753,753
2934,2934,2634,2630,2634,753,753
2935,2935,2635,2635,2635,753,753
2935,2935,2636,2635,2636,753,753
2936,2936,2637,2637,2637,753,753
2937,2937,2638,2638,2638,753,753
2937,2937,2639,2638,2639,753,753
2939,2939,2640,2640,2640,754,754
2940,2940,2641,2641,2641,754,754
2941,2941,2642,2642,2642,754,754
2943,2943,2643,2643,2643,755,755
2940,2943,2644,2643,2644,755,755
2941,2943,2645,2643,2645,755,755
2942,2943,2646,2643,2646,755,755
2943,2943,2647,2643,2647,755,755
2944,2944,2648,2648,2648,755,755
2945,2945,2649,2649,2649,755,755
2946,2946,2650,2650,2650,755,755
2947,2947,2651,2651,2651,755,755
2945,2947,2652,2651,2652,755,755
2946,2947,2653,2651,2653,755,755
2947,2947,2654,2651,2654,755,755
2948,2948,2655,2655,2655,755,755
2949,2949,2656,2656,2656,755,755
2950,2950,2657,2657,2657,755,755
2951,2951,2658,2658,2658,755,755
2952,2952,2659,2659,2659,755,755
2949,2952,2660,2659,2660,755,755
2950,2952,2661,2659,2661,755,755
2951,2952,2662,2659,2662,755,755
2952,2952,2663,2659,2663,755,755
2954,2954,2664,2664,2664,756,756
2955,2955,2665,2665,2665,756,756
2956,2956,2666,2666,2666,756,756
2957,2957,2667,2667,2667,756,756
2958,2958,2668,2668,2668,756,756
2959,2959,2669,2669,2669,756,756
2960,2960,2670,2670,2670,756,756
2959,2960,2671,2670,2671,756,756
2959,2960,2672,2670,2672,756,756
2959,2960,2673,2670,2673,756,756
2960,2960,2674,2670,2674,756,756
2960,2960,2675,2670,2675,756,756
2961,2961,2676,2676,2676,756,756
2962,2962,2677,2677,2677,756,756
2963,2963,2678,2678,2678,756,756
2964,2964,2679,2679,2679,756,756
2965,2965,2680,2680,2680,756,756
2966,2966,2681,2681,2681,756,756
2967,2967,2682,2682,2682,756,756
2966,2967,2683,2682,2683,756,756
2967,2967,2684,2682,2684,756,756
2968,2968,2685,2685,2685,756,756
2967,2968,2686,2685,2686,756,756
2969,2969,2687,2687,2687,757,757
2970,2970,2688,2688,2688,757,757
2971,2971,2689,2689,2689,757,757
2972,2972,2690,2690,2690,757,757
2972,2972,2691,2690,2691,757,757
2970,2972,2692,2690,2692,757,757
2969,2972,2693,2690,2693,757,757
2970,2972,2694,2690,2694,757,757
2970,2972,2695,2690,2695,757,757
2971,2972,2696,2690,2696,757,757
2972,2972,2697,2690,2697,757,757
2973,2973,2698,2698,2698,757,757
2974,2974,2699,2699,2699,757,757
2975,2975,2700,2700,2700,757,757
2976,2976,2701,2701,2701,757,757
2977,2977,2702,2702,2702,757,757
2975,2977,2703,2702,2703,757,757
2976,2977,2704,2702,2704,757,757
2977,2977,2705,2702,2705,757,757
2978,2978,2706,2706,2706,757,757
2978,2978,2707,2706,2707,757,757
2979,2979,2708,2708,2708,757,757
2980,2980,2709,2709,2709,757,757
2981,2981,2710,2710,2710,757,757
2983,2983,2711,2711,2711,758,758
2984,2984,2712,2712,2712,758,758
2986,2986,2713,2713,2713,759,759
2987,2987,2714,2714,2714,759,759
2988,2988,2715,2715,2715,759,759
2989,2989,2716,2716,2716,759,759
2990,2990,2717,2717,2717,759,759
2991,2991,2718,2718,2718,759,759
2992,2992,2719,2719,2719,759,759
2993,2993,2720,2720,2720,759,759
2994,2994,2721,2721,2721,759,759
2993,2994,2722,2721,2722,759,759
2994,2994,2723,2721,2723,759,759
2995,2995,2724,2724,2724,759,759
2996,2996,2725,2725,2725,759,759
2994,2996,2726,2725,2726,759,759
2995,2996,2727,2725,2727,759,759
2996,2996,2728,2725,2728,759,759
2996,2996,2729,2725,2729,759,759
2997,2997,2730,2730,2730,759,759
2999,2999,2731,2731,2731,760,760
3000,3000,2732,2732,2732,760,760
3001,3001,2733,2733,2733,760,760
2996,3001,2734,2733,2734,760,758
2996,3001,2735,2733,2735,760,758
2997,3001,2736,2733,2736,760,758
2997,3001,2737,2733,2737,760,758
2994,3001,2738,2733,2738,760,758
2995,3001,2739,2733,2739,760,758
2996,3001,2740,2733,2740,760,758
2997,3001,2741,2733,2741,760,758
2998,3001,2742,2733,2742,760,758
2999,3001,2743,2733,2743,760,758
3000,3001,2744,2733,2744,760,758
3001,3001,2745,2733,2745,760,758
3002,3002,2746,2746,2746,760,758
3003,3003,2747,2747,2747,760,758
3004,3004,2748,2748,2748,760,758
3003,3004,2749,2748,2749,760,758
3004,3004,2750,2748,2750,760,758
3005,3005,2751,2751,2751,760,758
3006,3006,2752,2752,2752,760,758
3007,3007,2753,2753,2753,760,758
3007,3007,2754,2753,2754,760,758
3008,3008,2755,2755,2755,760,758
3009,3009,2756,2756,2756,760,758
3010,3010,2757,2757,2757,760,758
3011,3011,2758,2758,2758,760,758
3012,3012,2759,2759,2759,760,758
3013,3013,2760,2760,2760,760,758
3011,3013,2761,2760,2761,760,758
3010,3013,2762,2760,2762,760,758
3011,3013,2763,2760,2763,760,758
3012,3013,2764,2760,2764,760,758
3013,3013,2765,2760,2765,760,758
3010,3013,2766,2760,2766,760,758
3011,3013,2767,2760,2767,760,758
3012,3013,2768,2760,2768,760,758
3013,3013,2769,2760,2769,760,758
3014,3014,2770,2770,2770,760,758
3015,3015,2771,2771,2771,760,758
3016,3016,2772,2772,2772,760,758
3015,3016,2773,2772,2773,760,758
3016,3016,2774,2772,2774,760,758
3017,3017,2775,2775,2775,760,758
3018,3018,2776,2776,2776,760,758
3018,3018,2777,2776,2777,760,758
3017,3018,2778,2776,2778,760,758
3018,3018,2779,2776,2779,760,758
3019,3019,2780,2780,2780,760,758
3020,3020,2781,2781,2781,760,758
3021,3021,2782,2782,2782,760,758
3022,3022,2783,2783,2783,760,758
3023,3023,2784,2784,2784,760,758
3024,3024,2785,2785,2785,760,758
3025,3025,2786,2786,2786,760,758
3024,3025,2787,2786,2787,760,758
3025,3025,2788,2786,2788,760,758
3024,3025,2789,2786,2789,760,758
3025,3025,2790,2786,2790,760,758
3026,3026,2791,2791,2791,760,758
3026,3026,2792,2791,2792,760,758
3027,3027,2793,2793,2793,760,758
3028,3028,2794,2794,2794,760,758
3029,3029,2795,2795,2795,760,758
3031,3031,2796,2796,2796,760,759
3032,3032,2797,2797,2797,760,759
3033,3033,2798,2798,2798,760,759
3034,3034,2799,2799,2799,760,759
3035,3035,2800,2800,2800,760,759
3033,3035,2801,2800,2801,760,759
3034,3035,2802,2800,2802,760,759
3033,3035,2803,2800,2803,760,759
3034,3035,2804,2800,2804,760,759
3035,3035,2805,2800,2805,760,759
3036,3036,2806,2806,2806,760,759
3037,3037,2807,2807,2807,760,759
3038,3038,2808,2808,2808,760,759
3039,3039,2809,2809,2809,760,759
3038,3039,2810,2809,2810,760,759
3039,3039,2811,2809,2811,760,759
3039,3039,2812,2809,2812,760,759
3040,3040,2813,2813,2813,760,759
3041,3041,2814,2814,2814,760,759
3042,3042,2815,2815,2815,760,759
3043,3043,2816,2816,2816,760,759
3044,3044,2817,2817,2817,760,759
3044,3044,2818,2817,2818,760,759
3044,3044,2819,2817,2819,760,759
3045,3045,2820,2820,2820,760,759
3046,3046,2821,2821,2821,760,759
3047,3047,2822,2822,2822,760,759
3048,3048,2823,2823,2823,760,759
3049,3049,2824,2824,2824,760,759
3047,3049,2825,2824,2825,760,759
3048,3049,2826,2824,2826,760,759
3049,3049,2827,2824,2827,760,759
3046,3049,2828,2824,2828,760,759
3048,3049,2829,2824,2829,760,760
3049,3049,2830,2824,2830,760,760
3050,3050,2831,2831,2831,760,760
3049,3050,2832,2831,2832,760,760
3050,3050,2833,2831,2833,760,760
3051,3051,2834,2834,2834,760,760
3050,3051,2835,2834,2835,760,760
3051,3051,2836,2834,2836,760,760
3052,3052,2837,2837,2837,760,760
3053,3053,2838,2838,2838,760,760
3054,3054,2839,2839,2839,760,760
3055,3055,2840,2840,2840,760,760
3056,3056,2841,2841,2841,760,760
3057,3057,2842,2842,2842,760,760
3058,3058,2843,2843,2843,760,760
3059,3059,2844,2844,2844,760,760
3060,3060,2845,2845,2845,760,760
3061,3061,2846,2846,2846,760,760
3062,3062,2847,2847,2847,760,760
3063,3063,2848,2848,2848,760,760
3064,3064,2849,2849,2849,760,760
3065,3065,2850,2850,2850,760,760
3066,3066,2851,2851,2851,760,760
3067,3067,2852,2852,2852,760,760
3068,3068,2853,2853,2853,760,760
3069,3069,2854,2854,2854,760,760
3067,3069,2855,2854,2855,760,760
3068,3069,2856,2854,2856,760,760
3069,3069,2857,2854,2857,760,760
3068,3069,2858,2854,2858,760,760
3067,3069,2859,2854,2859,760,760
3067,3069,2860,2854,2860,760,760
3068,3069,2861,2854,2861,760,760
3069,3069,2862,2854,2862,760,760
3070,3070,2863,2863,2863,760,760
3071,3071,2864,2864,2864,760,760
3072,3072,2865,2865,2865,760,760
3073,3073,2866,2866,2866,760,760
3072,3073,2867,2866,2867,760,760
3073,3073,2868,2866,2868,760,760
3074,3074,2869,2869,2869,760,760
3075,3075,2870,2870,2870,760,760
3073,3075,2871,2870,2871,760,759
3074,3075,2872,2870,2872,760,759
3075,3075,2873,2870,2873,760,759
3076,3076,2874,2874,2874,760,759
3077,3077,2875,2875,2875,760,759
3078,3078,2876,2876,2876,760,759
3079,3079,2877,2877,2877,760,759
3080,3080,2878,2878,2878,760,759
3081,3081,2879,2879,2879,760,759
3080,3081,2880,2879,2880,760,759
3081,3081,2881,2879,2881,760,759
3082,3082,2882,2882,2882,760,759
3079,3082,2883,2882,2883,760,759
3075,3082,2884,2882,2884,760,759
3076,3082,2885,2882,2885,760,759
3073,3082,2886,2882,2886,760,759
3074,3082,2887,2882,2887,760,759
3075,3082,2888,2882,2888,760,759
3076,3082,2889,2882,2889,760,759
3077,3082,2890,2882,2890,760,759
3078,3082,2891,2882,2891,760,759
3079,3082,2892,2882,2892,760,759
3080,3082,2893,2882,2893,760,759
3079,3082,2894,2882,2894,760,759
3078,3082,2895,2882,2895,760,759
3079,3082,2896,2882,2896,760,759
3080,3082,2897,2882,2897,760,759
3078,3082,2898,2882,2898,760,759
3079,3082,2899,2882,2899,760,759
3080,3082,2900,2882,2900,760,759
3078,3082,2901,2882,2901,760,759
3079,3082,2902,2882,2902,760,759
3080,3082,2903,2882,2903,760,759
3081,3082,2904,2882,2904,760,759
3082,3082,2905,2882,2905,760,759
3080,3082,2906,2882,2906,760,758
3081,3082,2907,2882,2907,760,758
3080,3082,2908,2882,2908,760,758
3078,3082,2909,2882,2909,760,758
3076,3082,2910,2882,2910,760,758
3077,3082,2911,2882,2911,760,758
3078,3082,2912,2882,2912,760,758
3079,3082,2913,2882,2913,760,758
3080,3082,2914,2882,2914,760,758
3081,3082,2915,2882,2915,760,758
3079,3082,2916,2882,2916,760,758
3080,3082,2917,2882,2917,760,758
3081,3082,2918,2882,2918,760,758
3082,3082,2919,2882,2919,760,758
3083,3083,2920,2920,2920,760,758
3084,3084,2921,2921,2921,760,758
3085,3085,2922,2922,2922,760,758
3087,3087,2923,2923,2923,760,759
3088,3088,2924,2924,2924,760,759
3089,3089,2925,2925,2925,760,759
3090,3090,2926,2926,2926,760,759
3091,3091,2927,2927,2927,760,759
3092,3092,2928,2928,2928,760,759
3093,3093,2929,2929,2929,760,759
3094,3094,2930,2930,2930,760,759
3093,3094,2931,2930,2931,760,759
3094,3094,2932,2930,2932,760,759
3095,3095,2933,2933,2933,760,759
3096,3096,2934,2934,2934,760,759
3097,3097,2935,2935,2935,760,759
3098,3098,2936,2936,2936,760,759
3096,3098,2937,2936,2937,760,759
3097,3098,2938,2936,2938,760,759
3098,3098,2939,2936,2939,760,759
3096,3098,2940,2936,2940,760,759
3092,3098,2941,2936,2941,760,759
3093,3098,2942,2936,2942,760,759
3094,3098,2943,2936,2943,760,759
3091,3098,2944,2936,2944,760,759
3093,3098,2945,2936,2945,760,760
3094,3098,2946,2936,2946,760,760
3095,3098,2947,2936,2947,760,760
3094,3098,2948,2936,2948,760,760
3092,3098,2949,2936,2949,760,760
3092,3098,2950,2936,2950,760,760
3093,3098,2951,2936,2951,760,760
3094,3098,2952,2936,2952,760,760
3095,3098,2953,2936,2953,760,760
3096,3098,2954,2936,2954,760,760
3096,3098,2955,2936,2955,760,760
3097,3098,2956,2936,2956,760,760
3098,3098,2957,2936,2957,760,760
3099,3099,2958,2958,2958,760,760
3095,3099,2959,2958,2959,760,760
3094,3099,2960,2958,2960,760,759
3095,3099,2961,2958,2961,760,759
3096,3099,2962,2958,2962,760,759
3096,3099,2963,2958,2963,760,759
3094,3099,2964,2958,2964,760,759
3095,3099,2965,2958,2965,760,759
3096,3099,2966,2958,2966,760,759
3097,3099,2967,2958,2967,760,759
3098,3099,2968,2958,2968,760,759
3099,3099,2969,2958,2969,760,759
3100,3100,2970,2970,2970,760,759
3100,3100,2971,2970,2971,760,759
3101,3101,2972,2972,2972,760,759
3102,3102,2973,2973,2973,760,759
3101,3102,2974,2973,2974,760,759
3102,3102,2975,2973,2975,760,759
3103,3103,2976,2976,2976,760,759
3104,3104,2977,2977,2977,760,759
3105,3105,2978,2978,2978,760,759
3106,3106,2979,2979,2979,760,759
3107,3107,2980,2980,2980,760,759
3108,3108,2981,2981,2981,760,759
3109,3109,2982,2982,2982,760,759
3110,3110,2983,2983,2983,760,759
3108,3110,2984,2983,2984,760,759
3109,3110,2985,2983,2985,760,759
3110,3110,2986,2983,2986,760,759
3111,3111,2987,2987,2987,760,759
3112,3112,2988,2988,2988,760,759
3110,3112,2989,2988,2989,760,759
3110,3112,2990,2988,2990,760,759
3111,3112,2991,2988,2991,760,759
3112,3112,2992,2988,2992,760,759
3113,3113,2993,2993,2993,760,759
3114,3114,2994,2994,2994,760,759
3115,3115,2995,2995,2995,760,759
3116,3116,2996,2996,2996,760,759
3115,3116,2997,2996,2997,760,759
3116,3116,2998,2996,2998,760,759
3118,3118,2999,2999,2999,760,760
3119,3119,3000,3000,3000,760,760
3120,3120,3001,3001,3001,760,760
3122,3122,3002,3002,3002,761,761
3121,3122,3003,3002,3003,761,761
3122,3122,3004,3002,3004,761,761
3123,3123,3005,3005,3005,761,761
3124,3124,3006,3006,3006,761,761
3125,3125,3007,3007,3007,761,761
3124,3125,3008,3007,3008,761,761
3125,3125,3009,3007,3009,761,761
3126,3126,3010,3010,3010,761,761
3127,3127,3011,3011,3011,761,761
3124,3127,3012,3011,3012,761,760
3126,3127,3013,3011,3013,761,761
3127,3127,3014,3011,3014,761,761
3128,3128,3015,3015,3015,761,761
3129,3129,3016,3016,3016,761,761
3130,3130,3017,3017,3017,761,761
3131,3131,3018,3018,3018,761,761
3132,3132,3019,3019,3019,761,761
3133,3133,3020,3020,3020,761,761
3134,3134,3021,3021,3021,761,761
3135,3135,3022,3022,3022,761,761
3136,3136,3023,3023,3023,761,761
3137,3137,3024,3024,3024,761,761
3136,3137,3025,3024,3025,761,761
3137,3137,3026,3024,3026,761,761
3138,3138,3027,3027,3027,761,761
3139,3139,3028,3028,3028,761,761
3139,3139,3029,3028,3029,761,761
3138,3139,3030,3028,3030,761,761
3139,3139,3031,3028,3031,761,761
3140,3140,3032,3032,3032,761,761
3141,3141,3033,3033,3033,761,761
3142,3142,3034,3034,3034,761,761
3140,3142,3035,3034,3035,761,761
3141,3142,3036,3034,3036,761,761
3142,3142,3037,3034,3037,761,761
3143,3143,3038,3038,3038,761,761
3144,3144,3039,3039,3039,761,761
3143,3144,3040,3039,3040,761,761
3144,3144,3041,3039,3041,761,761
3145,3145,3042,3042,3042,761,761
3146,3146,3043,3043,3043,761,761
3147,3147,3044,3044,3044,761,761
3148,3148,3045,3045,3045,761,761
3149,3149,3046,3046,3046,761,761
3146,3149,3047,3046,3047,761,761
3147,3149,3048,3046,3048,761,761
3148,3149,3049,3046,3049,761,761
3149,3149,3050,3046,3050,761,761
3148,3149,3051,3046,3051,761,761
3149,3149,3052,3046,3052,761,761
3150,3150,3053,3053,3053,761,761
3150,3150,3054,3053,3054,761,761
3151,3151,3055,3055,3055,761,761
3152,3152,3056,3056,3056,761,761
3153,3153,3057,3057,3057,761,761
3154,3154,3058,3058,3058,761,761
3155,3155,3059,3059,3059,761,761
3156,3156,3060,3060,3060,761,761
3153,3156,3061,3060,3061,761,761
3154,3156,3062,3060,3062,761,761
3153,3156,3063,3060,3063,761,761
3152,3156,3064,3060,3064,761,761
3152,3156,3065,3060,3065,761,761
3153,3156,3066,3060,3066,761,761
3149,3156,3067,3060,3067,761,761
3150,3156,3068,3060,3068,761,761
3151,3156,3069,3060,3069,761,761
3150,3156,3070,3060,3070,761,761
3151,3156,3071,3060,3071,761,761
3152,3156,3072,3060,3072,761,761
3153,3156,3073,3060,3073,761,761
3154,3156,3074,3060,3074,761,761
3152,3156,3075,3060,3075,761,761
3151,3156,3076,3060,3076,761,761
3152,3156,3077,3060,3077,761,761
3153,3156,3078,3060,3078,761,761
3152,3156,3079,3060,3079,761,761
3151,3156,3080,3060,3080,761,761
3152,3156,3081,3060,3081,761,761
3148,3156,3082,3060,3082,761,761
3149,3156,3083,3060,3083,761,761
3147,3156,3084,3060,3084,761,761
3148,3156,3085,3060,3085,761,761
3149,3156,3086,3060,3086,761,761
3150,3156,3087,3060,3087,761,761
3151,3156,3088,3060,3088,761,761
3152,3156,3089,3060,3089,761,761
3153,3156,3090,3060,3090,761,761
3154,3156,3091,3060,3091,761,761
3155,3156,3092,3060,3092,761,761
3156,3156,3093,3060,3093,761,761
3157,3157,3094,3094,3094,761,761
3154,3157,3095,3094,3095,761,761
3151,3157,3096,3094,3096,761,761
3152,3157,3097,3094,3097,761,761
3153,3157,3098,3094,3098,761,761
3152,3157,3099,3094,3099,761,761
3153,3157,3100,3094,3100,761,761
3154,3157,3101,3094,3101,761,761
3155,3157,3102,3094,3102,761,761
3155,3157,3103,3094,3103,761,761
3154,3157,3104,3094,3104,761,761
3155,3157,3105,3094,3105,761,761
3156,3157,3106,3094,3106,761,761
3156,3157,3107,3094,3107,761,761
3157,3157,3108,3094,3108,761,761
3158,3158,3109,3109,3109,761,761
3159,3159,3110,3110,3110,761,761
3160,3160,3111,3111,3111,761,761
3159,3160,3112,3111,3112,761,761
3158,3160,3113,3111,3113,761,761
3158,3160,3114,3111,3114,761,761
3158,3160,3115,3111,3115,761,761
3159,3160,3116,3111,3116,761,761
3160,3160,3117,3111,3117,761,761
3161,3161,3118,3118,3118,761,761
3162,3162,3119,3119,3119,761,761
3163,3163,3120,3120,3120,761,761
3162,3163,3121,3120,3121,761,761
3163,3163,3122,3120,3122,761,761
3164,3164,3123,3123,3123,761,761
3165,3165,3124,3124,3124,761,761
3166,3166,3125,3125,3125,761,761
3161,3166,3126,3125,3126,761,761
3162,3166,3127,3125,3127,761,761
3163,3166,3128,3125,3128,761,761
3164,3166,3129,3125,3129,761,761
3165,3166,3130,3125,3130,761,761
3164,3166,3131,3125,3131,761,761
3161,3166,3132,3125,3132,761,761
3162,3166,3133,3125,3133,761,761
3163,3166,3134,3125,3134,761,761
3161,3166,3135,3125,3135,761,761
3162,3166,3136,3125,3136,761,761
3163,3166,3137,3125,3137,761,761
3164,3166,3138,3125,3138,761,761
3165,3166,3139,3125,3139,761,761
3166,3166,3140,3125,3140,761,761
3163,3166,3141,3125,3141,761,761
3164,3166,3142,3125,3142,761,761
3165,3166,3143,3125,3143,761,761
3166,3166,3144,3125,3144,761,761
3167,3167,3145,3145,3145,761,761
3165,3167,3146,3145,3146,761,761
3166,3167,3147,3145,3147,761,761
3165,3167,3148,3145,3148,761,761
3165,3167,3149,3145,3149,761,761
3165,3167,3150,3145,3150,761,761
3166,3167,3151,3145,3151,761,761
3167,3167,3152,3145,3152,761,761
3168,3168,3153,3153,3153,761,761
3167,3168,3154,3153,3154,761,761
3168,3168,3155,3153,3155,761,761
3169,3169,3156,3156,3156,761,761
3170,3170,3157,3157,3157,761,761
3168,3170,3158,3157,3158,761,761
3169,3170,3159,3157,3159,761,761
3168,3170,3160,3157,3160,761,761
3169,3170,3161,3157,3161,761,761
3170,3170,3162,3157,3162,761,761
3171,3171,3163,3163,3163,761,761
3172,3172,3164,3164,3164,761,761
3173,3173,3165,3165,3165,761,761
3172,3173,3166,3165,3166,761,761
3173,3173,3167,3165,3167,761,761
3174,3174,3168,3168,3168,761,761
3175,3175,3169,3169,3169,761,761
3176,3176,3170,3170,3170,761,761
3177,3177,3171,3171,3171,761,761
3174,3177,3172,3171,3172,761,761
3175,3177,3173,3171,3173,761,761
3176,3177,3174,3171,3174,761,761
3177,3177,3175,3171,3175,761,761
3177,3177,3176,3171,3176,761,761
3176,3177,3177,3171,3177,761,761
3177,3177,3178,3171,3178,761,761
3178,3178,3179,3179,3179,761,761
3179,3179,3180,3180,3180,761,761
3180,3180,3181,3181,3181,761,761
3179,3180,3182,3181,3182,761,761
3180,3180,3183,3181,3183,761,761
3181,3181,3184,3184,3184,761,761
3182,3182,3185,3185,3185,761,761
3182,3182,3186,3185,3186,761,761
3183,3183,3187,3187,3187,761,761
3184,3184,3188,3188,3188,761,761
3182,3184,3189,3188,3189,761,760
3183,3184,3190,3188,3190,761,760
3184,3184,3191,3188,3191,761,760
3185,3185,3192,3192,3192,761,760
3183,3185,3193,3192,3193,761,760
3181,3185,3194,3192,3194,761,760
3179,3185,3195,3192,3195,761,760
3180,3185,3196,3192,3196,761,760
3181,3185,3197,3192,3197,761,760
3176,3185,3198,3192,3198,761,760
3177,3185,3199,3192,3199,761,760
3178,3185,3200,3192,3200,761,760
3179,3185,3201,3192,3201,761,760
3180,3185,3202,3192,3202,761,760
3181,3185,3203,3192,3203,761,760
3180,3185,3204,3192,3204,761,760
3181,3185,3205,3192,3205,761,760
3182,3185,3206,3192,3206,761,760
3183,3185,3207,3192,3207,761,760
3184,3185,3208,3192,3208,761,760
3185,3185,3209,3192,3209,761,760
3184,3185,3210,3192,3210,761,760
3182,3185,3211,3192,3211,761,760
3183,3185,3212,3192,3212,761,760
3181,3185,3213,3192,3213,761,760
3182,3185,3214,3192,3214,761,760
3183,3185,3215,3192,3215,761,760
3184,3185,3216,3192,3216,761,760
3185,3185,3217,3192,3217,761,760
3186,3186,3218,3218,3218,761,760
3187,3187,3219,3219,3219,761,760
3184,3187,3220,3219,3220,761,760
3185,3187,3221,3219,3221,761,760
3180,3187,3222,3219,3222,761,760
3181,3187,3223,3219,3223,761,760
3182,3187,3224,3219,3224,761,760
3183,3187,3225,3219,3225,761,760
3185,3187,3226,3219,3226,761,761
3184,3187,3227,3219,3227,761,761
3185,3187,3228,3219,3228,761,761
3186,3187,3229,3219,3229,761,761
3187,3187,3230,3219,3230,761,761
3184,3187,3231,3219,3231,761,761
3182,3187,3232,3219,3232,761,761
3183,3187,3233,3219,3233,761,761
3184,3187,3234,3219,3234,761,761
3183,3187,3235,3219,3235,761,761
3184,3187,3236,3219,3236,761,761
3185,3187,3237,3219,3237,761,761
3186,3187,3238,3219,3238,761,761
3187,3187,3239,3219,3239,761,761
3188,3188,3240,3240,3240,761,761
3186,3188,3241,3240,3241,761,761
3187,3188,3242,3240,3242,761,761
3188,3188,3243,3240,3243,761,761
3189,3189,3244,3244,3244,761,761
3190,3190,3245,3245,3245,761,761
3191,3191,3246,3246,3246,761,761
3193,3193,3247,3247,3247,762,762
3194,3194,3248,3248,3248,762,762
3192,3194,3249,3248,3249,762,762
3193,3194,3250,3248,3250,762,762
3194,3194,3251,3248,3251,762,762
3195,3195,3252,3252,3252,762,762
3195,3195,3253,3252,3253,762,762
3195,3195,3254,3252,3254,762,762
3196,3196,3255,3255,3255,762,762
3197,3197,3256,3256,3256,762,762
3198,3198,3257,3257,3257,762,762
3199,3199,3258,3258,3258,762,762
3200,3200,3259,3259,3259,762,762
3198,3200,3260,3259,3260,762,762
3199,3200,3261,3259,3261,762,762
3197,3200,3262,3259,3262,762,762
3198,3200,3263,3259,3263,762,762
3199,3200,3264,3259,3264,762,762
3197,3200,3265,3259,3265,762,761
3198,3200,3266,3259,3266,762,761
3199,3200,3267,3259,3267,762,761
3199,3200,3268,3259,3268,762,761
3200,3200,3269,3259,3269,762,761
3201,3201,3270,3270,3270,762,761
3202,3202,3271,3271,3271,762,761
3203,3203,3272,3272,3272,762,761
3204,3204,3273,3273,3273,762,761
3205,3205,3274,3274,3274,762,761
3206,3206,3275,3275,3275,762,761
3203,3206,3276,3275,3276,762,761
3204,3206,3277,3275,3277,762,761
3205,3206,3278,3275,3278,762,761
3206,3206,3279,3275,3279,762,761
3207,3207,3280,3280,3280,762,761
3208,3208,3281,3281,3281,762,761
3209,3209,3282,3282,3282,762,761
3210,3210,3283,3283,3283,762,761
3211,3211,3284,3284,3284,762,761
3212,3212,3285,3285,3285,762,761
3213,3213,3286,3286,3286,762,761
3214,3214,3287,3287,3287,762,761
3216,3216,3288,3288,3288,762,762
3217,3217,3289,3289,3289,762,762
3218,3218,3290,3290,3290,762,762
3219,3219,3291,3291,3291,762,762
3220,3220,3292,3292,3292,762,762
3221,3221,3293,3293,3293,762,762
3222,3222,3294,3294,3294,762,762
3223,3223,3295,3295,3295,762,762
3224,3224,3296,3296,3296,762,762
3225,3225,3297,3297,3297,762,762
3226,3226,3298,3298,3298,762,762
3227,3227,3299,3299,3299,762,762
3228,3228,3300,3300,3300,762,762
3228,3228,3301,3300,3301,762,762
3227,3228,3302,3300,3302,762,762
3228,3228,3303,3300,3303,762,762
3225,3228,3304,3300,3304,762,762
3226,3228,3305,3300,3305,762,762
3227,3228,3306,3300,3306,762,762
3228,3228,3307,3300,3307,762,762
3229,3229,3308,3308,3308,762,762
3230,3230,3309,3309,3309,762,762
3231,3231,3310,3310,3310,762,762
3232,3232,3311,3311,3311,762,762
3234,3234,3312,3312,3312,763,763
3231,3234,3313,3312,3313,763,763
3232,3234,3314,3312,3314,763,763
3230,3234,3315,3312,3315,763,763
3231,3234,3316,3312,3316,763,763
3233,3234,3317,3312,3317,764,764
3234,3234,3318,3312,3318,764,764
3235,3235,3319,3319,3319,764,764
3236,3236,3320,3320,3320,764,764
3237,3237,3321,3321,3321,764,764
3238,3238,3322,3322,3322,764,764
3239,3239,3323,3323,3323,764,764
3240,3240,3324,3324,3324,764,764
3236,3240,3325,3324,3325,764,764
3237,3240,3326,3324,3326,764,764
3238,3240,3327,3324,3327,764,764
3239,3240,3328,3324,3328,764,764
3236,3240,3329,3324,3329,764,764
3237,3240,3330,3324,3330,764,764
3238,3240,3331,3324,3331,764,764
3239,3240,3332,3324,3332,764,764
3240,3240,3333,3324,3333,764,764
3241,3241,3334,3334,3334,764,764
3239,3241,3335,3334,3335,764,764
3240,3241,3336,3334,3336,764,764
3241,3241,3337,3334,3337,764,764
3242,3242,3338,3338,3338,764,764
3243,3243,3339,3339,3339,764,764
3242,3243,3340,3339,3340,764,764
3243,3243,3341,3339,3341,764,764
3244,3244,3342,3342,3342,764,764
3245,3245,3343,3343,3343,764,764
3246,3246,3344,3344,3344,764,764
3247,3247,3345,3345,3345,764,764
3248,3248,3346,3346,3346,764,764
3249,3249,3347,3347,3347,764,764
3250,3250,3348,3348,3348,764,764
3248,3250,3349,3348,3349,764,764
3250,3250,3350,3348,3350,765,765
3251,3251,3351,3351,3351,765,765
3252,3252,3352,3352,3352,765,765
3251,3252,3353,3352,3353,765,765
3249,3252,3354,3352,3354,765,765
3250,3252,3355,3352,3355,765,765
3251,3252,3356,3352,3356,765,765
3252,3252,3357,3352,3357,765,765
3253,3253,3358,3358,3358,765,765
3253,3253,3359,3358,3359,765,765
3252,3253,3360,3358,3360,765,765
3253,3253,3361,3358,3361,765,765
3254,3254,3362,3362,3362,765,765
3251,3254,3363,3362,3363,765,765
3252,3254,3364,3362,3364,765,765
3251,3254,3365,3362,3365,765,765
3252,3254,3366,3362,3366,765,765
3253,3254,3367,3362,3367,765,765
3254,3254,3368,3362,3368,765,765
3255,3255,3369,3369,3369,765,765
3256,3256,3370,3370,3370,765,765
3257,3257,3371,3371,3371,765,765
3258,3258,3372,3372,3372,765,765
3259,3259,3373,3373,3373,765,765
3260,3260,3374,3374,3374,765,765
3261,3261,3375,3375,3375,765,765
3262,3262,3376,3376,3376,765,765
3263,3263,3377,3377,3377,765,765
3264,3264,3378,3378,3378,765,765
3265,3265,3379,3379,3379,765,765
3266,3266,3380,3380,3380,765,765
3267,3267,3381,3381,3381,765,765
3268,3268,3382,3382,3382,765,765
3269,3269,3383,3383,3383,765,765
3270,3270,3384,3384,3384,765,765
3271,3271,3385,3385,3385,765,765
3272,3272,3386,3386,3386,765,765
3274,3274,3387,3387,3387,766,766
3272,3274,3388,3387,3388,766,766
3270,3274,3389,3387,3389,766,766
3269,3274,3390,3387,3390,766,766
3270,3274,3391,3387,3391,766,766
3271,3274,3392,3387,3392,766,766
3270,3274,3393,3387,3393,766,766
3269,3274,3394,3387,3394,766,766
3270,3274,3395,3387,3395,766,766
3271,3274,3396,3387,3396,766,766
3272,3274,3397,3387,3397,766,766
3273,3274,3398,3387,3398,766,766
3274,3274,3399,3387,3399,766,766
3275,3275,3400,3400,3400,766,766
3275,3275,3401,3400,3401,766,766
3270,3275,3402,3400,3402,766,766
3269,3275,3403,3400,3403,766,766
3270,3275,3404,3400,3404,766,766
3271,3275,3405,3400,3405,766,766
3272,3275,3406,3400,3406,766,766
3273,3275,3407,3400,3407,766,766
3271,3275,3408,3400,3408,766,766
3272,3275,3409,3400,3409,766,766
3273,3275,3410,3400,3410,766,766
3275,3275,3411,3400,3411,767,767
3272,3275,3412,3400,3412,767,767
3273,3275,3413,3400,3413,767,767
3274,3275,3414,3400,3414,767,767
3275,3275,3415,3400,3415,767,767
3272,3275,3416,3400,3416,767,767
3273,3275,3417,3400,3417,767,767
3271,3275,3418,3400,3418,767,767
3272,3275,3419,3400,3419,767,767
3273,3275,3420,3400,3420,767,767
3274,3275,3421,3400,3421,767,767
3273,3275,3422,3400,3422,767,767
3274,3275,3423,3400,3423,767,767
3275,3275,3424,3400,3424,767,767
3276,3276,3425,3425,3425,767,767
3272,3276,3426,3425,3426,767,767
3268,3276,3427,3425,3427,767,767
3269,3276,3428,3425,3428,767,767
3270,3276,3429,3425,3429,767,767
3271,3276,3430,3425,3430,767,767
3272,3276,3431,3425,3431,767,767
3272,3276,3432,3425,3432,767,767
3272,3276,3433,3425,3433,767,767
3273,3276,3434,3425,3434,767,767
3274,3276,3435,3425,3435,767,767
3275,3276,3436,3425,3436,767,767
3276,3276,3437,3425,3437,767,767
3277,3277,3438,3438,3438,767,767
3278,3278,3439,3439,3439,767,767
3279,3279,3440,3440,3440,767,767
3280,3280,3441,3441,3441,767,767
3281,3281,3442,3442,3442,767,767
3282,3282,3443,3443,3443,767,767
3283,3283,3444,3444,3444,767,767
3284,3284,3445,3445,3445,767,767
3281,3284,3446,3445,3446,767,766
3282,3284,3447,3445,3447,767,766
3279,3284,3448,3445,3448,767,766
3280,3284,3449,3445,3449,767,766
3281,3284,3450,3445,3450,767,766
3282,3284,3451,3445,3451,767,766
3283,3284,3452,3445,3452,767,766
3284,3284,3453,3445,3453,767,766
3285,3285,3454,3454,3454,767,766
3286,3286,3455,3455,3455,767,766
3285,3286,3456,3455,3456,767,766
3286,3286,3457,3455,3457,767,766
3287,3287,3458,3458,3458,767,766
3288,3288,3459,3459,3459,767,766
3290,3290,3460,3460,3460,767,767
3291,3291,3461,3461,3461,767,767
3290,3291,3462,3461,3462,767,767
3287,3291,3463,3461,3463,767,767
3288,3291,3464,3461,3464,767,767
3286,3291,3465,3461,3465,767,767
3283,3291,3466,3461,3466,767,767
3284,3291,3467,3461,3467,767,767
3285,3291,3468,3461,3468,767,767
3284,3291,3469,3461,3469,767,767
3285,3291,3470,3461,3470,767,767
3282,3291,3471,3461,3471,767,767
3283,3291,3472,3461,3472,767,767
3284,3291,3473,3461,3473,767,767
3285,3291,3474,3461,3474,767,767
3283,3291,3475,3461,3475,767,767
3284,3291,3476,3461,3476,767,767
3285,3291,3477,3461,3477,767,767
3283,3291,3478,3461,3478,767,767
3284,3291,3479,3461,3479,767,767
3286,3291,3480,3461,3480,768,768
3287,3291,3481,3461,3481,768,768
3288,3291,3482,3461,3482,768,768
3289,3291,3483,3461,3483,768,768
3290,3291,3484,3461,3484,768,768
3291,3291,3485,3461,3485,768,768
3290,3291,3486,3461,3486,768,768
3291,3291,3487,3461,3487,768,768
3291,3291,3488,3461,3488,768,768
3292,3292,3489,3489,3489,768,768
3293,3293,3490,3490,3490,768,768
3294,3294,3491,3491,3491,768,768
3295,3295,3492,3492,3492,768,768
3296,3296,3493,3493,3493,768,768
3297,3297,3494,3494,3494,768,768
3298,3298,3495,3495,3495,768,768
3299,3299,3496,3496,3496,768,768
3297,3299,3497,3496,3497,768,768
3298,3299,3498,3496,3498,768,768
3298,3299,3499,3496,3499,768,768
3299,3299,3500,3496,3500,768,768
3300,3300,3501,3501,3501,768,768
3301,3301,3502,3502,3502,768,768
3301,3301,3503,3502,3503,768,768
3302,3302,3504,3504,3504,768,768
3303,3303,3505,3505,3505,768,768
3302,3303,3506,3505,3506,768,768
3303,3303,3507,3505,3507,768,768
3304,3304,3508,3508,3508,768,768
3305,3305,3509,3509,3509,768,768
3305,3305,3510,3509,3510,768,768
3306,3306,3511,3511,3511,768,768
3307,3307,3512,3512,3512,768,768
3308,3308,3513,3513,3513,768,768
3307,3308,3514,3513,3514,768,768
3306,3308,3515,3513,3515,768,768
3304,3308,3516,3513,3516,768,768
3305,3308,3517,3513,3517,768,768
3306,3308,3518,3513,3518,768,768
3307,3308,3519,3513,3519,768,768
3308,3308,3520,3513,3520,768,768
3308,3308,3521,3513,3521,768,768
3310,3310,3522,3522,3522,769,769
3311,3311,3523,3523,3523,769,769
3312,3312,3524,3524,3524,769,769
3310,3312,3525,3524,3525,769,769
3310,3312,3526,3524,3526,769,769
3307,3312,3527,3524,3527,769,768
3308,3312,3528,3524,3528,769,768
3309,3312,3529,3524,3529,769,768
3310,3312,3530,3524,3530,769,768
3311,3312,3531,3524,3531,769,768
3312,3312,3532,3524,3532,769,768
3313,3313,3533,3533,3533,769,768
3314,3314,3534,3534,3534,769,768
3315,3315,3535,3535,3535,769,768
3316,3316,3536,3536,3536,769,768
3315,3316,3537,3536,3537,769,768
3316,3316,3538,3536,3538,769,768
3317,3317,3539,3539,3539,769,768
3314,3317,3540,3539,3540,769,768
3315,3317,3541,3539,3541,769,768
3312,3317,3542,3539,3542,769,768
3311,3317,3543,3539,3543,769,768
3312,3317,3544,3539,3544,769,768
3311,3317,3545,3539,3545,769,768
3312,3317,3546,3539,3546,769,768
3312,3317,3547,3539,3547,769,768
3313,3317,3548,3539,3548,769,768
3311,3317,3549,3539,3549,769,768
3312,3317,3550,3539,3550,769,768
3313,3317,3551,3539,3551,769,768
3314,3317,3552,3539,3552,769,768
3314,3317,3553,3539,3553,769,768
3315,3317,3554,3539,3554,769,768
3316,3317,3555,3539,3555,769,768
3317,3317,3556,3539,3556,769,768
3316,3317,3557,3539,3557,769,768
3315,3317,3558,3539,3558,769,768
3316,3317,3559,3539,3559,769,768
3317,3317,3560,3539,3560,769,768
3315,3317,3561,3539,3561,769,768
3316,3317,3562,3539,3562,769,768
3317,3317,3563,3539,3563,769,768
3318,3318,3564,3564,3564,769,768
3319,3319,3565,3565,3565,769,768
3320,3320,3566,3566,3566,769,768
3318,3320,3567,3566,3567,769,768
3319,3320,3568,3566,3568,769,768
3320,3320,3569,3566,3569,769,768
3321,3321,3570,3570,3570,769,768
3322,3322,3571,3571,3571,769,768
3323,3323,3572,3572,3572,769,768
3324,3324,3573,3573,3573,769,768
3320,3324,3574,3573,3574,769,768
3321,3324,3575,3573,3575,769,768
3322,3324,3576,3573,3576,769,768
3323,3324,3577,3573,3577,769,768
3324,3324,3578,3573,3578,769,768
3325,3325,3579,3579,3579,769,768
3324,3325,3580,3579,3580,769,768
3325,3325,3581,3579,3581,769,768
3326,3326,3582,3582,3582,769,768
3327,3327,3583,3583,3583,769,768
3325,3327,3584,3583,3584,769,768
3326,3327,3585,3583,3585,769,768
3327,3327,3586,3583,3586,769,768
3328,3328,3587,3587,3587,769,768
3329,3329,3588,3588,3588,769,768
3331,3331,3589,3589,3589,769,769
3332,3332,3590,3590,3590,769,769
3333,3333,3591,3591,3591,769,769
3334,3334,3592,3592,3592,769,769
3335,3335,3593,3593,3593,769,769
3336,3336,3594,3594,3594,769,769
3336,3336,3595,3594,3595,769,769
3335,3336,3596,3594,3596,769,769
3336,3336,3597,3594,3597,769,769
3337,3337,3598,3598,3598,769,769
3334,3337,3599,3598,3599,769,769
3335,3337,3600,3598,3600,769,769
3336,3337,3601,3598,3601,769,769
3337,3337,3602,3598,3602,769,769
3336,3337,3603,3598,3603,769,769
3337,3337,3604,3598,3604,769,769
3334,3337,3605,3598,3605,769,769
3335,3337,3606,3598,3606,769,769
3334,3337,3607,3598,3607,769,769
3335,3337,3608,3598,3608,769,769
3333,3337,3609,3598,3609,769,769
3334,3337,3610,3598,3610,769,769
3335,3337,3611,3598,3611,769,769
3336,3337,3612,3598,3612,769,769
3337,3337,3613,3598,3613,769,769
3338,3338,3614,3614,3614,769,769
3339,3339,3615,3615,3615,769,769
3339,3339,3616,3615,3616,769,769
3340,3340,3617,3617,3617,769,769
3341,3341,3618,3618,3618,769,769
3342,3342,3619,3619,3619,769,769
3343,3343,3620,3620,3620,769,769
3343,3343,3621,3620,3621,769,769
3344,3344,3622,3622,3622,769,769
3345,3345,3623,3623,3623,769,769
3343,3345,3624,3623,3624,769,769
3344,3345,3625,3623,3625,769,769
3345,3345,3626,3623,3626,769,769
3346,3346,3627,3627,3627,769,769
3347,3347,3628,3628,3628,769,769
3349,3349,3629,3629,3629,770,770
3350,3350,3630,3630,3630,770,770
3351,3351,3631,3631,3631,770,770
3352,3352,3632,3632,3632,770,770
3353,3353,3633,3633,3633,770,770
3350,3353,3634,3633,3634,770,769
3351,3353,3635,3633,3635,770,769
3352,3353,3636,3633,3636,770,769
3351,3353,3637,3633,3637,770,769
3350,3353,3638,3633,3638,770,769
3351,3353,3639,3633,3639,770,769
3352,3353,3640,3633,3640,770,769
3350,3353,3641,3633,3641,770,769
3351,3353,3642,3633,3642,770,769
3352,3353,3643,3633,3643,770,769
3353,3353,3644,3633,3644,770,769
3354,3354,3645,3645,3645,770,769
3353,3354,3646,3645,3646,770,769
3350,3354,3647,3645,3647,770,768
3351,3354,3648,3645,3648,770,768
3352,3354,3649,3645,3649,770,768
3353,3354,3650,3645,3650,770,768
3354,3354,3651,3645,3651,770,768
3355,3355,3652,3652,3652,770,768
3356,3356,3653,3653,3653,770,768
3354,3356,3654,3653,3654,770,768
3355,3356,3655,3653,3655,770,768
3353,3356,3656,3653,3656,770,768
3354,3356,3657,3653,3657,770,768
3355,3356,3658,3653,3658,770,768
3353,3356,3659,3653,3659,770,768
3354,3356,3660,3653,3660,770,768
3353,3356,3661,3653,3661,770,768
3354,3356,3662,3653,3662,770,768
3355,3356,3663,3653,3663,770,768
3356,3356,3664,3653,3664,770,768
3357,3357,3665,3665,3665,770,768
3358,3358,3666,3666,3666,770,768
3359,3359,3667,3667,3667,770,768
3360,3360,3668,3668,3668,770,768
3356,3360,3669,3668,3669,770,768
3357,3360,3670,3668,3670,770,768
3358,3360,3671,3668,3671,770,768
3359,3360,3672,3668,3672,770,768
3360,3360,3673,3668,3673,770,768
3361,3361,3674,3674,3674,770,768
3362,3362,3675,3675,3675,770,768
3357,3362,3676,3675,3676,770,768
3358,3362,3677,3675,3677,770,768
3359,3362,3678,3675,3678,770,768
3360,3362,3679,3675,3679,770,768
3361,3362,3680,3675,3680,770,768
3362,3362,3681,3675,3681,770,768
3363,3363,3682,3682,3682,770,768
3364,3364,3683,3683,3683,770,768
3365,3365,3684,3684,3684,770,768
3366,3366,3685,3685,3685,770,768
3367,3367,3686,3686,3686,770,768
3367,3367,3687,3686,3687,770,768
3368,3368,3688,3688,3688,770,768
3369,3369,3689,3689,3689,770,768
3370,3370,3690,3690,3690,770,768
3371,3371,3691,3691,3691,770,768
3372,3372,3692,3692,3692,770,768
3373,3373,3693,3693,3693,770,768
3373,3373,3694,3693,3694,770,768
3374,3374,3695,3695,3695,770,768
3374,3374,3696,3695,3696,770,768
3372,3374,3697,3695,3697,770,768
3373,3374,3698,3695,3698,770,768
3372,3374,3699,3695,3699,770,768
3373,3374,3700,3695,3700,770,768
3369,3374,3701,3695,3701,770,768
3370,3374,3702,3695,3702,770,768
3368,3374,3703,3695,3703,770,768
3367,3374,3704,3695,3704,770,768
3368,3374,3705,3695,3705,770,768
3369,3374,3706,3695,3706,770,768
3366,3374,3707,3695,3707,770,768
3367,3374,3708,3695,3708,770,768
3366,3374,3709,3695,3709,770,768
3367,3374,3710,3695,3710,770,768
3368,3374,3711,3695,3711,770,768
3369,3374,3712,3695,3712,770,768
3370,3374,3713,3695,3713,770,768
3368,3374,3714,3695,3714,770,768
3369,3374,3715,3695,3715,770,768
3370,3374,3716,3695,3716,770,768
3369,3374,3717,3695,3717,770,768
3370,3374,3718,3695,3718,770,768
3370,3374,3719,3695,3719,770,768
3371,3374,3720,3695,3720,770,768
3370,3374,3721,3695,3721,770,768
3368,3374,3722,3695,3722,770,768
3369,3374,3723,3695,3723,770,768
3370,3374,3724,3695,3724,770,768
3371,3374,3725,3695,3725,770,768
3370,3374,3726,3695,3726,770,768
3366,3374,3727,3695,3727,770,768
3367,3374,3728,3695,3728,770,768
3366,3374,3729,3695,3729,770,768
3367,3374,3730,3695,3730,770,768
3365,3374,3731,3695,3731,770,768
3363,3374,3732,3695,3732,770,768
3361,3374,3733,3695,3733,770,768
3362,3374,3734,3695,3734,770,768
3363,3374,3735,3695,3735,770,768
3364,3374,3736,3695,3736,770,768
3362,3374,3737,3695,3737,770,768
3363,3374,3738,3695,3738,770,768
3364,3374,3739,3695,3739,770,768
3363,3374,3740,3695,3740,770,768
3364,3374,3741,3695,3741,770,768
3363,3374,3742,3695,3742,770,768
3364,3374,3743,3695,3743,770,768
3363,3374,3744,3695,3744,770,768
3364,3374,3745,3695,3745,770,768
3365,3374,3746,3695,3746,770,768
3366,3374,3747,3695,3747,770,768
3367,3374,3748,3695,3748,770,768
3368,3374,3749,3695,3749,770,768
3366,3374,3750,3695,3750,770,768
3367,3374,3751,3695,3751,770,768
3368,3374,3752,3695,3752,770,768
3369,3374,3753,3695,3753,770,768
3370,3374,3754,3695,3754,770,768
3371,3374,3755,3695,3755,770,768
3369,3374,3756,3695,3756,770,767
3370,3374,3757,3695,3757,770,767
3370,3374,3758,3695,3758,770,767
3371,3374,3759,3695,3759,770,767
3372,3374,3760,3695,3760,770,767
3373,3374,3761,3695,3761,770,767
3374,3374,3762,3695,3762,770,767
3375,3375,3763,3763,3763,770,767
3376,3376,3764,3764,3764,770,767
3377,3377,3765,3765,3765,770,767
3378,3378,3766,3766,3766,770,767
3379,3379,3767,3767,3767,770,767
3381,3381,3768,3768,3768,770,768
3382,3382,3769,3769,3769,770,768
3383,3383,3770,3770,3770,770,768
3385,3385,3771,3771,3771,770,769
3383,3385,3772,3771,3772,770,769
3382,3385,3773,3771,3773,770,769
3381,3385,3774,3771,3774,770,769
3382,3385,3775,3771,3775,770,769
3383,3385,3776,3771,3776,770,769
3380,3385,3777,3771,3777,770,769
3380,3385,3778,3771,3778,770,769
3381,3385,3779,3771,3779,770,769
3382,3385,3780,3771,3780,770,769
3382,3385,3781,3771,3781,770,769
3383,3385,3782,3771,3782,770,769
3384,3385,3783,3771,3783,770,769
3385,3385,3784,3771,3784,770,769
3386,3386,3785,3785,3785,770,769
3387,3387,3786,3786,3786,770,769
3386,3387,3787,3786,3787,770,769
3387,3387,3788,3786,3788,770,769
3388,3388,3789,3789,3789,770,769
3389,3389,3790,3790,3790,770,769
3390,3390,3791,3791,3791,770,769
3387,3390,3792,3791,3792,770,769
3388,3390,3793,3791,3793,770,769
3389,3390,3794,3791,3794,770,769
3390,3390,3795,3791,3795,770,769
3391,3391,3796,3796,3796,770,769
3392,3392,3797,3797,3797,770,769
3389,3392,3798,3797,3798,770,769
3390,3392,3799,3797,3799,770,769
3390,3392,3800,3797,3800,770,769
3389,3392,3801,3797,3801,770,769
3390,3392,3802,3797,3802,770,769
3391,3392,3803,3797,3803,770,769
3392,3392,3804,3797,3804,770,769
3393,3393,3805,3805,3805,770,769
3394,3394,3806,3806,3806,770,769
3391,3394,3807,3806,3807,770,768
3392,3394,3808,3806,3808,770,768
3393,3394,3809,3806,3809,770,768
3394,3394,3810,3806,3810,770,768
3395,3395,3811,3811,3811,770,768
3396,3396,3812,3812,3812,770,768
3394,3396,3813,3812,3813,770,768
3395,3396,3814,3812,3814,770,768
3396,3396,3815,3812,3815,770,768
3397,3397,3816,3816,3816,770,768
3398,3398,3817,3817,3817,770,768
3397,3398,3818,3817,3818,770,768
3394,3398,3819,3817,3819,770,768
3392,3398,3820,3817,3820,770,768
3391,3398,3821,3817,3821,770,768
3390,3398,3822,3817,3822,770,768
3391,3398,3823,3817,3823,770,768
3392,3398,3824,3817,3824,770,768
3393,3398,3825,3817,3825,770,768
3394,3398,3826,3817,3826,770,768
3390,3398,3827,3817,3827,770,768
3391,3398,3828,3817,3828,770,768
3390,3398,3829,3817,3829,770,767
3389,3398,3830,3817,3830,770,767
3390,3398,3831,3817,3831,770,767
3391,3398,3832,3817,3832,770,767
3392,3398,3833,3817,3833,770,767
3393,3398,3834,3817,3834,770,767
3394,3398,3835,3817,3835,770,767
3391,3398,3836,3817,3836,770,767
3392,3398,3837,3817,3837,770,767
3393,3398,3838,3817,3838,770,767
3394,3398,3839,3817,3839,770,767
3392,3398,3840,3817,3840,770,767
3393,3398,3841,3817,3841,770,767
3394,3398,3842,3817,3842,770,767
3395,3398,3843,3817,3843,770,767
3396,3398,3844,3817,3844,770,767
3397,3398,3845,3817,3845,770,767
3398,3398,3846,3817,3846,770,767
3399,3399,3847,3847,3847,770,767
3396,3399,3848,3847,3848,770,767
3397,3399,3849,3847,3849,770,767
3398,3399,3850,3847,3850,770,767
3399,3399,3851,3847,3851,770,767
3399,3399,3852,3847,3852,770,767
3400,3400,3853,3853,3853,770,767
3401,3401,3854,3854,3854,770,767
3400,3401,3855,3854,3855,770,767
3401,3401,3856,3854,3856,770,767
3402,3402,3857,3857,3857,770,767
3403,3403,3858,3858,3858,770,767
3404,3404,3859,3859,3859,770,767
3405,3405,3860,3860,3860,770,767
3406,3406,3861,3861,3861,770,767
3407,3407,3862,3862,3862,770,767
3406,3407,3863,3862,3863,770,767
3407,3407,3864,3862,3864,770,767
3408,3408,3865,3865,3865,770,767
3409,3409,3866,3866,3866,770,767
3405,3409,3867,3866,3867,770,767
3406,3409,3868,3866,3868,770,767
3407,3409,3869,3866,3869,770,767
3408,3409,3870,3866,3870,770,767
3409,3409,3871,3866,3871,770,767
3410,3410,3872,3872,3872,770,767
3408,3410,3873,3872,3873,770,767
3409,3410,3874,3872,3874,770,767
3410,3410,3875,3872,3875,770,767
3411,3411,3876,3876,3876,770,767
3412,3412,3877,3877,3877,770,767
3413,3413,3878,3878,3878,770,767
3411,3413,3879,3878,3879,770,766
3412,3413,3880,3878,3880,770,766
3409,3413,3881,3878,3881,770,766
3410,3413,3882,3878,3882,770,766
3412,3413,3883,3878,3883,770,767
3413,3413,3884,3878,3884,770,767
3412,3413,3885,3878,3885,770,767
3413,3413,3886,3878,3886,770,767
3414,3414,3887,3887,3887,770,767
3415,3415,3888,3888,3888,770,767
3415,3415,3889,3888,3889,770,767
3416,3416,3890,3890,3890,770,767
3417,3417,3891,3891,3891,770,767
3412,3417,3892,3891,3892,770,767
3413,3417,3893,3891,3893,770,767
3414,3417,3894,3891,3894,770,767
3415,3417,3895,3891,3895,770,767
3416,3417,3896,3891,3896,770,767
3417,3417,3897,3891,3897,770,767
3418,3418,3898,3898,3898,770,767
3417,3418,3899,3898,3899,770,767
3418,3418,3900,3898,3900,770,767
3416,3418,3901,3898,3901,770,767
3417,3418,3902,3898,3902,770,767
3418,3418,3903,3898,3903,770,767
3419,3419,3904,3904,3904,770,767
3420,3420,3905,3905,3905,770,767
3421,3421,3906,3906,3906,770,767
3422,3422,3907,3907,3907,770,767
3423,3423,3908,3908,3908,770,767
3424,3424,3909,3909,3909,770,767
3421,3424,3910,3909,3910,770,767
3420,3424,3911,3909,3911,770,767
3421,3424,3912,3909,3912,770,767
3422,3424,3913,3909,3913,770,767
3423,3424,3914,3909,3914,770,767
3424,3424,3915,3909,3915,770,767
3425,3425,3916,3916,3916,770,767
3426,3426,3917,3917,3917,770,767
3427,3427,3918,3918,3918,770,767
3428,3428,3919,3919,3919,770,767
3429,3429,3920,3920,3920,770,767
3430,3430,3921,3921,3921,770,767
3431,3431,3922,3922,3922,770,767
3432,3432,3923,3923,3923,770,767
3433,3433,3924,3924,3924,770,767
3431,3433,3925,3924,3925,770,767
3432,3433,3926,3924,3926,770,767
3433,3433,3927,3924,3927,770,767
3434,3434,3928,3928,3928,770,767
3430,3434,3929,3928,3929,770,767
3431,3434,3930,3928,3930,770,767
3431,3434,3931,3928,3931,770,767
3432,3434,3932,3928,3932,770,767
3433,3434,3933,3928,3933,770,767
3432,3434,3934,3928,3934,770,767
3433,3434,3935,3928,3935,770,767
3434,3434,3936,3928,3936,770,767
3435,3435,3937,3937,3937,770,767
3436,3436,3938,3938,3938,770,767
3437,3437,3939,3939,3939,770,767
3438,3438,3940,3940,3940,770,767
3439,3439,3941,3941,3941,770,767
3440,3440,3942,3942,3942,770,767
3438,3440,3943,3942,3943,770,767
3439,3440,3944,3942,3944,770,767
3440,3440,3945,3942,3945,770,767
3439,3440,3946,3942,3946,770,767
3437,3440,3947,3942,3947,770,767
3438,3440,3948,3942,3948,770,767
3439,3440,3949,3942,3949,770,767
3440,3440,3950,3942,3950,770,767
3439,3440,3951,3942,3951,770,766
3440,3440,3952,3942,3952,770,766
3441,3441,3953,3953,3953,770,766
3441,3441,3954,3953,3954,770,766
3441,3441,3955,3953,3955,770,766
3442,3442,3956,3956,3956,770,766
3443,3443,3957,3957,3957,770,766
3444,3444,3958,3958,3958,770,766
3444,3444,3959,3958,3959,770,766
3443,3444,3960,3958,3960,770,766
3444,3444,3961,3958,3961,770,766
3445,3445,3962,3962,3962,770,766
3446,3446,3963,3963,3963,770,766
3443,3446,3964,3963,3964,770,766
3441,3446,3965,3963,3965,770,766
3441,3446,3966,3963,3966,770,766
3442,3446,3967,3963,3967,770,766
3443,3446,3968,3963,3968,770,766
3443,3446,3969,3963,3969,770,766
3441,3446,3970,3963,3970,770,766
3442,3446,3971,3963,3971,770,766
3441,3446,3972,3963,3972,770,766
3440,3446,3973,3963,3973,770,766
3441,3446,3974,3963,3974,770,766
3442,3446,3975,3963,3975,770,766
3443,3446,3976,3963,3976,770,766
3442,3446,3977,3963,3977,770,766
3440,3446,3978,3963,3978,770,766
3441,3446,3979,3963,3979,770,766
3441,3446,3980,3963,3980,770,766
3439,3446,3981,3963,3981,770,766
3440,3446,3982,3963,3982,770,766
3441,3446,3983,3963,3983,770,766
3442,3446,3984,3963,3984,770,766
3443,3446,3985,3963,3985,770,766
3444,3446,3986,3963,3986,770,766
3445,3446,3987,3963,3987,770,766
3445,3446,3988,3963,3988,770,766
3446,3446,3989,3963,3989,770,766
3447,3447,3990,3990,3990,770,766
3448,3448,3991,3991,3991,770,766
3448,3448,3992,3991,3992,770,766
3446,3448,3993,3991,3993,770,766
3447,3448,3994,3991,3994,770,766
3447,3448,3995,3991,3995,770,766
3448,3448,3996,3991,3996,770,766
3448,3448,3997,3991,3997,770,766
3449,3449,3998,3998,3998,770,766
3450,3450,3999,3999,3999,770,766
3451,3451,4000,4000,4000,770,766
3452,3452,4001,4001,4001,770,766
3451,3452,4002,4001,4002,770,766
3451,3452,4003,4001,4003,770,766
3452,3452,4004,4001,4004,770,766
3453,3453,4005,4005,4005,770,766
3454,3454,4006,4006,4006,770,766
3454,3454,4007,4006,4007,770,766
3455,3455,4008,4008,4008,770,766
3456,3456,4009,4009,4009,770,766
3457,3457,4010,4010,4010,770,766
3458,3458,4011,4011,4011,770,766
3455,3458,4012,4011,4012,770,766
3453,3458,4013,4011,4013,770,766
3454,3458,4014,4011,4014,770,766
3455,3458,4015,4011,4015,770,766
3455,3458,4016,4011,4016,770,766
3456,3458,4017,4011,4017,770,766
3457,3458,4018,4011,4018,770,766
3453,3458,4019,4011,4019,770,766
3453,3458,4020,4011,4020,770,766
3454,3458,4021,4011,4021,770,766
3455,3458,4022,4011,4022,770,766
3456,3458,4023,4011,4023,770,766
3457,3458,4024,4011,4024,770,766
3458,3458,4025,4011,4025,770,766
3459,3459,4026,4026,4026,770,766
3457,3459,4027,4026,4027,770,766
3457,3459,4028,4026,4028,770,766
3458,3459,4029,4026,4029,770,766
3459,3459,4030,4026,4030,770,766
3459,3459,4031,4026,4031,770,766
3460,3460,4032,4032,4032,770,766
3461,3461,4033,4033,4033,770,766
3459,3461,4034,4033,4034,770,766
3460,3461,4035,4033,4035,770,766
3457,3461,4036,4033,4036,770,766
3458,3461,4037,4033,4037,770,766
3454,3461,4038,4033,4038,770,766
3452,3461,4039,4033,4039,770,766
3451,3461,4040,4033,4040,770,766
3452,3461,4041,4033,4041,770,766
3453,3461,4042,4033,4042,770,766
3454,3461,4043,4033,4043,770,766
3454,3461,4044,4033,4044,770,766
3455,3461,4045,4033,4045,770,766
3456,3461,4046,4033,4046,770,766
3457,3461,4047,4033,4047,770,766
3458,3461,4048,4033,4048,770,766
3457,3461,4049,4033,4049,770,766
3458,3461,4050,4033,4050,770,766
3459,3461,4051,4033,4051,770,766
3460,3461,4052,4033,4052,770,766
3461,3461,4053,4033,4053,770,766
3462,3462,4054,4054,4054,770,766
3460,3462,4055,4054,4055,770,766
3460,3462,4056,4054,4056,770,766
3461,3462,4057,4054,4057,770,766
3461,3462,4058,4054,4058,770,766
3457,3462,4059,4054,4059,770,766
3455,3462,4060,4054,4060,770,766
3456,3462,4061,4054,4061,770,766
3457,3462,4062,4054,4062,770,766
3458,3462,4063,4054,4063,770,766
3459,3462,4064,4054,4064,770,766
3461,3462,4065,4054,4065,770,767
3462,3462,4066,4054,4066,770,767
3463,3463,4067,4067,4067,770,767
3462,3463,4068,4067,4068,770,767
3463,3463,4069,4067,4069,770,767
3464,3464,4070,4070,4070,770,767
3465,3465,4071,4071,4071,770,767
3464,3465,4072,4071,4072,770,767
3465,3465,4073,4071,4073,770,767
3466,3466,4074,4074,4074,770,767
3467,3467,4075,4075,4075,770,767
3468,3468,4076,4076,4076,770,767
3469,3469,4077,4077,4077,770,767
3470,3470,4078,4078,4078,770,767
3467,3470,4079,4078,4079,770,767
3468,3470,4080,4078,4080,770,767
3469,3470,4081,4078,4081,770,767
3470,3470,4082,4078,4082,770,767
3468,3470,4083,4078,4083,770,767
3469,3470,4084,4078,4084,770,767
3470,3470,4085,4078,4085,770,767
3471,3471,4086,4086,4086,770,767
3472,3472,4087,4087,4087,770,767
3469,3472,4088,4087,4088,770,767
3467,3472,4089,4087,4089,770,767
3468,3472,4090,4087,4090,770,767
3469,3472,4091,4087,4091,770,767
3467,3472,4092,4087,4092,770,767
3465,3472,4093,4087,4093,770,767
3466,3472,4094,4087,4094,770,767
3467,3472,4095,4087,4095,770,767
3468,3472,4096,4087,4096,770,767
3469,3472,4097,4087,4097,770,767
3469,3472,4098,4087,4098,770,767
3470,3472,4099,4087,4099,770,767
3466,3472,4100,4087,4100,770,767
3464,3472,4101,4087,4101,770,767
3465,3472,4102,4087,4102,770,767
3465,3472,4103,4087,4103,770,767
3466,3472,4104,4087,4104,770,767
3467,3472,4105,4087,4105,770,767
3468,3472,4106,4087,4106,770,767
3467,3472,4107,4087,4107,770,767
3467,3472,4108,4087,4108,770,767
3468,3472,4109,4087,4109,770,767
3469,3472,4110,4087,4110,770,767
3470,3472,4111,4087,4111,770,767
3468,3472,4112,4087,4112,770,767
3468,3472,4113,4087,4113,770,767
3469,3472,4114,4087,4114,770,767
3470,3472,4115,4087,4115,770,767
3467,3472,4116,4087,4116,770,766
3465,3472,4117,4087,4117,770,766
3466,3472,4118,4087,4118,770,766
3467,3472,4119,4087,4119,770,766
3468,3472,4120,4087,4120,770,766
3466,3472,4121,4087,4121,770,766
3464,3472,4122,4087,4122,770,766
3461,3472,4123,4087,4123,770,766
3462,3472,4124,4087,4124,770,766
3463,3472,4125,4087,4125,770,766
3461,3472,4126,4087,4126,770,765
3462,3472,4127,4087,4127,770,765
3463,3472,4128,4087,4128,770,765
3464,3472,4129,4087,4129,770,765
3465,3472,4130,4087,4130,770,765
3466,3472,4131,4087,4131,770,765
3467,3472,4132,4087,4132,770,765
3468,3472,4133,4087,4133,770,765
3469,3472,4134,4087,4134,770,765
3468,3472,4135,4087,4135,770,765
3467,3472,4136,4087,4136,770,765
3468,3472,4137,4087,4137,770,765
3468,3472,4138,4087,4138,770,765
3468,3472,4139,4087,4139,770,765
3466,3472,4140,4087,4140,770,765
3467,3472,4141,4087,4141,770,765
3468,3472,4142,4087,4142,770,765
3469,3472,4143,4087,4143,770,765
3467,3472,4144,4087,4144,770,764
3468,3472,4145,4087,4145,770,764
3469,3472,4146,4087,4146,770,764
3470,3472,4147,4087,4147,770,764
3468,3472,4148,4087,4148,770,764
3469,3472,4149,4087,4149,770,764
3470,3472,4150,4087,4150,770,764
3471,3472,4151,4087,4151,770,764
3472,3472,4152,4087,4152,770,764
3473,3473,4153,4153,4153,770,764
3474,3474,4154,4154,4154,770,764
3471,3474,4155,4154,4155,770,763
3472,3474,4156,4154,4156,770,763
3469,3474,4157,4154,4157,770,763
3470,3474,4158,4154,4158,770,763
3471,3474,4159,4154,4159,770,763
3472,3474,4160,4154,4160,770,763
3473,3474,4161,4154,4161,770,763
3474,3474,4162,4154,4162,770,763
3475,3475,4163,4163,4163,770,763
3476,3476,4164,4164,4164,770,763
3474,3476,4165,4164,4165,770,763
3475,3476,4166,4164,4166,770,763
3473,3476,4167,4164,4167,770,763
3474,3476,4168,4164,4168,770,763
3475,3476,4169,4164,4169,770,763
3476,3476,4170,4164,4170,770,763
3477,3477,4171,4171,4171,770,763
3475,3477,4172,4171,4172,770,763
3476,3477,4173,4171,4173,770,763
3476,3477,4174,4171,4174,770,763
3473,3477,4175,4171,4175,770,763
3474,3477,4176,4171,4176,770,763
3475,3477,4177,4171,4177,770,763
3474,3477,4178,4171,4178,770,763
3475,3477,4179,4171,4179,770,763
3476,3477,4180,4171,4180,770,763
3477,3477,4181,4171,4181,770,763
3476,3477,4182,4171,4182,770,762
3475,3477,4183,4171,4183,770,762
3476,3477,4184,4171,4184,770,762
3472,3477,4185,4171,4185,770,762
3473,3477,4186,4171,4186,770,762
3474,3477,4187,4171,4187,770,762
3475,3477,4188,4171,4188,770,762
3476,3477,4189,4171,4189,770,762
3477,3477,4190,4171,4190,770,762
3476,3477,4191,4171,4191,770,762
3472,3477,4192,4171,4192,770,762
3473,3477,4193,4171,4193,770,762
3474,3477,4194,4171,4194,770,762
3473,3477,4195,4171,4195,770,762
3474,3477,4196,4171,4196,770,762
3474,3477,4197,4171,4197,770,762
3475,3477,4198,4171,4198,770,762
3476,3477,4199,4171,4199,770,762
3477,3477,4200,4171,4200,770,762
3478,3478,4201,4201,4201,770,762
3479,3479,4202,4202,4202,770,762
3477,3479,4203,4202,4203,770,762
3478,3479,4204,4202,4204,770,762
3479,3479,4205,4202,4205,770,762
3480,3480,4206,4206,4206,770,762
3481,3481,4207,4207,4207,770,762
3482,3482,4208,4208,4208,770,762
3483,3483,4209,4209,4209,770,762
3484,3484,4210,4210,4210,770,762
3483,3484,4211,4210,4211,770,762
3484,3484,4212,4210,4212,770,762
3484,3484,4213,4210,4213,770,762
3485,3485,4214,4214,4214,770,762
3486,3486,4215,4215,4215,770,762
3487,3487,4216,4216,4216,770,762
3486,3487,4217,4216,4217,770,762
3487,3487,4218,4216,4218,770,762
3488,3488,4219,4219,4219,770,762
3489,3489,4220,4220,4220,770,762
3490,3490,4221,4221,4221,770,762
3489,3490,4222,4221,4222,770,762
3490,3490,4223,4221,4223,770,762
3491,3491,4224,4224,4224,770,762
3490,3491,4225,4224,4225,770,762
3491,3491,4226,4224,4226,770,762
3489,3491,4227,4224,4227,770,762
3490,3491,4228,4224,4228,770,762
3489,3491,4229,4224,4229,770,762
3490,3491,4230,4224,4230,770,762
3491,3491,4231,4224,4231,770,762
3492,3492,4232,4232,4232,770,762
3493,3493,4233,4233,4233,770,762
3494,3494,4234,4234,4234,770,762
3495,3495,4235,4235,4235,770,762
3496,3496,4236,4236,4236,770,762
3497,3497,4237,4237,4237,770,762
3493,3497,4238,4237,4238,770,761
3492,3497,4239,4237,4239,770,761
3493,3497,4240,4237,4240,770,761
3492,3497,4241,4237,4241,770,761
3489,3497,4242,4237,4242,770,761
3490,3497,4243,4237,4243,770,761
3487,3497,4244,4237,4244,770,761
3484,3497,4245,4237,4245,770,761
3483,3497,4246,4237,4246,770,761
3484,3497,4247,4237,4247,770,761
3485,3497,4248,4237,4248,770,761
3486,3497,4249,4237,4249,770,761
3487,3497,4250,4237,4250,770,761
3488,3497,4251,4237,4251,770,761
3489,3497,4252,4237,4252,770,761
3490,3497,4253,4237,4253,770,761
3491,3497,4254,4237,4254,770,761
3491,3497,4255,4237,4255,770,761
3489,3497,4256,4237,4256,770,760
3489,3497,4257,4237,4257,770,760
3490,3497,4258,4237,4258,770,760
3489,3497,4259,4237,4259,770,760
3490,3497,4260,4237,4260,770,760
3491,3497,4261,4237,4261,770,760
3492,3497,4262,4237,4262,770,760
3493,3497,4263,4237,4263,770,760
3493,3497,4264,4237,4264,770,760
3494,3497,4265,4237,4265,770,760
3492,3497,4266,4237,4266,770,760
3493,3497,4267,4237,4267,770,760
3494,3497,4268,4237,4268,770,760
3495,3497,4269,4237,4269,770,760
3493,3497,4270,4237,4270,770,760
3494,3497,4271,4237,4271,770,760
3495,3497,4272,4237,4272,770,760
3492,3497,4273,4237,4273,770,760
3493,3497,4274,4237,4274,770,760
3494,3497,4275,4237,4275,770,760
3494,3497,4276,4237,4276,770,760
3495,3497,4277,4237,4277,770,760
3492,3497,4278,4237,4278,770,760
3492,3497,4279,4237,4279,770,760
3491,3497,4280,4237,4280,770,760
3492,3497,4281,4237,4281,770,760
3494,3497,4282,4237,4282,770,761
3494,3497,4283,4237,4283,770,761
3494,3497,4284,4237,4284,770,761
3494,3497,4285,4237,4285,770,761
3490,3497,4286,4237,4286,770,760
3491,3497,4287,4237,4287,770,760
3488,3497,4288,4237,4288,770,760
3487,3497,4289,4237,4289,770,760
3488,3497,4290,4237,4290,770,760
3485,3497,4291,4237,4291,770,760
3484,3497,4292,4237,4292,770,760
3485,3497,4293,4237,4293,770,760
3486,3497,4294,4237,4294,770,760
3487,3497,4295,4237,4295,770,760
3487,3497,4296,4237,4296,770,760
3486,3497,4297,4237,4297,770,760
3486,3497,4298,4237,4298,770,760
3482,3497,4299,4237,4299,770,760
3483,3497,4300,4237,4300,770,760
3481,3497,4301,4237,4301,770,760
3482,3497,4302,4237,4302,770,760
3478,3497,4303,4237,4303,770,760
3479,3497,4304,4237,4304,770,760
3480,3497,4305,4237,4305,770,760
3481,3497,4306,4237,4306,770,760
3477,3497,4307,4237,4307,770,760
3478,3497,4308,4237,4308,770,760
3477,3497,4309,4237,4309,770,760
3478,3497,4310,4237,4310,770,760
3474,3497,4311,4237,4311,770,759
3475,3497,4312,4237,4312,770,759
3476,3497,4313,4237,4313,770,759
3477,3497,4314,4237,4314,770,759
3478,3497,4315,4237,4315,770,759
3479,3497,4316,4237,4316,770,759
3480,3497,4317,4237,4317,770,759
3481,3497,4318,4237,4318,770,759
3482,3497,4319,4237,4319,770,759
3483,3497,4320,4237,4320,770,759
3482,3497,4321,4237,4321,770,759
3479,3497,4322,4237,4322,770,759
3478,3497,4323,4237,4323,770,759
3476,3497,4324,4237,4324,770,759
3474,3497,4325,4237,4325,770,759
3475,3497,4326,4237,4326,770,759
3476,3497,4327,4237,4327,770,759
3478,3497,4328,4237,4328,770,760
3477,3497,4329,4237,4329,770,760
3478,3497,4330,4237,4330,770,760
3479,3497,4331,4237,4331,770,760
3480,3497,4332,4237,4332,770,760
3481,3497,4333,4237,4333,770,760
3482,3497,4334,4237,4334,770,760
3480,3497,4335,4237,4335,770,760
3481,3497,4336,4237,4336,770,760
3479,3497,4337,4237,4337,770,760
3480,3497,4338,4237,4338,770,760
3480,3497,4339,4237,4339,770,760
3481,3497,4340,4237,4340,770,760
3482,3497,4341,4237,4341,770,760
3481,3497,4342,4237,4342,770,760
3482,3497,4343,4237,4343,770,760
3480,3497,4344,4237,4344,770,760
3481,3497,4345,4237,4345,770,760
3482,3497,4346,4237,4346,770,760
3483,3497,4347,4237,4347,770,760
3484,3497,4348,4237,4348,770,760
3486,3497,4349,4237,4349,770,761
3484,3497,4350,4237,4350,770,761
3485,3497,4351,4237,4351,770,761
3486,3497,4352,4237,4352,770,761
3484,3497,4353,4237,4353,770,761
3485,3497,4354,4237,4354,770,761
3484,3497,4355,4237,4355,770,761
3485,3497,4356,4237,4356,770,761
3483,3497,4357,4237,4357,770,761
3484,3497,4358,4237,4358,770,761
3485,3497,4359,4237,4359,770,761
3484,3497,4360,4237,4360,770,760
3485,3497,4361,4237,4361,770,760
3486,3497,4362,4237,4362,770,760
3487,3497,4363,4237,4363,770,760
3488,3497,4364,4237,4364,770,760
3489,3497,4365,4237,4365,770,760
3488,3497,4366,4237,4366,770,760
3489,3497,4367,4237,4367,770,760
3490,3497,4368,4237,4368,770,760
3491,3497,4369,4237,4369,770,760
3492,3497,4370,4237,4370,770,760
3492,3497,4371,4237,4371,770,760
3490,3497,4372,4237,4372,770,759
3491,3497,4373,4237,4373,770,759
3492,3497,4374,4237,4374,770,759
3489,3497,4375,4237,4375,770,759
3490,3497,4376,4237,4376,770,759
3491,3497,4377,4237,4377,770,759
3488,3497,4378,4237,4378,770,759
3489,3497,4379,4237,4379,770,759
3490,3497,4380,4237,4380,770,759
3491,3497,4381,4237,4381,770,759
3492,3497,4382,4237,4382,770,759
3491,3497,4383,4237,4383,770,759
3490,3497,4384,4237,4384,770,759
3490,3497,4385,4237,4385,770,759
3491,3497,4386,4237,4386,770,759
3492,3497,4387,4237,4387,770,759
3490,3497,4388,4237,4388,770,759
3491,3497,4389,4237,4389,770,759
3488,3497,4390,4237,4390,770,758
3489,3497,4391,4237,4391,770,758
3490,3497,4392,4237,4392,770,758
3488,3497,4393,4237,4393,770,758
3487,3497,4394,4237,4394,770,758
3486,3497,4395,4237,4395,770,758
3484,3497,4396,4237,4396,770,758
3485,3497,4397,4237,4397,770,758
3486,3497,4398,4237,4398,770,758
3487,3497,4399,4237,4399,770,758
3488,3497,4400,4237,4400,770,758
3489,3497,4401,4237,4401,770,758
3487,3497,4402,4237,4402,770,758
3488,3497,4403,4237,4403,770,758
3489,3497,4404,4237,4404,770,758
3486,3497,4405,4237,4405,770,757
3487,3497,4406,4237,4406,770,757
3486,3497,4407,4237,4407,770,757
3487,3497,4408,4237,4408,770,757
3488,3497,4409,4237,4409,770,757
3489,3497,4410,4237,4410,770,757
3489,3497,4411,4237,4411,770,757
3490,3497,4412,4237,4412,770,757
3490,3497,4413,4237,4413,770,757
3491,3497,4414,4237,4414,770,757
3489,3497,4415,4237,4415,770,757
3489,3497,4416,4237,4416,770,757
3490,3497,4417,4237,4417,770,757
3490,3497,4418,4237,4418,770,757
3491,3497,4419,4237,4419,770,757
3492,3497,4420,4237,4420,770,757
3493,3497,4421,4237,4421,770,757
3494,3497,4422,4237,4422,770,757
3493,3497,4423,4237,4423,770,757
3491,3497,4424,4237,4424,770,757
3489,3497,4425,4237,4425,770,757
3488,3497,4426,4237,4426,770,757
3485,3497,4427,4237,4427,770,756
3486,3497,4428,4237,4428,770,756
3487,3497,4429,4237,4429,770,756
3488,3497,4430,4237,4430,770,756
3485,3497,4431,4237,4431,770,756
3485,3497,4432,4237,4432,770,756
3484,3497,4433,4237,4433,770,755
3485,3497,4434,4237,4434,770,755
3486,3497,4435,4237,4435,770,755
3487,3497,4436,4237,4436,770,755
3488,3497,4437,4237,4437,770,755
3489,3497,4438,4237,4438,770,755
3490,3497,4439,4237,4439,770,755
3491,3497,4440,4237,4440,770,755
3491,3497,4441,4237,4441,770,755
3492,3497,4442,4237,4442,770,755
3493,3497,4443,4237,4443,770,755
3494,3497,4444,4237,4444,770,755
3494,3497,4445,4237,4445,770,755
3493,3497,4446,4237,4446,770,755
3491,3497,4447,4237,4447,770,755
3492,3497,4448,4237,4448,770,755
3493,3497,4449,4237,4449,770,755
3490,3497,4450,4237,4450,770,755
3486,3497,4451,4237,4451,770,755
3486,3497,4452,4237,4452,770,755
3487,3497,4453,4237,4453,770,755
3486,3497,4454,4237,4454,770,755
3487,3497,4455,4237,4455,770,755
3488,3497,4456,4237,4456,770,755
3489,3497,4457,4237,4457,770,755
3490,3497,4458,4237,4458,770,755
3491,3497,4459,4237,4459,770,755
3490,3497,4460,4237,4460,770,755
3491,3497,4461,4237,4461,770,755
3492,3497,4462,4237,4462,770,755
3490,3497,4463,4237,4463,770,755
3491,3497,4464,4237,4464,770,755
3492,3497,4465,4237,4465,770,755
3489,3497,4466,4237,4466,770,754
3489,3497,4467,4237,4467,770,754
3490,3497,4468,4237,4468,770,754
3491,3497,4469,4237,4469,770,754
3489,3497,4470,4237,4470,770,754
3490,3497,4471,4237,4471,770,754
3491,3497,4472,4237,4472,770,754
3491,3497,4473,4237,4473,770,754
3492,3497,4474,4237,4474,770,754
3493,3497,4475,4237,4475,770,754
3493,3497,4476,4237,4476,770,754
3494,3497,4477,4237,4477,770,754
3495,3497,4478,4237,4478,770,754
3496,3497,4479,4237,4479,770,754
3497,3497,4480,4237,4480,770,754
3498,3498,4481,4481,4481,770,754
3499,3499,4482,4482,4482,770,754
3498,3499,4483,4482,4483,770,754
3499,3499,4484,4482,4484,770,754
3494,3499,4485,4482,4485,770,754
3495,3499,4486,4482,4486,770,754
3493,3499,4487,4482,4487,770,754
3489,3499,4488,4482,4488,770,754
3490,3499,4489,4482,4489,770,754
3491,3499,4490,4482,4490,770,754
3492,3499,4491,4482,4491,770,754
3493,3499,4492,4482,4492,770,754
3494,3499,4493,4482,4493,770,754
3495,3499,4494,4482,4494,770,754
3496,3499,4495,4482,4495,770,754
3497,3499,4496,4482,4496,770,754
3498,3499,4497,4482,4497,770,754
3497,3499,4498,4482,4498,770,753
3498,3499,4499,4482,4499,770,753
3496,3499,4500,4482,4500,770,753
3497,3499,4501,4482,4501,770,753
3498,3499,4502,4482,4502,770,753
3499,3499,4503,4482,4503,770,753
3500,3500,4504,4504,4504,770,753
3501,3501,4505,4505,4505,770,753
3502,3502,4506,4506,4506,770,753
3502,3502,4507,4506,4507,770,753
3501,3502,4508,4506,4508,770,753
3497,3502,4509,4506,4509,770,753
3498,3502,4510,4506,4510,770,753
3497,3502,4511,4506,4511,770,752
3498,3502,4512,4506,4512,770,752
3499,3502,4513,4506,4513,770,752
3499,3502,4514,4506,4514,770,752
3500,3502,4515,4506,4515,770,752
3499,3502,4516,4506,4516,770,752
3500,3502,4517,4506,4517,770,752
3500,3502,4518,4506,4518,770,752
3501,3502,4519,4506,4519,770,752
3502,3502,4520,4506,4520,770,752
3501,3502,4521,4506,4521,770,752
3499,3502,4522,4506,4522,770,752
3500,3502,4523,4506,4523,770,752
3501,3502,4524,4506,4524,770,752
3502,3502,4525,4506,4525,770,752
3503,3503,4526,4526,4526,770,752
3500,3503,4527,4526,4527,770,752
3499,3503,4528,4526,4528,770,752
3500,3503,4529,4526,4529,770,752
3501,3503,4530,4526,4530,770,752
3502,3503,4531,4526,4531,770,752
3503,3503,4532,4526,4532,770,752
3500,3503,4533,4526,4533,770,752
3501,3503,4534,4526,4534,770,752
3500,3503,4535,4526,4535,770,752
3501,3503,4536,4526,4536,770,752
3502,3503,4537,4526,4537,770,752
3500,3503,4538,4526,4538,770,752
3501,3503,4539,4526,4539,770,752
3502,3503,4540,4526,4540,770,752
3503,3503,4541,4526,4541,770,752
3499,3503,4542,4526,4542,770,752
3500,3503,4543,4526,4543,770,752
3499,3503,4544,4526,4544,770,752
3500,3503,4545,4526,4545,770,752
3501,3503,4546,4526,4546,770,752
3502,3503,4547,4526,4547,770,752
3503,3503,4548,4526,4548,770,752
3504,3504,4549,4549,4549,770,752
3503,3504,4550,4549,4550,770,752
3504,3504,4551,4549,4551,770,752
3502,3504,4552,4549,4552,770,752
3501,3504,4553,4549,4553,770,752
3502,3504,4554,4549,4554,770,752
3502,3504,4555,4549,4555,770,752
3503,3504,4556,4549,4556,770,752
3504,3504,4557,4549,4557,770,752
3500,3504,4558,4549,4558,770,751
3497,3504,4559,4549,4559,770,751
3495,3504,4560,4549,4560,770,751
3496,3504,4561,4549,4561,770,751
3497,3504,4562,4549,4562,770,751
3496,3504,4563,4549,4563,770,751
3497,3504,4564,4549,4564,770,751
3497,3504,4565,4549,4565,770,751
3498,3504,4566,4549,4566,770,751
3499,3504,4567,4549,4567,770,751
3500,3504,4568,4549,4568,770,751
3501,3504,4569,4549,4569,770,751
3500,3504,4570,4549,4570,770,750
3497,3504,4571,4549,4571,770,749
3498,3504,4572,4549,4572,770,749
3497,3504,4573,4549,4573,770,749
3495,3504,4574,4549,4574,770,748
3496,3504,4575,4549,4575,770,748
3497,3504,4576,4549,4576,770,748
3498,3504,4577,4549,4577,770,748
3496,3504,4578,4549,4578,770,748
3493,3504,4579,4549,4579,770,748
3493,3504,4580,4549,4580,770,748
3493,3504,4581,4549,4581,770,748
3494,3504,4582,4549,4582,770,748
3495,3504,4583,4549,4583,770,748
3496,3504,4584,4549,4584,770,748
3493,3504,4585,4549,4585,770,746
3494,3504,4586,4549,4586,770,746
3495,3504,4587,4549,4587,770,746
3491,3504,4588,4549,4588,770,746
3492,3504,4589,4549,4589,770,746
3493,3504,4590,4549,4590,770,746
3494,3504,4591,4549,4591,770,746
3495,3504,4592,4549,4592,770,746
3496,3504,4593,4549,4593,770,746
3493,3504,4594,4549,4594,770,746
3494,3504,4595,4549,4595,770,746
3493,3504,4596,4549,4596,770,746
3494,3504,4597,4549,4597,770,746
3495,3504,4598,4549,4598,770,746
3496,3504,4599,4549,4599,770,746
3494,3504,4600,4549,4600,770,746
3495,3504,4601,4549,4601,770,746
3496,3504,4602,4549,4602,770,746
3497,3504,4603,4549,4603,770,746
3498,3504,4604,4549,4604,770,746
3497,3504,4605,4549,4605,770,746
3498,3504,4606,4549,4606,770,746
3499,3504,4607,4549,4607,770,746
3500,3504,4608,4549,4608,770,746
3501,3504,4609,4549,4609,770,746
3502,3504,4610,4549,4610,770,746
3502,3504,4611,4549,4611,770,746
3503,3504,4612,4549,4612,770,746
3503,3504,4613,4549,4613,770,746
3504,3504,4614,4549,4614,770,746
3500,3504,4615,4549,4615,770,745
3501,3504,4616,4549,4616,770,745
3499,3504,4617,4549,4617,770,745
3500,3504,4618,4549,4618,770,745
3500,3504,4619,4549,4619,770,745
3501,3504,4620,4549,4620,770,745
3502,3504,4621,4549,4621,770,745
3503,3504,4622,4549,4622,770,745
3500,3504,4623,4549,4623,770,745
3501,3504,4624,4549,4624,770,745
3499,3504,4625,4549,4625,770,745
3498,3504,4626,4549,4626,770,745
3498,3504,4627,4549,4627,770,745
3499,3504,4628,4549,4628,770,745
3500,3504,4629,4549,4629,770,745
3501,3504,4630,4549,4630,770,745
3501,3504,4631,4549,4631,770,745
3500,3504,4632,4549,4632,770,745
3500,3504,4633,4549,4633,770,745
3501,3504,4634,4549,4634,770,745
3500,3504,4635,4549,4635,770,745
3501,3504,4636,4549,4636,770,745
3498,3504,4637,4549,4637,770,745
3499,3504,4638,4549,4638,770,745
3500,3504,4639,4549,4639,770,745
3501,3504,4640,4549,4640,770,745
3502,3504,4641,4549,4641,770,745
3500,3504,4642,4549,4642,770,745
3501,3504,4643,4549,4643,770,745
3502,3504,4644,4549,4644,770,745
3499,3504,4645,4549,4645,770,745
3500,3504,4646,4549,4646,770,745
3499,3504,4647,4549,4647,770,744
3500,3504,4648,4549,4648,770,744
3501,3504,4649,4549,4649,770,744
3502,3504,4650,4549,4650,770,744
3501,3504,4651,4549,4651,770,744
3502,3504,4652,4549,4652,770,744
3503,3504,4653,4549,4653,770,744
3504,3504,4654,4549,4654,770,744
3502,3504,4655,4549,4655,770,744
3503,3504,4656,4549,4656,770,744
3501,3504,4657,4549,4657,770,744
3499,3504,4658,4549,4658,770,744
3499,3504,4659,4549,4659,770,744
3500,3504,4660,4549,4660,770,744
3500,3504,4661,4549,4661,770,744
3501,3504,4662,4549,4662,770,744
3502,3504,4663,4549,4663,770,744
3500,3504,4664,4549,4664,770,744
3501,3504,4665,4549,4665,770,744
3502,3504,4666,4549,4666,770,744
3502,3504,4667,4549,4667,770,744
3503,3504,4668,4549,4668,770,744
3504,3504,4669,4549,4669,770,744
3503,3504,4670,4549,4670,770,744
3504,3504,4671,4549,4671,770,744
3501,3504,4672,4549,4672,770,743
3498,3504,4673,4549,4673,770,743
3496,3504,4674,4549,4674,770,742
3493,3504,4675,4549,4675,770,741
3494,3504,4676,4549,4676,770,741
3491,3504,4677,4549,4677,770,741
3488,3504,4678,4549,4678,770,741
3487,3504,4679,4549,4679,770,741
3488,3504,4680,4549,4680,770,741
3489,3504,4681,4549,4681,770,741
3489,3504,4682,4549,4682,770,741
3487,3504,4683,4549,4683,770,741
3486,3504,4684,4549,4684,770,741
3485,3504,4685,4549,4685,770,741
3485,3504,4686,4549,4686,770,741
3485,3504,4687,4549,4687,770,741
3486,3504,4688,4549,4688,770,741
3487,3504,4689,4549,4689,770,741
3488,3504,4690,4549,4690,770,741
3488,3504,4691,4549,4691,770,741
3489,3504,4692,4549,4692,770,741
3490,3504,4693,4549,4693,770,741
3491,3504,4694,4549,4694,770,741
3492,3504,4695,4549,4695,770,741
3492,3504,4696,4549,4696,770,741
3487,3504,4697,4549,4697,770,741
3486,3504,4698,4549,4698,770,741
3486,3504,4699,4549,4699,770,741
3487,3504,4700,4549,4700,770,741
3488,3504,4701,4549,4701,770,741
3489,3504,4702,4549,4702,770,741
3489,3504,4703,4549,4703,770,741
3490,3504,4704,4549,4704,770,741
3491,3504,4705,4549,4705,770,741
3489,3504,4706,4549,4706,770,740
3488,3504,4707,4549,4707,770,740
3488,3504,4708,4549,4708,770,740
3489,3504,4709,4549,4709,770,740
3490,3504,4710,4549,4710,770,740
3491,3504,4711,4549,4711,770,740
3492,3504,4712,4549,4712,770,740
3492,3504,4713,4549,4713,770,740
3493,3504,4714,4549,4714,770,740
3494,3504,4715,4549,4715,770,740
3495,3504,4716,4549,4716,770,740
3496,3504,4717,4549,4717,770,740
3495,3504,4718,4549,4718,770,740
3493,3504,4719,4549,4719,770,740
3493,3504,4720,4549,4720,770,740
3494,3504,4721,4549,4721,770,740
3488,3504,4722,4549,4722,770,740
3489,3504,4723,4549,4723,770,740
3490,3504,4724,4549,4724,770,740
3491,3504,4725,4549,4725,770,740
3491,3504,4726,4549,4726,770,740
3492,3504,4727,4549,4727,770,740
3493,3504,4728,4549,4728,770,740
3492,3504,4729,4549,4729,770,740
3489,3504,4730,4549,4730,770,739
3490,3504,4731,4549,4731,770,739
3491,3504,4732,4549,4732,770,739
3491,3504,4733,4549,4733,770,739
3492,3504,4734,4549,4734,770,739
3493,3504,4735,4549,4735,770,739
3491,3504,4736,4549,4736,770,739
3488,3504,4737,4549,4737,770,738
3487,3504,4738,4549,4738,770,738
3488,3504,4739,4549,4739,770,738
3486,3504,4740,4549,4740,770,738
3486,3504,4741,4549,4741,770,738
3487,3504,4742,4549,4742,770,738
3488,3504,4743,4549,4743,770,738
3486,3504,4744,4549,4744,770,738
3487,3504,4745,4549,4745,770,738
3488,3504,4746,4549,4746,770,738
3489,3504,4747,4549,4747,770,738
3490,3504,4748,4549,4748,770,738
3491,3504,4749,4549,4749,770,738
3490,3504,4750,4549,4750,770,738
3491,3504,4751,4549,4751,770,738
3492,3504,4752,4549,4752,770,738
3489,3504,4753,4549,4753,770,738
3490,3504,4754,4549,4754,770,738
3488,3504,4755,4549,4755,770,738
3489,3504,4756,4549,4756,770,738
3490,3504,4757,4549,4757,770,738
3491,3504,4758,4549,4758,770,738
3492,3504,4759,4549,4759,770,738
3493,3504,4760,4549,4760,770,738
3494,3504,4761,4549,4761,770,738
3495,3504,4762,4549,4762,770,738
3496,3504,4763,4549,4763,770,738
3497,3504,4764,4549,4764,770,738
3492,3504,4765,4549,4765,770,738
3492,3504,4766,4549,4766,770,738
3491,3504,4767,4549,4767,770,738
3492,3504,4768,4549,4768,770,738
3493,3504,4769,4549,4769,770,738
3489,3504,4770,4549,4770,770,737
3487,3504,4771,4549,4771,770,737
3486,3504,4772,4549,4772,770,737
3487,3504,4773,4549,4773,770,737
3488,3504,4774,4549,4774,770,737
3485,3504,4775,4549,4775,770,737
3486,3504,4776,4549,4776,770,737
3484,3504,4777,4549,4777,770,737
3485,3504,4778,4549,4778,770,737
3486,3504,4779,4549,4779,770,737
3484,3504,4780,4549,4780,770,737
3481,3504,4781,4549,4781,770,737
3482,3504,4782,4549,4782,770,737
3480,3504,4783,4549,4783,770,737
3479,3504,4784,4549,4784,770,737
3480,3504,4785,4549,4785,770,737
3481,3504,4786,4549,4786,770,737
3480,3504,4787,4549,4787,770,736
3479,3504,4788,4549,4788,770,736
3480,3504,4789,4549,4789,770,736
3481,3504,4790,4549,4790,770,736
3481,3504,4791,4549,4791,770,736
3481,3504,4792,4549,4792,770,736
3482,3504,4793,4549,4793,770,736
3481,3504,4794,4549,4794,770,736
3482,3504,4795,4549,4795,770,736
3478,3504,4796,4549,4796,770,736
3479,3504,4797,4549,4797,770,736
3478,3504,4798,4549,4798,770,736
3479,3504,4799,4549,4799,770,736
3480,3504,4800,4549,4800,770,736
3481,3504,4801,4549,4801,770,736
3480,3504,4802,4549,4802,770,736
3481,3504,4803,4549,4803,770,736
3482,3504,4804,4549,4804,770,736
3483,3504,4805,4549,4805,770,736
3482,3504,4806,4549,4806,770,736
3480,3504,4807,4549,4807,770,736
3481,3504,4808,4549,4808,770,736
3482,3504,4809,4549,4809,770,736
3481,3504,4810,4549,4810,770,736
3481,3504,4811,4549,4811,770,736
3482,3504,4812,4549,4812,770,736
3480,3504,4813,4549,4813,770,736
3481,3504,4814,4549,4814,770,736
3482,3504,4815,4549,4815,770,736
3483,3504,4816,4549,4816,770,736
3484,3504,4817,4549,4817,770,736
3485,3504,4818,4549,4818,770,736
3486,3504,4819,4549,4819,770,736
3487,3504,4820,4549,4820,770,736
3486,3504,4821,4549,4821,770,736
3486,3504,4822,4549,4822,770,736
3487,3504,4823,4549,4823,770,736
3488,3504,4824,4549,4824,770,736
3489,3504,4825,4549,4825,770,736
3489,3504,4826,4549,4826,770,736
3490,3504,4827,4549,4827,770,736
3491,3504,4828,4549,4828,770,736
3492,3504,4829,4549,4829,770,736
3493,3504,4830,4549,4830,770,736
3494,3504,4831,4549,4831,770,736
3495,3504,4832,4549,4832,770,736
3496,3504,4833,4549,4833,770,736
3495,3504,4834,4549,4834,770,736
3495,3504,4835,4549,4835,770,736
3496,3504,4836,4549,4836,770,736
3495,3504,4837,4549,4837,770,736
3495,3504,4838,4549,4838,770,736
3497,3504,4839,4549,4839,770,737
3498,3504,4840,4549,4840,770,737
3499,3504,4841,4549,4841,770,737
3500,3504,4842,4549,4842,770,737
3500,3504,4843,4549,4843,770,737
3501,3504,4844,4549,4844,770,737
3502,3504,4845,4549,4845,770,737
3503,3504,4846,4549,4846,770,737
3504,3504,4847,4549,4847,770,737
3505,3505,4848,4848,4848,770,737
3506,3506,4849,4849,4849,770,737
3507,3507,4850,4850,4850,770,737
3508,3508,4851,4851,4851,770,737
3509,3509,4852,4852,4852,770,737
3505,3509,4853,4852,4853,770,736
3504,3509,4854,4852,4854,770,736
3505,3509,4855,4852,4855,770,736
3504,3509,4856,4852,4856,770,736
3504,3509,4857,4852,4857,770,736
3505,3509,4858,4852,4858,770,736
3506,3509,4859,4852,4859,770,736
3507,3509,4860,4852,4860,770,736
3504,3509,4861,4852,4861,770,736
3499,3509,4862,4852,4862,770,735
3500,3509,4863,4852,4863,770,735
3501,3509,4864,4852,4864,770,735
3502,3509,4865,4852,4865,770,735
3499,3509,4866,4852,4866,770,735
3497,3509,4867,4852,4867,770,735
3496,3509,4868,4852,4868,770,735
3494,3509,4869,4852,4869,770,735
3495,3509,4870,4852,4870,770,735
3491,3509,4871,4852,4871,770,735
3492,3509,4872,4852,4872,770,735
3492,3509,4873,4852,4873,770,735
3493,3509,4874,4852,4874,770,735
3490,3509,4875,4852,4875,770,734
3491,3509,4876,4852,4876,770,734
3491,3509,4877,4852,4877,770,734
3492,3509,4878,4852,4878,770,734
3493,3509,4879,4852,4879,770,734
3494,3509,4880,4852,4880,770,734
3493,3509,4881,4852,4881,770,734
3494,3509,4882,4852,4882,770,734
3495,3509,4883,4852,4883,770,734
3493,3509,4884,4852,4884,770,734
3494,3509,4885,4852,4885,770,734
3495,3509,4886,4852,4886,770,734
3493,3509,4887,4852,4887,770,734
3492,3509,4888,4852,4888,770,734
3493,3509,4889,4852,4889,770,734
3488,3509,4890,4852,4890,770,734
3488,3509,4891,4852,4891,770,734
3487,3509,4892,4852,4892,770,734
3488,3509,4893,4852,4893,770,734
3489,3509,4894,4852,4894,770,734
3490,3509,4895,4852,4895,770,734
3491,3509,4896,4852,4896,770,734
3490,3509,4897,4852,4897,770,734
3491,3509,4898,4852,4898,770,734
3492,3509,4899,4852,4899,770,734
3493,3509,4900,4852,4900,770,734
3494,3509,4901,4852,4901,770,734
3495,3509,4902,4852,4902,770,734
3496,3509,4903,4852,4903,770,734
3495,3509,4904,4852,4904,770,734
3494,3509,4905,4852,4905,770,734
3494,3509,4906,4852,4906,770,734
3495,3509,4907,4852,4907,770,734
3496,3509,4908,4852,4908,770,734
3497,3509,4909,4852,4909,770,734
3498,3509,4910,4852,4910,770,734
3499,3509,4911,4852,4911,770,734
3498,3509,4912,4852,4912,770,734
3494,3509,4913,4852,4913,770,733
3495,3509,4914,4852,4914,770,733
3496,3509,4915,4852,4915,770,733
3497,3509,4916,4852,4916,770,733
3498,3509,4917,4852,4917,770,733
3496,3509,4918,4852,4918,770,732
3497,3509,4919,4852,4919,770,732
3498,3509,4920,4852,4920,770,732
3499,3509,4921,4852,4921,770,732
3500,3509,4922,4852,4922,770,732
3498,3509,4923,4852,4923,770,732
3499,3509,4924,4852,4924,770,732
3500,3509,4925,4852,4925,770,732
3498,3509,4926,4852,4926,770,732
3499,3509,4927,4852,4927,770,732
3500,3509,4928,4852,4928,770,732
3501,3509,4929,4852,4929,770,732
3497,3509,4930,4852,4930,770,732
3498,3509,4931,4852,4931,770,732
3499,3509,4932,4852,4932,770,732
3500,3509,4933,4852,4933,770,732
3501,3509,4934,4852,4934,770,732
3502,3509,4935,4852,4935,770,732
3501,3509,4936,4852,4936,770,732
3500,3509,4937,4852,4937,770,732
3501,3509,4938,4852,4938,770,732
3502,3509,4939,4852,4939,770,732
3503,3509,4940,4852,4940,770,732
3504,3509,4941,4852,4941,770,732
3505,3509,4942,4852,4942,770,732
3505,3509,4943,4852,4943,770,732
3501,3509,4944,4852,4944,770,732
3501,3509,4945,4852,4945,770,732
3502,3509,4946,4852,4946,770,732
3501,3509,4947,4852,4947,770,732
3502,3509,4948,4852,4948,770,732
3503,3509,4949,4852,4949,770,732
3501,3509,4950,4852,4950,770,732
3502,3509,4951,4852,4951,770,732
3503,3509,4952,4852,4952,770,732
3504,3509,4953,4852,4953,770,732
3505,3509,4954,4852,4954,770,732
3506,3509,4955,4852,4955,770,732
3507,3509,4956,4852,4956,770,732
3507,3509,4957,4852,4957,770,732
3507,3509,4958,4852,4958,770,732
3508,3509,4959,4852,4959,770,732
3506,3509,4960,4852,4960,770,732
3503,3509,4961,4852,4961,770,732
3500,3509,4962,4852,4962,770,732
3501,3509,4963,4852,4963,770,732
3501,3509,4964,4852,4964,770,732
3501,3509,4965,4852,4965,770,732
3502,3509,4966,4852,4966,770,732
3503,3509,4967,4852,4967,770,732
3503,3509,4968,4852,4968,770,732
3501,3509,4969,4852,4969,770,732
3500,3509,4970,4852,4970,770,732
3500,3509,4971,4852,4971,770,732
3501,3509,4972,4852,4972,770,732
3502,3509,4973,4852,4973,770,732
3500,3509,4974,4852,4974,770,732
3501,3509,4975,4852,4975,770,732
3502,3509,4976,4852,4976,770,732
3502,3509,4977,4852,4977,770,732
3503,3509,4978,4852,4978,770,732
3504,3509,4979,4852,4979,770,732
3504,3509,4980,4852,4980,770,732
3505,3509,4981,4852,4981,770,732
3506,3509,4982,4852,4982,770,732
3506,3509,4983,4852,4983,770,732
3506,3509,4984,4852,4984,770,732
3507,3509,4985,4852,4985,770,732
3508,3509,4986,4852,4986,770,732
3509,3509,4987,4852,4987,770,732
3510,3510,4988,4988,4988,770,732
3511,3511,4989,4989,4989,770,732
3512,3512,4990,4990,4990,770,732
3513,3513,4991,4991,4991,770,732
3511,3513,4992,4991,4992,770,731
3512,3513,4993,4991,4993,770,731
3512,3513,4994,4991,4994,770,731
3510,3513,4995,4991,4995,770,731
3511,3513,4996,4991,4996,770,731
3508,3513,4997,4991,4997,770,731
3509,3513,4998,4991,4998,770,731
3510,3513,4999,4991,4999,770,731
3509,3513,5000,4991,5000,770,731
3510,3513,5001,4991,5001,770,731
3507,3513,5002,4991,5002,770,731
3506,3513,5003,4991,5003,770,731
3503,3513,5004,4991,5004,770,731
3503,3513,5005,4991,5005,770,731
3502,3513,5006,4991,5006,770,731
3503,3513,5007,4991,5007,770,731
3502,3513,5008,4991,5008,770,731
3498,3513,5009,4991,5009,770,731
3499,3513,5010,4991,5010,770,731
3500,3513,5011,4991,5011,770,731
3501,3513,5012,4991,5012,770,731
3498,3513,5013,4991,5013,770,731
3497,3513,5014,4991,5014,770,731
3496,3513,5015,4991,5015,770,730
3496,3513,5016,4991,5016,770,730
3497,3513,5017,4991,5017,770,730
3498,3513,5018,4991,5018,770,730
3499,3513,5019,4991,5019,770,730
3500,3513,5020,4991,5020,770,730
3501,3513,5021,4991,5021,770,730
3502,3513,5022,4991,5022,770,730
3501,3513,5023,4991,5023,770,730
3499,3513,5024,4991,5024,770,730
3500,3513,5025,4991,5025,770,730
3501,3513,5026,4991,5026,770,730
3500,3513,5027,4991,5027,770,730
3501,3513,5028,4991,5028,770,730
3500,3513,5029,4991,5029,770,729
3501,3513,5030,4991,5030,770,729
3501,3513,5031,4991,5031,770,729
3501,3513,5032,4991,5032,770,729
3502,3513,5033,4991,5033,770,729
3499,3513,5034,4991,5034,770,729
3500,3513,5035,4991,5035,770,729
3501,3513,5036,4991,5036,770,729
3502,3513,5037,4991,5037,770,729
3503,3513,5038,4991,5038,770,729
3504,3513,5039,4991,5039,770,729
3502,3513,5040,4991,5040,770,729
3501,3513,5041,4991,5041,770,729
3500,3513,5042,4991,5042,770,729
3495,3513,5043,4991,5043,770,729
3496,3513,5044,4991,5044,770,729
3495,3513,5045,4991,5045,770,729
3496,3513,5046,4991,5046,770,729
3497,3513,5047,4991,5047,770,729
3496,3513,5048,4991,5048,770,729
3492,3513,5049,4991,5049,770,729
3493,3513,5050,4991,5050,770,729
3492,3513,5051,4991,5051,770,729
3493,3513,5052,4991,5052,770,729
3494,3513,5053,4991,5053,770,729
3494,3513,5054,4991,5054,770,729
3494,3513,5055,4991,5055,770,729
3495,3513,5056,4991,5056,770,729
3496,3513,5057,4991,5057,770,729
3495,3513,5058,4991,5058,770,729
3495,3513,5059,4991,5059,770,729
3496,3513,5060,4991,5060,770,729
3493,3513,5061,4991,5061,770,728
3493,3513,5062,4991,5062,770,728
3494,3513,5063,4991,5063,770,728
3495,3513,5064,4991,5064,770,728
3496,3513,5065,4991,5065,770,728
3494,3513,5066,4991,5066,770,728
3495,3513,5067,4991,5067,770,728
3496,3513,5068,4991,5068,770,728
3497,3513,5069,4991,5069,770,728
3495,3513,5070,4991,5070,770,728
3495,3513,5071,4991,5071,770,728
3496,3513,5072,4991,5072,770,728
3496,3513,5073,4991,5073,770,728
3497,3513,5074,4991,5074,770,728
3495,3513,5075,4991,5075,770,727
3496,3513,5076,4991,5076,770,727
3497,3513,5077,4991,5077,770,727
3498,3513,5078,4991,5078,770,727
3499,3513,5079,4991,5079,770,727
3497,3513,5080,4991,5080,770,727
3498,3513,5081,4991,5081,770,727
3499,3513,5082,4991,5082,770,727
3495,3513,5083,4991,5083,770,727
3496,3513,5084,4991,5084,770,727
3493,3513,5085,4991,5085,770,726
3490,3513,5086,4991,5086,770,726
3491,3513,5087,4991,5087,770,726
3489,3513,5088,4991,5088,770,726
3490,3513,5089,4991,5089,770,726
3491,3513,5090,4991,5090,770,726
3491,3513,5091,4991,5091,770,726
3492,3513,5092,4991,5092,770,726
3493,3513,5093,4991,5093,770,726
3492,3513,5094,4991,5094,770,725
3489,3513,5095,4991,5095,770,725
3490,3513,5096,4991,5096,770,725
3491,3513,5097,4991,5097,770,725
3489,3513,5098,4991,5098,770,725
3489,3513,5099,4991,5099,770,725
3489,3513,5100,4991,5100,770,725
3488,3513,5101,4991,5101,770,725
3489,3513,5102,4991,5102,770,725
3490,3513,5103,4991,5103,770,725
3489,3513,5104,4991,5104,770,725
3487,3513,5105,4991,5105,770,725
3488,3513,5106,4991,5106,770,725
3489,3513,5107,4991,5107,770,725
3487,3513,5108,4991,5108,770,725
3488,3513,5109,4991,5109,770,725
3489,3513,5110,4991,5110,770,725
3489,3513,5111,4991,5111,770,725
3490,3513,5112,4991,5112,770,725
3489,3513,5113,4991,5113,770,725
3490,3513,5114,4991,5114,770,725
3491,3513,5115,4991,5115,770,725
3490,3513,5116,4991,5116,770,725
3490,3513,5117,4991,5117,770,725
3490,3513,5118,4991,5118,770,725
3491,3513,5119,4991,5119,770,725
3490,3513,5120,4991,5120,770,725
3491,3513,5121,4991,5121,770,725
3492,3513,5122,4991,5122,770,725
3491,3513,5123,4991,5123,770,725
3489,3513,5124,4991,5124,770,725
3490,3513,5125,4991,5125,770,725
3491,3513,5126,4991,5126,770,725
3492,3513,5127,4991,5127,770,725
3492,3513,5128,4991,5128,770,725
3493,3513,5129,4991,5129,770,725
3494,3513,5130,4991,5130,770,725
3495,3513,5131,4991,5131,770,725
3496,3513,5132,4991,5132,770,725
3497,3513,5133,4991,5133,770,725
3498,3513,5134,4991,5134,770,725
3499,3513,5135,4991,5135,770,725
3500,3513,5136,4991,5136,770,725
3501,3513,5137,4991,5137,770,725
3502,3513,5138,4991,5138,770,725
3502,3513,5139,4991,5139,770,725
3500,3513,5140,4991,5140,770,725
3501,3513,5141,4991,5141,770,725
3500,3513,5142,4991,5142,770,725
3501,3513,5143,4991,5143,770,725
3500,3513,5144,4991,5144,770,725
3501,3513,5145,4991,5145,770,725
3502,3513,5146,4991,5146,770,725
3501,3513,5147,4991,5147,770,725
3502,3513,5148,4991,5148,770,725
3503,3513,5149,4991,5149,770,725
3504,3513,5150,4991,5150,770,725
3505,3513,5151,4991,5151,770,725
3502,3513,5152,4991,5152,770,724
3502,3513,5153,4991,5153,770,724
3503,3513,5154,4991,5154,770,724
3504,3513,5155,4991,5155,770,724
3503,3513,5156,4991,5156,770,724
3501,3513,5157,4991,5157,770,724
3502,3513,5158,4991,5158,770,724
3503,3513,5159,4991,5159,770,724
3504,3513,5160,4991,5160,770,724
3505,3513,5161,4991,5161,770,724
3506,3513,5162,4991,5162,770,724
3503,3513,5163,4991,5163,770,724
3504,3513,5164,4991,5164,770,724
3505,3513,5165,4991,5165,770,724
3505,3513,5166,4991,5166,770,724
3504,3513,5167,4991,5167,770,724
3501,3513,5168,4991,5168,770,723
3501,3513,5169,4991,5169,770,723
3502,3513,5170,4991,5170,770,723
3501,3513,5171,4991,5171,770,723
3502,3513,5172,4991,5172,770,723
3500,3513,5173,4991,5173,770,723
3501,3513,5174,4991,5174,770,723
3502,3513,5175,4991,5175,770,723
3502,3513,5176,4991,5176,770,723
3503,3513,5177,4991,5177,770,723
3504,3513,5178,4991,5178,770,723
3503,3513,5179,4991,5179,770,723
3502,3513,5180,4991,5180,770,723
3503,3513,5181,4991,5181,770,723
3502,3513,5182,4991,5182,770,723
3503,3513,5183,4991,5183,770,723
3504,3513,5184,4991,5184,770,723
3505,3513,5185,4991,5185,770,723
3505,3513,5186,4991,5186,770,723
3504,3513,5187,4991,5187,770,723
3505,3513,5188,4991,5188,770,723
3506,3513,5189,4991,5189,770,723
3505,3513,5190,4991,5190,770,723
3506,3513,5191,4991,5191,770,723
3507,3513,5192,4991,5192,770,723
3508,3513,5193,4991,5193,770,723
3509,3513,5194,4991,5194,770,723
3508,3513,5195,4991,5195,770,723
3508,3513,5196,4991,5196,770,723
3509,3513,5197,4991,5197,770,723
3509,3513,5198,4991,5198,770,723
3511,3513,5199,4991,5199,770,724
3512,3513,5200,4991,5200,770,724
3510,3513,5201,4991,5201,770,724
3511,3513,5202,4991,5202,770,724
3511,3513,5203,4991,5203,770,724
3510,3513,5204,4991,5204,770,724
3511,3513,5205,4991,5205,770,724
3512,3513,5206,4991,5206,770,724
3513,3513,5207,4991,5207,770,724
3514,3514,5208,5208,5208,770,724
3515,3515,5209,5209,5209,770,724
3516,3516,5210,5210,5210,770,724
3517,3517,5211,5211,5211,770,724
3518,3518,5212,5212,5212,770,724
3519,3519,5213,5213,5213,770,724
3520,3520,5214,5214,5214,770,724
3521,3521,5215,5215,5215,770,724
3522,3522,5216,5216,5216,770,724
3522,3522,5217,5216,5217,770,724
3520,3522,5218,5216,5218,770,724
3519,3522,5219,5216,5219,770,724
3514,3522,5220,5216,5220,770,723
3512,3522,5221,5216,5221,770,723
3511,3522,5222,5216,5222,770,723
3512,3522,5223,5216,5223,770,723
3510,3522,5224,5216,5224,770,723
3511,3522,5225,5216,5225,770,723
3512,3522,5226,5216,5226,770,723
3513,3522,5227,5216,5227,770,723
3510,3522,5228,5216,5228,770,723
3511,3522,5229,5216,5229,770,723
3512,3522,5230,5216,5230,770,723
3507,3522,5231,5216,5231,770,723
3508,3522,5232,5216,5232,770,723
3507,3522,5233,5216,5233,770,723
3508,3522,5234,5216,5234,770,723
3509,3522,5235,5216,5235,770,723
3508,3522,5236,5216,5236,770,723
3509,3522,5237,5216,5237,770,723
3510,3522,5238,5216,5238,770,723
3508,3522,5239,5216,5239,770,723
3509,3522,5240,5216,5240,770,723
3510,3522,5241,5216,5241,770,723
3509,3522,5242,5216,5242,770,723
3508,3522,5243,5216,5243,770,723
3509,3522,5244,5216,5244,770,723
3510,3522,5245,5216,5245,770,723
3511,3522,5246,5216,5246,770,723
3512,3522,5247,5216,5247,770,723
3511,3522,5248,5216,5248,770,723
3512,3522,5249,5216,5249,770,723
3511,3522,5250,5216,5250,770,723
3509,3522,5251,5216,5251,770,723
3509,3522,5252,5216,5252,770,723
3508,3522,5253,5216,5253,770,723
3509,3522,5254,5216,5254,770,723
3510,3522,5255,5216,5255,770,723
3510,3522,5256,5216,5256,770,723
3511,3522,5257,5216,5257,770,723
3512,3522,5258,5216,5258,770,723
3513,3522,5259,5216,5259,770,723
3514,3522,5260,5216,5260,770,723
3515,3522,5261,5216,5261,770,723
3516,3522,5262,5216,5262,770,723
3517,3522,5263,5216,5263,770,723
3518,3522,5264,5216,5264,770,723
3519,3522,5265,5216,5265,770,723
3520,3522,5266,5216,5266,770,723
3518,3522,5267,5216,5267,770,723
3519,3522,5268,5216,5268,770,723
3515,3522,5269,5216,5269,770,723
3516,3522,5270,5216,5270,770,723
3516,3522,5271,5216,5271,770,723
3515,3522,5272,5216,5272,770,723
3513,3522,5273,5216,5273,770,723
3514,3522,5274,5216,5274,770,723
3515,3522,5275,5216,5275,770,723
3516,3522,5276,5216,5276,770,723
3517,3522,5277,5216,5277,770,723
3518,3522,5278,5216,5278,770,723
3519,3522,5279,5216,5279,770,723
3517,3522,5280,5216,5280,770,722
3514,3522,5281,5216,5281,770,722
3510,3522,5282,5216,5282,770,721
3508,3522,5283,5216,5283,770,721
3507,3522,5284,5216,5284,770,721
3503,3522,5285,5216,5285,770,720
3504,3522,5286,5216,5286,770,720
3505,3522,5287,5216,5287,770,720
3506,3522,5288,5216,5288,770,720
3507,3522,5289,5216,5289,770,720
3508,3522,5290,5216,5290,770,720
3506,3522,5291,5216,5291,770,719
3507,3522,5292,5216,5292,770,719
3508,3522,5293,5216,5293,770,719
3509,3522,5294,5216,5294,770,719
3509,3522,5295,5216,5295,770,719
3507,3522,5296,5216,5296,770,719
3505,3522,5297,5216,5297,770,719
3502,3522,5298,5216,5298,770,719
3502,3522,5299,5216,5299,770,719
3503,3522,5300,5216,5300,770,719
3504,3522,5301,5216,5301,770,719
3504,3522,5302,5216,5302,770,719
3505,3522,5303,5216,5303,770,719
3501,3522,5304,5216,5304,770,719
3501,3522,5305,5216,5305,770,719
3498,3522,5306,5216,5306,770,719
3499,3522,5307,5216,5307,770,719
3494,3522,5308,5216,5308,770,718
3495,3522,5309,5216,5309,770,718
3494,3522,5310,5216,5310,770,718
3495,3522,5311,5216,5311,770,718
3495,3522,5312,5216,5312,770,718
3496,3522,5313,5216,5313,770,718
3495,3522,5314,5216,5314,770,718
3494,3522,5315,5216,5315,770,718
3495,3522,5316,5216,5316,770,718
3493,3522,5317,5216,5317,770,717
3491,3522,5318,5216,5318,770,717
3492,3522,5319,5216,5319,770,717
3492,3522,5320,5216,5320,770,717
3490,3522,5321,5216,5321,770,717
3491,3522,5322,5216,5322,770,717
3487,3522,5323,5216,5323,770,716
3487,3522,5324,5216,5324,770,716
3487,3522,5325,5216,5325,770,716
3488,3522,5326,5216,5326,770,716
3489,3522,5327,5216,5327,770,716
3490,3522,5328,5216,5328,770,716
3491,3522,5329,5216,5329,770,716
3488,3522,5330,5216,5330,770,716
3487,3522,5331,5216,5331,770,716
3488,3522,5332,5216,5332,770,716
3489,3522,5333,5216,5333,770,716
3490,3522,5334,5216,5334,770,716
3490,3522,5335,5216,5335,770,716
3491,3522,5336,5216,5336,770,716
3492,3522,5337,5216,5337,770,716
3493,3522,5338,5216,5338,770,716
3494,3522,5339,5216,5339,770,716
3495,3522,5340,5216,5340,770,716
3496,3522,5341,5216,5341,770,716
3496,3522,5342,5216,5342,770,716
3497,3522,5343,5216,5343,770,716
3498,3522,5344,5216,5344,770,716
3499,3522,5345,5216,5345,770,716
3500,3522,5346,5216,5346,770,716
3498,3522,5347,5216,5347,770,716
3498,3522,5348,5216,5348,770,716
3495,3522,5349,5216,5349,770,716
3495,3522,5350,5216,5350,770,716
3491,3522,5351,5216,5351,770,715
3488,3522,5352,5216,5352,770,715
3489,3522,5353,5216,5353,770,715
3490,3522,5354,5216,5354,770,715
3491,3522,5355,5216,5355,770,715
3491,3522,5356,5216,5356,770,715
3491,3522,5357,5216,5357,770,715
3492,3522,5358,5216,5358,770,715
3493,3522,5359,5216,5359,770,715
3494,3522,5360,5216,5360,770,715
3495,3522,5361,5216,5361,770,715
3496,3522,5362,5216,5362,770,715
3497,3522,5363,5216,5363,770,715
3494,3522,5364,5216,5364,770,715
3492,3522,5365,5216,5365,770,715
3493,3522,5366,5216,5366,770,715
3492,3522,5367,5216,5367,770,715
3493,3522,5368,5216,5368,770,715
3493,3522,5369,5216,5369,770,715
3494,3522,5370,5216,5370,770,715
3495,3522,5371,5216,5371,770,715
3496,3522,5372,5216,5372,770,715
3497,3522,5373,5216,5373,770,715
3494,3522,5374,5216,5374,770,714
3490,3522,5375,5216,5375,770,713
3491,3522,5376,5216,5376,770,713
3492,3522,5377,5216,5377,770,713
3490,3522,5378,5216,5378,770,713
3491,3522,5379,5216,5379,770,713
3492,3522,5380,5216,5380,770,713
3493,3522,5381,5216,5381,770,713
3493,3522,5382,5216,5382,770,713
3494,3522,5383,5216,5383,770,713
3493,3522,5384,5216,5384,770,713
3494,3522,5385,5216,5385,770,713
3495,3522,5386,5216,5386,770,713
3496,3522,5387,5216,5387,770,713
3497,3522,5388,5216,5388,770,713
3496,3522,5389,5216,5389,770,713
3492,3522,5390,5216,5390,770,712
3493,3522,5391,5216,5391,770,712
3494,3522,5392,5216,5392,770,712
3495,3522,5393,5216,5393,770,712
3496,3522,5394,5216,5394,770,712
3497,3522,5395,5216,5395,770,712
3494,3522,5396,5216,5396,770,712
3492,3522,5397,5216,5397,770,712
3491,3522,5398,5216,5398,770,712
3492,3522,5399,5216,5399,770,712
3493,3522,5400,5216,5400,770,712
3493,3522,5401,5216,5401,770,712
3492,3522,5402,5216,5402,770,712
3493,3522,5403,5216,5403,770,712
3494,3522,5404,5216,5404,770,712
3492,3522,5405,5216,5405,770,712
3493,3522,5406,5216,5406,770,712
3490,3522,5407,5216,5407,770,712
3491,3522,5408,5216,5408,770,712
3492,3522,5409,5216,5409,770,712
3490,3522,5410,5216,5410,770,712
3491,3522,5411,5216,5411,770,712
3492,3522,5412,5216,5412,770,712
3490,3522,5413,5216,5413,770,712
3490,3522,5414,5216,5414,770,712
3491,3522,5415,5216,5415,770,712
3492,3522,5416,5216,5416,770,712
3493,3522,5417,5216,5417,770,712
3491,3522,5418,5216,5418,770,712
3492,3522,5419,5216,5419,770,712
3493,3522,5420,5216,5420,770,712
3494,3522,5421,5216,5421,770,712
3490,3522,5422,5216,5422,770,711
3491,3522,5423,5216,5423,770,711
3492,3522,5424,5216,5424,770,711
3493,3522,5425,5216,5425,770,711
3494,3522,5426,5216,5426,770,711
3490,3522,5427,5216,5427,770,710
3488,3522,5428,5216,5428,770,710
3489,3522,5429,5216,5429,770,710
3490,3522,5430,5216,5430,770,710
3489,3522,5431,5216,5431,770,710
3490,3522,5432,5216,5432,770,710
3491,3522,5433,5216,5433,770,710
3490,3522,5434,5216,5434,770,710
3491,3522,5435,5216,5435,770,710
3492,3522,5436,5216,5436,770,710
3489,3522,5437,5216,5437,770,709
3490,3522,5438,5216,5438,770,709
3489,3522,5439,5216,5439,770,709
3490,3522,5440,5216,5440,770,709
3488,3522,5441,5216,5441,770,709
3489,3522,5442,5216,5442,770,709
3489,3522,5443,5216,5443,770,709
3490,3522,5444,5216,5444,770,709
3491,3522,5445,5216,5445,770,709
3489,3522,5446,5216,5446,770,709
3490,3522,5447,5216,5447,770,709
3491,3522,5448,5216,5448,770,709
3491,3522,5449,5216,5449,770,709
3491,3522,5450,5216,5450,770,709
3492,3522,5451,5216,5451,770,709
3491,3522,5452,5216,5452,770,709
3487,3522,5453,5216,5453,770,709
3488,3522,5454,5216,5454,770,709
3489,3522,5455,5216,5455,770,709
3486,3522,5456,5216,5456,770,709
3487,3522,5457,5216,5457,770,709
3485,3522,5458,5216,5458,770,709
3486,3522,5459,5216,5459,770,709
3487,3522,5460,5216,5460,770,709
3488,3522,5461,5216,5461,770,709
3489,3522,5462,5216,5462,770,709
3489,3522,5463,5216,5463,770,709
3488,3522,5464,5216,5464,770,709
3486,3522,5465,5216,5465,770,709
3486,3522,5466,5216,5466,770,709
3487,3522,5467,5216,5467,770,709
3488,3522,5468,5216,5468,770,709
3487,3522,5469,5216,5469,770,709
3488,3522,5470,5216,5470,770,709
3487,3522,5471,5216,5471,770,709
3487,3522,5472,5216,5472,770,709
3488,3522,5473,5216,5473,770,709
3485,3522,5474,5216,5474,770,709
3486,3522,5475,5216,5475,770,709
3483,3522,5476,5216,5476,770,709
3481,3522,5477,5216,5477,770,709
3482,3522,5478,5216,5478,770,709
3483,3522,5479,5216,5479,770,709
3484,3522,5480,5216,5480,770,709
3480,3522,5481,5216,5481,770,709
3478,3522,5482,5216,5482,770,708
3478,3522,5483,5216,5483,770,708
3478,3522,5484,5216,5484,770,708
3476,3522,5485,5216,5485,770,708
3477,3522,5486,5216,5486,770,708
3473,3522,5487,5216,5487,770,706
3473,3522,5488,5216,5488,770,706
3473,3522,5489,5216,5489,770,706
3472,3522,5490,5216,5490,770,706
3472,3522,5491,5216,5491,770,706
3473,3522,5492,5216,5492,770,706
3474,3522,5493,5216,5493,770,706
3475,3522,5494,5216,5494,770,706
3476,3522,5495,5216,5495,770,706
3474,3522,5496,5216,5496,770,706
3473,3522,5497,5216,5497,770,706
3471,3522,5498,5216,5498,770,706
3471,3522,5499,5216,5499,770,706
3471,3522,5500,5216,5500,770,706
3472,3522,5501,5216,5501,770,706
3471,3522,5502,5216,5502,770,706
3472,3522,5503,5216,5503,770,706
3473,3522,5504,5216,5504,770,706
3474,3522,5505,5216,5505,770,706
3475,3522,5506,5216,5506,770,706
3476,3522,5507,5216,5507,770,706
3477,3522,5508,5216,5508,770,706
3477,3522,5509,5216,5509,770,706
3474,3522,5510,5216,5510,770,706
3474,3522,5511,5216,5511,770,706
3470,3522,5512,5216,5512,770,705
3470,3522,5513,5216,5513,770,705
3471,3522,5514,5216,5514,770,705
3471,3522,5515,5216,5515,770,705
3472,3522,5516,5216,5516,770,705
3473,3522,5517,5216,5517,770,705
3474,3522,5518,5216,5518,770,705
3475,3522,5519,5216,5519,770,705
3476,3522,5520,5216,5520,770,705
3476,3522,5521,5216,5521,770,705
3476,3522,5522,5216,5522,770,705
3473,3522,5523,5216,5523,770,705
3472,3522,5524,5216,5524,770,705
3473,3522,5525,5216,5525,770,705
3471,3522,5526,5216,5526,770,705
3472,3522,5527,5216,5527,770,705
3473,3522,5528,5216,5528,770,705
3473,3522,5529,5216,5529,770,705
3474,3522,5530,5216,5530,770,705
3475,3522,5531,5216,5531,770,705
3476,3522,5532,5216,5532,770,705
3476,3522,5533,5216,5533,770,705
3475,3522,5534,5216,5534,770,705
3476,3522,5535,5216,5535,770,705
3477,3522,5536,5216,5536,770,705
3474,3522,5537,5216,5537,770,705
3472,3522,5538,5216,5538,770,705
3469,3522,5539,5216,5539,770,705
3470,3522,5540,5216,5540,770,705
3471,3522,5541,5216,5541,770,705
3472,3522,5542,5216,5542,770,705
3470,3522,5543,5216,5543,770,704
3469,3522,5544,5216,5544,770,704
3470,3522,5545,5216,5545,770,704
3471,3522,5546,5216,5546,770,704
3472,3522,5547,5216,5547,770,704
3473,3522,5548,5216,5548,770,704
3471,3522,5549,5216,5549,770,704
3472,3522,5550,5216,5550,770,704
3472,3522,5551,5216,5551,770,704
3473,3522,5552,5216,5552,770,704
3471,3522,5553,5216,5553,770,703
3472,3522,5554,5216,5554,770,703
3469,3522,5555,5216,5555,770,703
3470,3522,5556,5216,5556,770,703
3467,3522,5557,5216,5557,770,703
3468,3522,5558,5216,5558,770,703
3469,3522,5559,5216,5559,770,703
3470,3522,5560,5216,5560,770,703
3471,3522,5561,5216,5561,770,703
3467,3522,5562,5216,5562,770,703
3465,3522,5563,5216,5563,770,702
3463,3522,5564,5216,5564,770,702
3463,3522,5565,5216,5565,770,702
3461,3522,5566,5216,5566,770,702
3458,3522,5567,5216,5567,770,701
3455,3522,5568,5216,5568,770,701
3454,3522,5569,5216,5569,770,701
3455,3522,5570,5216,5570,770,701
3456,3522,5571,5216,5571,770,701
3457,3522,5572,5216,5572,770,701
3456,3522,5573,5216,5573,770,701
3457,3522,5574,5216,5574,770,701
3458,3522,5575,5216,5575,770,701
3456,3522,5576,5216,5576,770,701
3457,3522,5577,5216,5577,770,701
3458,3522,5578,5216,5578,770,701
3456,3522,5579,5216,5579,770,700
3457,3522,5580,5216,5580,770,700
3458,3522,5581,5216,5581,770,700
3452,3522,5582,5216,5582,770,699
3453,3522,5583,5216,5583,770,699
3454,3522,5584,5216,5584,770,699
3455,3522,5585,5216,5585,770,699
3454,3522,5586,5216,5586,770,699
3454,3522,5587,5216,5587,770,699
3455,3522,5588,5216,5588,770,699
3453,3522,5589,5216,5589,770,699
3453,3522,5590,5216,5590,770,699
3454,3522,5591,5216,5591,770,699
3452,3522,5592,5216,5592,770,699
3452,3522,5593,5216,5593,770,699
3453,3522,5594,5216,5594,770,699
3454,3522,5595,5216,5595,770,699
3455,3522,5596,5216,5596,770,699
3456,3522,5597,5216,5597,770,699
3455,3522,5598,5216,5598,770,699
3455,3522,5599,5216,5599,770,699
3456,3522,5600,5216,5600,770,699
3455,3522,5601,5216,5601,770,699
3453,3522,5602,5216,5602,770,699
3454,3522,5603,5216,5603,770,699
3455,3522,5604,5216,5604,770,699
3453,3522,5605,5216,5605,770,699
3454,3522,5606,5216,5606,770,699
3452,3522,5607,5216,5607,770,699
3453,3522,5608,5216,5608,770,699
3454,3522,5609,5216,5609,770,699
3455,3522,5610,5216,5610,770,699
3456,3522,5611,5216,5611,770,699
3457,3522,5612,5216,5612,770,699
3458,3522,5613,5216,5613,770,699
3459,3522,5614,5216,5614,770,699
3460,3522,5615,5216,5615,770,699
3455,3522,5616,5216,5616,770,699
3455,3522,5617,5216,5617,770,699
3455,3522,5618,5216,5618,770,699
3456,3522,5619,5216,5619,770,699
3457,3522,5620,5216,5620,770,699
3457,3522,5621,5216,5621,770,699
3458,3522,5622,5216,5622,770,699
3455,3522,5623,5216,5623,770,698
3455,3522,5624,5216,5624,770,698
3456,3522,5625,5216,5625,770,698
3457,3522,5626,5216,5626,770,698
3457,3522,5627,5216,5627,770,698
3457,3522,5628,5216,5628,770,698
3455,3522,5629,5216,5629,770,697
3455,3522,5630,5216,5630,770,697
3456,3522,5631,5216,5631,770,697
3457,3522,5632,5216,5632,770,697
3456,3522,5633,5216,5633,770,697
3456,3522,5634,5216,5634,770,697
3451,3522,5635,5216,5635,770,697
3452,3522,5636,5216,5636,770,697
3450,3522,5637,5216,5637,770,697
3448,3522,5638,5216,5638,770,697
3449,3522,5639,5216,5639,770,697
3450,3522,5640,5216,5640,770,697
3451,3522,5641,5216,5641,770,697
3448,3522,5642,5216,5642,770,697
3449,3522,5643,5216,5643,770,697
3449,3522,5644,5216,5644,770,697
3449,3522,5645,5216,5645,770,697
3448,3522,5646,5216,5646,770,697
3449,3522,5647,5216,5647,770,697
3449,3522,5648,5216,5648,770,697
3450,3522,5649,5216,5649,770,697
3446,3522,5650,5216,5650,770,695
3447,3522,5651,5216,5651,770,695
3447,3522,5652,5216,5652,770,695
3448,3522,5653,5216,5653,770,695
3445,3522,5654,5216,5654,770,695
3445,3522,5655,5216,5655,770,695
3446,3522,5656,5216,5656,770,695
3446,3522,5657,5216,5657,770,695
3447,3522,5658,5216,5658,770,695
3447,3522,5659,5216,5659,770,695
3445,3522,5660,5216,5660,770,695
3445,3522,5661,5216,5661,770,695
3442,3522,5662,5216,5662,770,695
3441,3522,5663,5216,5663,770,695
3441,3522,5664,5216,5664,770,695
3441,3522,5665,5216,5665,770,695
3442,3522,5666,5216,5666,770,695
3439,3522,5667,5216,5667,770,694
3435,3522,5668,5216,5668,770,694
3436,3522,5669,5216,5669,770,694
3436,3522,5670,5216,5670,770,694
3437,3522,5671,5216,5671,770,694
3434,3522,5672,5216,5672,770,694
3431,3522,5673,5216,5673,770,694
3432,3522,5674,5216,5674,770,694
3433,3522,5675,5216,5675,770,694
3434,3522,5676,5216,5676,770,694
3430,3522,5677,5216,5677,770,694
3428,3522,5678,5216,5678,770,694
3428,3522,5679,5216,5679,770,694
3429,3522,5680,5216,5680,770,694
3430,3522,5681,5216,5681,770,694
3431,3522,5682,5216,5682,770,694
3431,3522,5683,5216,5683,770,694
3429,3522,5684,5216,5684,770,694
3426,3522,5685,5216,5685,770,694
3427,3522,5686,5216,5686,770,694
3428,3522,5687,5216,5687,770,694
3429,3522,5688,5216,5688,770,694
3430,3522,5689,5216,5689,770,694
3431,3522,5690,5216,5690,770,694
3431,3522,5691,5216,5691,770,694
3428,3522,5692,5216,5692,770,694
3429,3522,5693,5216,5693,770,694
3426,3522,5694,5216,5694,770,694
3423,3522,5695,5216,5695,770,694
3423,3522,5696,5216,5696,770,694
3423,3522,5697,5216,5697,770,694
3424,3522,5698,5216,5698,770,694
3425,3522,5699,5216,5699,770,694
3426,3522,5700,5216,5700,770,694
3426,3522,5701,5216,5701,770,694
3426,3522,5702,5216,5702,770,694
3425,3522,5703,5216,5703,770,694
3426,3522,5704,5216,5704,770,694
3427,3522,5705,5216,5705,770,694
3427,3522,5706,5216,5706,770,694
3428,3522,5707,5216,5707,770,694
3429,3522,5708,5216,5708,770,694
3430,3522,5709,5216,5709,770,694
3430,3522,5710,5216,5710,770,694
3431,3522,5711,5216,5711,770,694
3432,3522,5712,5216,5712,770,694
3433,3522,5713,5216,5713,770,694
3434,3522,5714,5216,5714,770,694
3435,3522,5715,5216,5715,770,694
3435,3522,5716,5216,5716,770,694
3432,3522,5717,5216,5717,770,694
3430,3522,5718,5216,5718,770,694
3430,3522,5719,5216,5719,770,694
3431,3522,5720,5216,5720,770,694
3428,3522,5721,5216,5721,770,694
3426,3522,5722,5216,5722,770,694
3427,3522,5723,5216,5723,770,694
3424,3522,5724,5216,5724,770,693
3424,3522,5725,5216,5725,770,693
3422,3522,5726,5216,5726,770,693
3423,3522,5727,5216,5727,770,693
3424,3522,5728,5216,5728,770,693
3423,3522,5729,5216,5729,770,693
3423,3522,5730,5216,5730,770,693
3423,3522,5731,5216,5731,770,693
3424,3522,5732,5216,5732,770,693
3424,3522,5733,5216,5733,770,693
3423,3522,5734,5216,5734,770,693
3421,3522,5735,5216,5735,770,693
3418,3522,5736,5216,5736,770,693
3416,3522,5737,5216,5737,770,693
3416,3522,5738,5216,5738,770,693
3414,3522,5739,5216,5739,770,693
3413,3522,5740,5216,5740,770,693
3412,3522,5741,5216,5741,770,693
3406,3522,5742,5216,5742,770,693
3407,3522,5743,5216,5743,770,693
3405,3522,5744,5216,5744,770,693
3404,3522,5745,5216,5745,770,693
3403,3522,5746,5216,5746,770,693
3404,3522,5747,5216,5747,770,693
3401,3522,5748,5216,5748,770,693
3400,3522,5749,5216,5749,770,693
3398,3522,5750,5216,5750,770,692
3398,3522,5751,5216,5751,770,692
3396,3522,5752,5216,5752,770,692
3396,3522,5753,5216,5753,770,692
3397,3522,5754,5216,5754,770,692
3398,3522,5755,5216,5755,770,692
3396,3522,5756,5216,5756,770,692
3396,3522,5757,5216,5757,770,692
3397,3522,5758,5216,5758,770,692
3398,3522,5759,5216,5759,770,692
3399,3522,5760,5216,5760,770,692
3397,3522,5761,5216,5761,770,691
3398,3522,5762,5216,5762,770,691
3399,3522,5763,5216,5763,770,691
3400,3522,5764,5216,5764,770,691
3401,3522,5765,5216,5765,770,691
3401,3522,5766,5216,5766,770,691
3399,3522,5767,5216,5767,770,691
3400,3522,5768,5216,5768,770,691
3396,3522,5769,5216,5769,770,690
3397,3522,5770,5216,5770,770,690
3397,3522,5771,5216,5771,770,690
3398,3522,5772,5216,5772,770,690
3399,3522,5773,5216,5773,770,690
3400,3522,5774,5216,5774,770,690
3401,3522,5775,5216,5775,770,690
3401,3522,5776,5216,5776,770,690
3401,3522,5777,5216,5777,770,690
3399,3522,5778,5216,5778,770,690
3400,3522,5779,5216,5779,770,690
3401,3522,5780,5216,5780,770,690
3401,3522,5781,5216,5781,770,690
3402,3522,5782,5216,5782,770,690
3400,3522,5783,5216,5783,770,690
3400,3522,5784,5216,5784,770,690
3397,3522,5785,5216,5785,770,690
3398,3522,5786,5216,5786,770,690
3399,3522,5787,5216,5787,770,690
3399,3522,5788,5216,5788,770,690
3400,3522,5789,5216,5789,770,690
3401,3522,5790,5216,5790,770,690
3401,3522,5791,5216,5791,770,690
3398,3522,5792,5216,5792,770,690
3399,3522,5793,5216,5793,770,690
3400,3522,5794,5216,5794,770,690
3401,3522,5795,5216,5795,770,690
3402,3522,5796,5216,5796,770,690
3401,3522,5797,5216,5797,770,690
3400,3522,5798,5216,5798,770,690
3401,3522,5799,5216,5799,770,690
3400,3522,5800,5216,5800,770,690
3399,3522,5801,5216,5801,770,690
3399,3522,5802,5216,5802,770,690
3400,3522,5803,5216,5803,770,690
3401,3522,5804,5216,5804,770,690
3401,3522,5805,5216,5805,770,690
3402,3522,5806,5216,5806,770,690
3402,3522,5807,5216,5807,770,690
3403,3522,5808,5216,5808,770,690
3401,3522,5809,5216,5809,770,689
3399,3522,5810,5216,5810,770,689
3397,3522,5811,5216,5811,770,689
3398,3522,5812,5216,5812,770,689
3399,3522,5813,5216,5813,770,689
3399,3522,5814,5216,5814,770,689
3399,3522,5815,5216,5815,770,689
3399,3522,5816,5216,5816,770,689
3396,3522,5817,5216,5817,770,688
3397,3522,5818,5216,5818,770,688
3398,3522,5819,5216,5819,770,688
3399,3522,5820,5216,5820,770,688
3395,3522,5821,5216,5821,770,688
3396,3522,5822,5216,5822,770,688
3397,3522,5823,5216,5823,770,688
3398,3522,5824,5216,5824,770,688
3398,3522,5825,5216,5825,770,688
3397,3522,5826,5216,5826,770,688
3395,3522,5827,5216,5827,770,688
3396,3522,5828,5216,5828,770,688
3397,3522,5829,5216,5829,770,688
3398,3522,5830,5216,5830,770,688
3398,3522,5831,5216,5831,770,688
3399,3522,5832,5216,5832,770,688
3397,3522,5833,5216,5833,770,688
3398,3522,5834,5216,5834,770,688
3399,3522,5835,5216,5835,770,688
3397,3522,5836,5216,5836,770,687
3398,3522,5837,5216,5837,770,687
3399,3522,5838,5216,5838,770,687
3400,3522,5839,5216,5839,770,687
3398,3522,5840,5216,5840,770,687
3398,3522,5841,5216,5841,770,687
3396,3522,5842,5216,5842,770,687
3397,3522,5843,5216,5843,770,687
3398,3522,5844,5216,5844,770,687
3395,3522,5845,5216,5845,770,687
3396,3522,5846,5216,5846,770,687
3397,3522,5847,5216,5847,770,687
3397,3522,5848,5216,5848,770,687
3397,3522,5849,5216,5849,770,687
3396,3522,5850,5216,5850,770,687
3397,3522,5851,5216,5851,770,687
3398,3522,5852,5216,5852,770,687
3395,3522,5853,5216,5853,770,687
3395,3522,5854,5216,5854,770,687
3394,3522,5855,5216,5855,770,687
3395,3522,5856,5216,5856,770,687
3395,3522,5857,5216,5857,770,687
3392,3522,5858,5216,5858,770,686
3393,3522,5859,5216,5859,770,686
3393,3522,5860,5216,5860,770,686
3390,3522,5861,5216,5861,770,686
3389,3522,5862,5216,5862,770,686
3390,3522,5863,5216,5863,770,686
3388,3522,5864,5216,5864,770,686
3389,3522,5865,5216,5865,770,686
3390,3522,5866,5216,5866,770,686
3391,3522,5867,5216,5867,770,686
3392,3522,5868,5216,5868,770,686
3391,3522,5869,5216,5869,770,686
3393,3522,5870,5216,5870,770,687
3394,3522,5871,5216,5871,770,687
3392,3522,5872,5216,5872,770,686
3393,3522,5873,5216,5873,770,686
3393,3522,5874,5216,5874,770,686
3394,3522,5875,5216,5875,770,686
3393,3522,5876,5216,5876,770,686
3394,3522,5877,5216,5877,770,686
3395,3522,5878,5216,5878,770,686
3395,3522,5879,5216,5879,770,686
3395,3522,5880,5216,5880,770,686
3394,3522,5881,5216,5881,770,686
3395,3522,5882,5216,5882,770,686
3396,3522,5883,5216,5883,770,686
3392,3522,5884,5216,5884,770,685
3390,3522,5885,5216,5885,770,685
3391,3522,5886,5216,5886,770,685
3391,3522,5887,5216,5887,770,685
3392,3522,5888,5216,5888,770,685
3393,3522,5889,5216,5889,770,685
3394,3522,5890,5216,5890,770,685
3394,3522,5891,5216,5891,770,685
3392,3522,5892,5216,5892,770,685
3393,3522,5893,5216,5893,770,685
3392,3522,5894,5216,5894,770,685
3391,3522,5895,5216,5895,770,685
3392,3522,5896,5216,5896,770,685
3387,3522,5897,5216,5897,770,684
3388,3522,5898,5216,5898,770,684
3389,3522,5899,5216,5899,770,684
3390,3522,5900,5216,5900,770,684
3391,3522,5901,5216,5901,770,684
3390,3522,5902,5216,5902,770,684
3390,3522,5903,5216,5903,770,684
3391,3522,5904,5216,5904,770,684
3392,3522,5905,5216,5905,770,684
3393,3522,5906,5216,5906,770,684
3394,3522,5907,5216,5907,770,684
3393,3522,5908,5216,5908,770,684
3390,3522,5909,5216,5909,770,684
3390,3522,5910,5216,5910,770,684
3390,3522,5911,5216,5911,770,684
3389,3522,5912,5216,5912,770,684
3388,3522,5913,5216,5913,770,684
3386,3522,5914,5216,5914,770,684
3385,3522,5915,5216,5915,770,684
3386,3522,5916,5216,5916,770,684
3387,3522,5917,5216,5917,770,684
3383,3522,5918,5216,5918,770,683
3383,3522,5919,5216,5919,770,683
3383,3522,5920,5216,5920,770,683
3379,3522,5921,5216,5921,770,683
3380,3522,5922,5216,5922,770,683
3381,3522,5923,5216,5923,770,683
3381,3522,5924,5216,5924,770,683
3382,3522,5925,5216,5925,770,683
3383,3522,5926,5216,5926,770,683
3384,3522,5927,5216,5927,770,683
3384,3522,5928,5216,5928,770,683
3385,3522,5929,5216,5929,770,683
3386,3522,5930,5216,5930,770,683
3387,3522,5931,5216,5931,770,683
3388,3522,5932,5216,5932,770,683
3389,3522,5933,5216,5933,770,683
3390,3522,5934,5216,5934,770,683
3391,3522,5935,5216,5935,770,683
3392,3522,5936,5216,5936,770,683
3391,3522,5937,5216,5937,770,683
3392,3522,5938,5216,5938,770,683
3393,3522,5939,5216,5939,770,683
3391,3522,5940,5216,5940,770,682
3389,3522,5941,5216,5941,770,682
3388,3522,5942,5216,5942,770,681
3388,3522,5943,5216,5943,770,681
3389,3522,5944,5216,5944,770,681
3390,3522,5945,5216,5945,770,681
3391,3522,5946,5216,5946,770,681
3389,3522,5947,5216,5947,770,681
3388,3522,5948,5216,5948,770,681
3388,3522,5949,5216,5949,770,681
3386,3522,5950,5216,5950,770,681
3384,3522,5951,5216,5951,770,681
3384,3522,5952,5216,5952,770,681
3381,3522,5953,5216,5953,770,681
3378,3522,5954,5216,5954,770,679
3379,3522,5955,5216,5955,770,679
3380,3522,5956,5216,5956,770,679
3380,3522,5957,5216,5957,770,679
3379,3522,5958,5216,5958,770,679
3381,3522,5959,5216,5959,770,680
3382,3522,5960,5216,5960,770,680
3381,3522,5961,5216,5961,770,680
3382,3522,5962,5216,5962,770,680
3379,3522,5963,5216,5963,770,680
3380,3522,5964,5216,5964,770,680
3381,3522,5965,5216,5965,770,680
3382,3522,5966,5216,5966,770,680
3381,3522,5967,5216,5967,770,680
3382,3522,5968,5216,5968,770,680
3383,3522,5969,5216,5969,770,680
3381,3522,5970,5216,5970,770,678
3379,3522,5971,5216,5971,770,678
3376,3522,5972,5216,5972,770,678
3377,3522,5973,5216,5973,770,678
3376,3522,5974,5216,5974,770,678
3377,3522,5975,5216,5975,770,678
3378,3522,5976,5216,5976,770,678
3378,3522,5977,5216,5977,770,678
3377,3522,5978,5216,5978,770,677
3377,3522,5979,5216,5979,770,677
3374,3522,5980,5216,5980,770,677
3375,3522,5981,5216,5981,770,677
3376,3522,5982,5216,5982,770,677
3377,3522,5983,5216,5983,770,677
3375,3522,5984,5216,5984,770,677
3376,3522,5985,5216,5985,770,677
3377,3522,5986,5216,5986,770,677
3376,3522,5987,5216,5987,770,677
3375,3522,5988,5216,5988,770,677
3372,3522,5989,5216,5989,770,677
3373,3522,5990,5216,5990,770,677
3374,3522,5991,5216,5991,770,677
3375,3522,5992,5216,5992,770,677
3375,3522,5993,5216,5993,770,677
3376,3522,5994,5216,5994,770,677
3377,3522,5995,5216,5995,770,677
3378,3522,5996,5216,5996,770,677
3379,3522,5997,5216,5997,770,677
3380,3522,5998,5216,5998,770,677
3381,3522,5999,5216,5999,770,677
3381,3522,6000,5216,6000,770,677
3382,3522,6001,5216,6001,770,677
3380,3522,6002,5216,6002,770,677
3378,3522,6003,5216,6003,770,677
3378,3522,6004,5216,6004,770,677
3374,3522,6005,5216,6005,770,677
3373,3522,6006,5216,6006,770,677
3374,3522,6007,5216,6007,770,677
3374,3522,6008,5216,6008,770,677
3375,3522,6009,5216,6009,770,677
3375,3522,6010,5216,6010,770,677
3375,3522,6011,5216,6011,770,677
3376,3522,6012,5216,6012,770,677
3376,3522,6013,5216,6013,770,677
3375,3522,6014,5216,6014,770,677
3372,3522,6015,5216,6015,770,677
3373,3522,6016,5216,6016,770,677
3374,3522,6017,5216,6017,770,677
3375,3522,6018,5216,6018,770,677
3376,3522,6019,5216,6019,770,677
3377,3522,6020,5216,6020,770,677
3376,3522,6021,5216,6021,770,677
3377,3522,6022,5216,6022,770,677
3376,3522,6023,5216,6023,770,677
3375,3522,6024,5216,6024,770,677
3376,3522,6025,5216,6025,770,677
3376,3522,6026,5216,6026,770,677
3375,3522,6027,5216,6027,770,677
3376,3522,6028,5216,6028,770,677
3374,3522,6029,5216,6029,770,677
3375,3522,6030,5216,6030,770,677
3376,3522,6031,5216,6031,770,677
3376,3522,6032,5216,6032,770,677
3376,3522,6033,5216,6033,770,677
3373,3522,6034,5216,6034,770,677
3372,3522,6035,5216,6035,770,677
3370,3522,6036,5216,6036,770,677
3371,3522,6037,5216,6037,770,677
3372,3522,6038,5216,6038,770,677
3373,3522,6039,5216,6039,770,677
3374,3522,6040,5216,6040,770,677
3375,3522,6041,5216,6041,770,677
3376,3522,6042,5216,6042,770,677
3377,3522,6043,5216,6043,770,677
3378,3522,6044,5216,6044,770,677
3379,3522,6045,5216,6045,770,677
3380,3522,6046,5216,6046,770,677
3381,3522,6047,5216,6047,770,677
3379,3522,6048,5216,6048,770,677
3380,3522,6049,5216,6049,770,677
3381,3522,6050,5216,6050,770,677
3382,3522,6051,5216,6051,770,677
3381,3522,6052,5216,6052,770,677
3379,3522,6053,5216,6053,770,677
3379,3522,6054,5216,6054,770,677
3378,3522,6055,5216,6055,770,677
3378,3522,6056,5216,6056,770,677
3377,3522,6057,5216,6057,770,677
3377,3522,6058,5216,6058,770,677
3378,3522,6059,5216,6059,770,677
3379,3522,6060,5216,6060,770,677
3380,3522,6061,5216,6061,770,677
3376,3522,6062,5216,6062,770,676
3377,3522,6063,5216,6063,770,676
3375,3522,6064,5216,6064,770,676
3376,3522,6065,5216,6065,770,676
3376,3522,6066,5216,6066,770,676
3377,3522,6067,5216,6067,770,676
3378,3522,6068,5216,6068,770,676
3376,3522,6069,5216,6069,770,676
3373,3522,6070,5216,6070,770,676
3374,3522,6071,5216,6071,770,676
3371,3522,6072,5216,6072,770,676
3371,3522,6073,5216,6073,770,676
3372,3522,6074,5216,6074,770,676
3369,3522,6075,5216,6075,770,676
3370,3522,6076,5216,6076,770,676
3370,3522,6077,5216,6077,770,676
3371,3522,6078,5216,6078,770,676
3367,3522,6079,5216,6079,770,675
3368,3522,6080,5216,6080,770,675
3369,3522,6081,5216,6081,770,675
3370,3522,6082,5216,6082,770,675
3371,3522,6083,5216,6083,770,675
3371,3522,6084,5216,6084,770,675
3369,3522,6085,5216,6085,770,675
3369,3522,6086,5216,6086,770,675
3370,3522,6087,5216,6087,770,675
3369,3522,6088,5216,6088,770,674
3369,3522,6089,5216,6089,770,674
3370,3522,6090,5216,6090,770,674
3371,3522,6091,5216,6091,770,674
3372,3522,6092,5216,6092,770,674
3373,3522,6093,5216,6093,770,674
3373,3522,6094,5216,6094,770,674
3373,3522,6095,5216,6095,770,674
3373,3522,6096,5216,6096,770,674
3373,3522,6097,5216,6097,770,674
3372,3522,6098,5216,6098,770,674
3372,3522,6099,5216,6099,770,674
3373,3522,6100,5216,6100,770,674
3372,3522,6101,5216,6101,770,674
3372,3522,6102,5216,6102,770,674
3373,3522,6103,5216,6103,770,674
3374,3522,6104,5216,6104,770,674
3371,3522,6105,5216,6105,770,674
3371,3522,6106,5216,6106,770,674
3370,3522,6107,5216,6107,770,674
3371,3522,6108,5216,6108,770,674
3370,3522,6109,5216,6109,770,674
3369,3522,6110,5216,6110,770,674
3370,3522,6111,5216,6111,770,674
3370,3522,6112,5216,6112,770,674
3368,3522,6113,5216,6113,770,674
3365,3522,6114,5216,6114,770,673
3364,3522,6115,5216,6115,770,673
3364,3522,6116,5216,6116,770,673
3365,3522,6117,5216,6117,770,673
3366,3522,6118,5216,6118,770,673
3367,3522,6119,5216,6119,770,673
3366,3522,6120,5216,6120,770,673
3367,3522,6121,5216,6121,770,673
3362,3522,6122,5216,6122,770,672
3363,3522,6123,5216,6123,770,672
3362,3522,6124,5216,6124,770,672
3363,3522,6125,5216,6125,770,672
3364,3522,6126,5216,6126,770,672
3363,3522,6127,5216,6127,770,672
3364,3522,6128,5216,6128,770,672
3365,3522,6129,5216,6129,770,672
3365,3522,6130,5216,6130,770,672
3364,3522,6131,5216,6131,770,672
3364,3522,6132,5216,6132,770,672
3363,3522,6133,5216,6133,770,672
3363,3522,6134,5216,6134,770,672
3362,3522,6135,5216,6135,770,672
3363,3522,6136,5216,6136,770,672
3364,3522,6137,5216,6137,770,672
3365,3522,6138,5216,6138,770,672
3366,3522,6139,5216,6139,770,672
3364,3522,6140,5216,6140,770,672
3365,3522,6141,5216,6141,770,672
3366,3522,6142,5216,6142,770,672
3367,3522,6143,5216,6143,770,672
3364,3522,6144,5216,6144,770,672
3365,3522,6145,5216,6145,770,672
3366,3522,6146,5216,6146,770,672
3365,3522,6147,5216,6147,770,672
3366,3522,6148,5216,6148,770,672
3366,3522,6149,5216,6149,770,672
3366,3522,6150,5216,6150,770,672
3362,3522,6151,5216,6151,770,672
3361,3522,6152,5216,6152,770,672
3362,3522,6153,5216,6153,770,672
3363,3522,6154,5216,6154,770,672
3363,3522,6155,5216,6155,770,672
3364,3522,6156,5216,6156,770,672
3365,3522,6157,5216,6157,770,672
3364,3522,6158,5216,6158,770,672
3363,3522,6159,5216,6159,770,672
3360,3522,6160,5216,6160,770,671
3360,3522,6161,5216,6161,770,671
3360,3522,6162,5216,6162,770,671
3361,3522,6163,5216,6163,770,671
3359,3522,6164,5216,6164,770,671
3360,3522,6165,5216,6165,770,671
3358,3522,6166,5216,6166,770,671
3359,3522,6167,5216,6167,770,671
3360,3522,6168,5216,6168,770,671
3359,3522,6169,5216,6169,770,671
3358,3522,6170,5216,6170,770,671
3359,3522,6171,5216,6171,770,671
3359,3522,6172,5216,6172,770,671
3359,3522,6173,5216,6173,770,671
3360,3522,6174,5216,6174,770,671
3361,3522,6175,5216,6175,770,671
3358,3522,6176,5216,6176,770,671
3357,3522,6177,5216,6177,770,671
3357,3522,6178,5216,6178,770,671
3355,3522,6179,5216,6179,770,671
3355,3522,6180,5216,6180,770,671
3355,3522,6181,5216,6181,770,671
3356,3522,6182,5216,6182,770,671
3357,3522,6183,5216,6183,770,671
3357,3522,6184,5216,6184,770,671
3358,3522,6185,5216,6185,770,671
3359,3522,6186,5216,6186,770,671
3358,3522,6187,5216,6187,770,671
3359,3522,6188,5216,6188,770,671
3355,3522,6189,5216,6189,770,670
3349,3522,6190,5216,6190,770,667
3348,3522,6191,5216,6191,770,667
3348,3522,6192,5216,6192,770,667
3346,3522,6193,5216,6193,770,667
3347,3522,6194,5216,6194,770,667
3346,3522,6195,5216,6195,770,666
3347,3522,6196,5216,6196,770,666
3348,3522,6197,5216,6197,770,666
3349,3522,6198,5216,6198,770,666
3350,3522,6199,5216,6199,770,666
3349,3522,6200,5216,6200,770,666
3350,3522,6201,5216,6201,770,666
3348,3522,6202,5216,6202,770,665
3346,3522,6203,5216,6203,770,665
3343,3522,6204,5216,6204,770,665
3344,3522,6205,5216,6205,770,665
3341,3522,6206,5216,6206,770,665
3339,3522,6207,5216,6207,770,664
3339,3522,6208,5216,6208,770,664
3340,3522,6209,5216,6209,770,664
3339,3522,6210,5216,6210,770,664
3337,3522,6211,5216,6211,770,663
3336,3522,6212,5216,6212,770,663
3337,3522,6213,5216,6213,770,663
3336,3522,6214,5216,6214,770,663
3337,3522,6215,5216,6215,770,663
3338,3522,6216,5216,6216,770,663
3339,3522,6217,5216,6217,770,663
3338,3522,6218,5216,6218,770,663
3336,3522,6219,5216,6219,770,663
3336,3522,6220,5216,6220,770,663
3337,3522,6221,5216,6221,770,663
3338,3522,6222,5216,6222,770,663
3338,3522,6223,5216,6223,770,663
3339,3522,6224,5216,6224,770,663
3339,3522,6225,5216,6225,770,663
3339,3522,6226,5216,6226,770,663
3339,3522,6227,5216,6227,770,663
3340,3522,6228,5216,6228,770,663
3341,3522,6229,5216,6229,770,663
3339,3522,6230,5216,6230,770,663
3340,3522,6231,5216,6231,770,663
3341,3522,6232,5216,6232,770,663
3342,3522,6233,5216,6233,770,663
3342,3522,6234,5216,6234,770,663
3341,3522,6235,5216,6235,770,663
3342,3522,6236,5216,6236,770,663
3342,3522,6237,5216,6237,770,663
3340,3522,6238,5216,6238,770,663
3340,3522,6239,5216,6239,770,663
3341,3522,6240,5216,6240,770,663
3342,3522,6241,5216,6241,770,663
3343,3522,6242,5216,6242,770,663
3344,3522,6243,5216,6243,770,663
3343,3522,6244,5216,6244,770,663
3344,3522,6245,5216,6245,770,663
3345,3522,6246,5216,6246,770,663
3345,3522,6247,5216,6247,770,663
3342,3522,6248,5216,6248,770,661
3341,3522,6249,5216,6249,770,661
3341,3522,6250,5216,6250,770,661
3342,3522,6251,5216,6251,770,661
3343,3522,6252,5216,6252,770,661
3344,3522,6253,5216,6253,770,661
3343,3522,6254,5216,6254,770,661
3344,3522,6255,5216,6255,770,661
3345,3522,6256,5216,6256,770,661
3344,3522,6257,5216,6257,770,661
3344,3522,6258,5216,6258,770,661
3344,3522,6259,5216,6259,770,661
3343,3522,6260,5216,6260,770,661
3344,3522,6261,5216,6261,770,661
3344,3522,6262,5216,6262,770,661
3343,3522,6263,5216,6263,770,661
3344,3522,6264,5216,6264,770,661
3345,3522,6265,5216,6265,770,661
3345,3522,6266,5216,6266,770,661
3345,3522,6267,5216,6267,770,661
3346,3522,6268,5216,6268,770,661
3347,3522,6269,5216,6269,770,661
3348,3522,6270,5216,6270,770,661
3348,3522,6271,5216,6271,770,661
3347,3522,6272,5216,6272,770,661
3348,3522,6273,5216,6273,770,661
3347,3522,6274,5216,6274,770,661
3347,3522,6275,5216,6275,770,661
3348,3522,6276,5216,6276,770,661
3349,3522,6277,5216,6277,770,661
3348,3522,6278,5216,6278,770,661
3348,3522,6279,5216,6279,770,661
3348,3522,6280,5216,6280,770,661
3346,3522,6281,5216,6281,770,661
3340,3522,6282,5216,6282,770,661
3341,3522,6283,5216,6283,770,661
3342,3522,6284,5216,6284,770,661
3341,3522,6285,5216,6285,770,661
3342,3522,6286,5216,6286,770,661
3343,3522,6287,5216,6287,770,661
3344,3522,6288,5216,6288,770,661
3343,3522,6289,5216,6289,770,661
3344,3522,6290,5216,6290,770,661
3345,3522,6291,5216,6291,770,661
3346,3522,6292,5216,6292,770,661
3347,3522,6293,5216,6293,770,661
3348,3522,6294,5216,6294,770,661
3349,3522,6295,5216,6295,770,661
3348,3522,6296,5216,6296,770,661
3349,3522,6297,5216,6297,770,661
3348,3522,6298,5216,6298,770,661
3349,3522,6299,5216,6299,770,661
3350,3522,6300,5216,6300,770,661
3347,3522,6301,5216,6301,770,661
3348,3522,6302,5216,6302,770,661
3349,3522,6303,5216,6303,770,661
3350,3522,6304,5216,6304,770,661
3351,3522,6305,5216,6305,770,661
3351,3522,6306,5216,6306,770,661
3350,3522,6307,5216,6307,770,661
3351,3522,6308,5216,6308,770,661
3349,3522,6309,5216,6309,770,661
3347,3522,6310,5216,6310,770,661
3348,3522,6311,5216,6311,770,661
3347,3522,6312,5216,6312,770,660
3345,3522,6313,5216,6313,770,660
3345,3522,6314,5216,6314,770,660
3346,3522,6315,5216,6315,770,660
3344,3522,6316,5216,6316,770,660
3339,3522,6317,5216,6317,770,659
3340,3522,6318,5216,6318,770,659
3340,3522,6319,5216,6319,770,659
3338,3522,6320,5216,6320,770,659
3335,3522,6321,5216,6321,770,659
3336,3522,6322,5216,6322,770,659
3335,3522,6323,5216,6323,770,658
3336,3522,6324,5216,6324,770,658
3333,3522,6325,5216,6325,770,658
3334,3522,6326,5216,6326,770,658
3335,3522,6327,5216,6327,770,658
3336,3522,6328,5216,6328,770,658
3337,3522,6329,5216,6329,770,658
3338,3522,6330,5216,6330,770,658
3336,3522,6331,5216,6331,770,658
3337,3522,6332,5216,6332,770,658
3337,3522,6333,5216,6333,770,658
3334,3522,6334,5216,6334,770,658
3335,3522,6335,5216,6335,770,658
3336,3522,6336,5216,6336,770,658
3335,3522,6337,5216,6337,770,658
3333,3522,6338,5216,6338,770,658
3332,3522,6339,5216,6339,770,658
3329,3522,6340,5216,6340,770,658
3330,3522,6341,5216,6341,770,658
3327,3522,6342,5216,6342,770,656
3325,3522,6343,5216,6343,770,656
3326,3522,6344,5216,6344,770,656
3327,3522,6345,5216,6345,770,656
3328,3522,6346,5216,6346,770,656
3329,3522,6347,5216,6347,770,656
3326,3522,6348,5216,6348,770,654
3327,3522,6349,5216,6349,770,654
3323,3522,6350,5216,6350,770,653
3321,3522,6351,5216,6351,770,652
3321,3522,6352,5216,6352,770,652
3322,3522,6353,5216,6353,770,652
3320,3522,6354,5216,6354,770,652
3321,3522,6355,5216,6355,770,652
3319,3522,6356,5216,6356,770,652
3316,3522,6357,5216,6357,770,652
3317,3522,6358,5216,6358,770,652
3316,3522,6359,5216,6359,770,652
3317,3522,6360,5216,6360,770,652
3318,3522,6361,5216,6361,770,652
3319,3522,6362,5216,6362,770,652
3319,3522,6363,5216,6363,770,652
3320,3522,6364,5216,6364,770,652
3319,3522,6365,5216,6365,770,652
3318,3522,6366,5216,6366,770,652
3316,3522,6367,5216,6367,770,652
3316,3522,6368,5216,6368,770,652
3316,3522,6369,5216,6369,770,652
3317,3522,6370,5216,6370,770,652
3317,3522,6371,5216,6371,770,652
3318,3522,6372,5216,6372,770,652
3316,3522,6373,5216,6373,770,652
3317,3522,6374,5216,6374,770,652
3317,3522,6375,5216,6375,770,652
3318,3522,6376,5216,6376,770,652
3318,3522,6377,5216,6377,770,652
3315,3522,6378,5216,6378,770,651
3314,3522,6379,5216,6379,770,651
3312,3522,6380,5216,6380,770,651
3310,3522,6381,5216,6381,770,651
3310,3522,6382,5216,6382,770,651
3308,3522,6383,5216,6383,770,651
3309,3522,6384,5216,6384,770,651
3307,3522,6385,5216,6385,770,651
3306,3522,6386,5216,6386,770,651
3306,3522,6387,5216,6387,770,651
3302,3522,6388,5216,6388,770,651
3303,3522,6389,5216,6389,770,651
3301,3522,6390,5216,6390,770,650
3298,3522,6391,5216,6391,770,650
3299,3522,6392,5216,6392,770,650
3300,3522,6393,5216,6393,770,650
3300,3522,6394,5216,6394,770,650
3301,3522,6395,5216,6395,770,650
3301,3522,6396,5216,6396,770,650
3301,3522,6397,5216,6397,770,650
3301,3522,6398,5216,6398,770,650
3302,3522,6399,5216,6399,770,650
3302,3522,6400,5216,6400,770,650
3303,3522,6401,5216,6401,770,650
3304,3522,6402,5216,6402,770,650
3305,3522,6403,5216,6403,770,650
3306,3522,6404,5216,6404,770,650
3305,3522,6405,5216,6405,770,650
3306,3522,6406,5216,6406,770,650
3305,3522,6407,5216,6407,770,650
3306,3522,6408,5216,6408,770,650
3305,3522,6409,5216,6409,770,650
3306,3522,6410,5216,6410,770,650
3305,3522,6411,5216,6411,770,650
3305,3522,6412,5216,6412,770,650
3303,3522,6413,5216,6413,770,650
3301,3522,6414,5216,6414,770,650
3302,3522,6415,5216,6415,770,650
3302,3522,6416,5216,6416,770,650
3303,3522,6417,5216,6417,770,650
3303,3522,6418,5216,6418,770,650
3304,3522,6419,5216,6419,770,650
3305,3522,6420,5216,6420,770,650
3305,3522,6421,5216,6421,770,650
3305,3522,6422,5216,6422,770,650
3305,3522,6423,5216,6423,770,650
3305,3522,6424,5216,6424,770,650
3305,3522,6425,5216,6425,770,650
3305,3522,6426,5216,6426,770,650
3306,3522,6427,5216,6427,770,650
3307,3522,6428,5216,6428,770,650
3308,3522,6429,5216,6429,770,650
3308,3522,6430,5216,6430,770,650
3309,3522,6431,5216,6431,770,650
3310,3522,6432,5216,6432,770,650
3311,3522,6433,5216,6433,770,650
3312,3522,6434,5216,6434,770,650
3310,3522,6435,5216,6435,770,649
3310,3522,6436,5216,6436,770,649
3311,3522,6437,5216,6437,770,649
3311,3522,6438,5216,6438,770,649
3312,3522,6439,5216,6439,770,649
3313,3522,6440,5216,6440,770,649
3310,3522,6441,5216,6441,770,649
3310,3522,6442,5216,6442,770,649
3310,3522,6443,5216,6443,770,649
3309,3522,6444,5216,6444,770,649
3309,3522,6445,5216,6445,770,649
3307,3522,6446,5216,6446,770,648
3307,3522,6447,5216,6447,770,648
3305,3522,6448,5216,6448,770,648
3305,3522,6449,5216,6449,770,648
3303,3522,6450,5216,6450,770,648
3304,3522,6451,5216,6451,770,648
3305,3522,6452,5216,6452,770,648
3305,3522,6453,5216,6453,770,648
3306,3522,6454,5216,6454,770,648
3303,3522,6455,5216,6455,770,648
3304,3522,6456,5216,6456,770,648
3300,3522,6457,5216,6457,770,648
3297,3522,6458,5216,6458,770,647
3296,3522,6459,5216,6459,770,647
3296,3522,6460,5216,6460,770,647
3296,3522,6461,5216,6461,770,647
3297,3522,6462,5216,6462,770,647
3296,3522,6463,5216,6463,770,647
3297,3522,6464,5216,6464,770,647
3298,3522,6465,5216,6465,770,647
3298,3522,6466,5216,6466,770,647
3299,3522,6467,5216,6467,770,647
3300,3522,6468,5216,6468,770,647
3299,3522,6469,5216,6469,770,647
3299,3522,6470,5216,6470,770,647
3300,3522,6471,5216,6471,770,647
3301,3522,6472,5216,6472,770,647
3301,3522,6473,5216,6473,770,647
3302,3522,6474,5216,6474,770,647
3303,3522,6475,5216,6475,770,647
3304,3522,6476,5216,6476,770,647
3300,3522,6477,5216,6477,770,647
3301,3522,6478,5216,6478,770,647
3302,3522,6479,5216,6479,770,647
3302,3522,6480,5216,6480,770,647
3303,3522,6481,5216,6481,770,647
3304,3522,6482,5216,6482,770,647
3302,3522,6483,5216,6483,770,647
3303,3522,6484,5216,6484,770,647
3300,3522,6485,5216,6485,770,646
3301,3522,6486,5216,6486,770,646
3297,3522,6487,5216,6487,770,646
3295,3522,6488,5216,6488,770,646
3296,3522,6489,5216,6489,770,646
3294,3522,6490,5216,6490,770,646
3295,3522,6491,5216,6491,770,646
3296,3522,6492,5216,6492,770,646
3297,3522,6493,5216,6493,770,646
3298,3522,6494,5216,6494,770,646
3299,3522,6495,5216,6495,770,646
3297,3522,6496,5216,6496,770,645
3296,3522,6497,5216,6497,770,645
3293,3522,6498,5216,6498,770,644
3293,3522,6499,5216,6499,770,644
3294,3522,6500,5216,6500,770,644
3295,3522,6501,5216,6501,770,644
3295,3522,6502,5216,6502,770,644
3290,3522,6503,5216,6503,770,644
3290,3522,6504,5216,6504,770,644
3289,3522,6505,5216,6505,770,644
3290,3522,6506,5216,6506,770,644
3291,3522,6507,5216,6507,770,644
3292,3522,6508,5216,6508,770,644
3293,3522,6509,5216,6509,770,644
3294,3522,6510,5216,6510,770,644
3295,3522,6511,5216,6511,770,644
3295,3522,6512,5216,6512,770,644
3295,3522,6513,5216,6513,770,644
3295,3522,6514,5216,6514,770,644
3295,3522,6515,5216,6515,770,644
3293,3522,6516,5216,6516,770,644
3292,3522,6517,5216,6517,770,644
3293,3522,6518,5216,6518,770,644
3291,3522,6519,5216,6519,770,644
3288,3522,6520,5216,6520,770,644
3286,3522,6521,5216,6521,770,643
3284,3522,6522,5216,6522,770,643
3285,3522,6523,5216,6523,770,643
3283,3522,6524,5216,6524,770,643
3284,3522,6525,5216,6525,770,643
3283,3522,6526,5216,6526,770,643
3283,3522,6527,5216,6527,770,643
3284,3522,6528,5216,6528,770,643
3285,3522,6529,5216,6529,770,643
3286,3522,6530,5216,6530,770,643
3286,3522,6531,5216,6531,770,643
3282,3522,6532,5216,6532,770,643
3282,3522,6533,5216,6533,770,643
3283,3522,6534,5216,6534,770,643
3284,3522,6535,5216,6535,770,643
3284,3522,6536,5216,6536,770,643
3285,3522,6537,5216,6537,770,643
3286,3522,6538,5216,6538,770,643
3285,3522,6539,5216,6539,770,643
3284,3522,6540,5216,6540,770,643
3284,3522,6541,5216,6541,770,643
3283,3522,6542,5216,6542,770,643
3283,3522,6543,5216,6543,770,643
3283,3522,6544,5216,6544,770,643
3279,3522,6545,5216,6545,770,643
3279,3522,6546,5216,6546,770,643
3278,3522,6547,5216,6547,770,643
3279,3522,6548,5216,6548,770,643
3280,3522,6549,5216,6549,770,643
3281,3522,6550,5216,6550,770,643
3282,3522,6551,5216,6551,770,643
3282,3522,6552,5216,6552,770,643
3283,3522,6553,5216,6553,770,643
3284,3522,6554,5216,6554,770,643
3285,3522,6555,5216,6555,770,643
3286,3522,6556,5216,6556,770,643
3287,3522,6557,5216,6557,770,643
3288,3522,6558,5216,6558,770,643
3287,3522,6559,5216,6559,770,642
3288,3522,6560,5216,6560,770,642
3289,3522,6561,5216,6561,770,642
3290,3522,6562,5216,6562,770,642
3291,3522,6563,5216,6563,770,642
3291,3522,6564,5216,6564,770,642
3289,3522,6565,5216,6565,770,642
3287,3522,6566,5216,6566,770,642
3285,3522,6567,5216,6567,770,642
3284,3522,6568,5216,6568,770,642
3285,3522,6569,5216,6569,770,642
3282,3522,6570,5216,6570,770,642
3282,3522,6571,5216,6571,770,642
3281,3522,6572,5216,6572,770,642
3279,3522,6573,5216,6573,770,642
3280,3522,6574,5216,6574,770,642
3278,3522,6575,5216,6575,770,642
3273,3522,6576,5216,6576,770,640
3274,3522,6577,5216,6577,770,640
3273,3522,6578,5216,6578,770,640
3274,3522,6579,5216,6579,770,640
3274,3522,6580,5216,6580,770,640
3274,3522,6581,5216,6581,770,640
3273,3522,6582,5216,6582,770,640
3274,3522,6583,5216,6583,770,640
3276,3522,6584,5216,6584,770,641
3277,3522,6585,5216,6585,770,641
3278,3522,6586,5216,6586,770,641
3279,3522,6587,5216,6587,770,641
3278,3522,6588,5216,6588,770,641
3278,3522,6589,5216,6589,770,641
3279,3522,6590,5216,6590,770,641
3278,3522,6591,5216,6591,770,641
3277,3522,6592,5216,6592,770,641
3278,3522,6593,5216,6593,770,641
3278,3522,6594,5216,6594,770,641
3279,3522,6595,5216,6595,770,641
3280,3522,6596,5216,6596,770,641
3280,3522,6597,5216,6597,770,641
3281,3522,6598,5216,6598,770,641
3282,3522,6599,5216,6599,770,641
3280,3522,6600,5216,6600,770,640
3276,3522,6601,5216,6601,770,640
3277,3522,6602,5216,6602,770,640
3278,3522,6603,5216,6603,770,640
3276,3522,6604,5216,6604,770,640
3277,3522,6605,5216,6605,770,640
3278,3522,6606,5216,6606,770,640
3276,3522,6607,5216,6607,770,640
3277,3522,6608,5216,6608,770,640
3278,3522,6609,5216,6609,770,640
3278,3522,6610,5216,6610,770,640
3279,3522,6611,5216,6611,770,640
3277,3522,6612,5216,6612,770,640
3275,3522,6613,5216,6613,770,640
3274,3522,6614,5216,6614,770,640
3271,3522,6615,5216,6615,770,640
3271,3522,6616,5216,6616,770,640
3272,3522,6617,5216,6617,770,640
3273,3522,6618,5216,6618,770,640
3272,3522,6619,5216,6619,770,640
3273,3522,6620,5216,6620,770,640
3274,3522,6621,5216,6621,770,640
3275,3522,6622,5216,6622,770,640
3276,3522,6623,5216,6623,770,640
3277,3522,6624,5216,6624,770,640
3277,3522,6625,5216,6625,770,640
3277,3522,6626,5216,6626,770,640
3278,3522,6627,5216,6627,770,640
3277,3522,6628,5216,6628,770,640
3274,3522,6629,5216,6629,770,639
3275,3522,6630,5216,6630,770,639
3275,3522,6631,5216,6631,770,639
3275,3522,6632,5216,6632,770,639
3276,3522,6633,5216,6633,770,639
3277,3522,6634,5216,6634,770,639
3277,3522,6635,5216,6635,770,639
3277,3522,6636,5216,6636,770,639
3278,3522,6637,5216,6637,770,639
3276,3522,6638,5216,6638,770,638
3275,3522,6639,5216,6639,770,638
3276,3522,6640,5216,6640,770,638
3276,3522,6641,5216,6641,770,638
3277,3522,6642,5216,6642,770,638
3277,3522,6643,5216,6643,770,638
3277,3522,6644,5216,6644,770,638
3273,3522,6645,5216,6645,770,638
3273,3522,6646,5216,6646,770,638
3272,3522,6647,5216,6647,770,638
3271,3522,6648,5216,6648,770,638
3270,3522,6649,5216,6649,770,638
3270,3522,6650,5216,6650,770,638
3271,3522,6651,5216,6651,770,638
3271,3522,6652,5216,6652,770,638
3269,3522,6653,5216,6653,770,638
3268,3522,6654,5216,6654,770,638
3267,3522,6655,5216,6655,770,638
3267,3522,6656,5216,6656,770,638
3264,3522,6657,5216,6657,770,638
3264,3522,6658,5216,6658,770,638
3265,3522,6659,5216,6659,770,638
3266,3522,6660,5216,6660,770,638
3267,3522,6661,5216,6661,770,638
3268,3522,6662,5216,6662,770,638
3269,3522,6663,5216,6663,770,638
3270,3522,6664,5216,6664,770,638
3271,3522,6665,5216,6665,770,638
3271,3522,6666,5216,6666,770,638
3272,3522,6667,5216,6667,770,638
3272,3522,6668,5216,6668,770,638
3273,3522,6669,5216,6669,770,638
3271,3522,6670,5216,6670,770,638
3271,3522,6671,5216,6671,770,638
3271,3522,6672,5216,6672,770,638
3266,3522,6673,5216,6673,770,638
3267,3522,6674,5216,6674,770,638
3265,3522,6675,5216,6675,770,638
3266,3522,6676,5216,6676,770,638
3264,3522,6677,5216,6677,770,637
3262,3522,6678,5216,6678,770,636
3263,3522,6679,5216,6679,770,636
3263,3522,6680,5216,6680,770,636
3262,3522,6681,5216,6681,770,636
3261,3522,6682,5216,6682,770,635
3259,3522,6683,5216,6683,770,635
3260,3522,6684,5216,6684,770,635
3261,3522,6685,5216,6685,770,635
3259,3522,6686,5216,6686,770,635
3254,3522,6687,5216,6687,770,634
3251,3522,6688,5216,6688,770,634
3252,3522,6689,5216,6689,770,634
3253,3522,6690,5216,6690,770,634
3254,3522,6691,5216,6691,770,634
3255,3522,6692,5216,6692,770,634
3254,3522,6693,5216,6693,770,634
3255,3522,6694,5216,6694,770,634
3256,3522,6695,5216,6695,770,634
3256,3522,6696,5216,6696,770,634
3257,3522,6697,5216,6697,770,634
3257,3522,6698,5216,6698,770,634
3258,3522,6699,5216,6699,770,634
3259,3522,6700,5216,6700,770,634
3260,3522,6701,5216,6701,770,634
3261,3522,6702,5216,6702,770,634
3262,3522,6703,5216,6703,770,634
3263,3522,6704,5216,6704,770,634
3264,3522,6705,5216,6705,770,634
3264,3522,6706,5216,6706,770,634
3262,3522,6707,5216,6707,770,634
3263,3522,6708,5216,6708,770,634
3261,3522,6709,5216,6709,770,633
3260,3522,6710,5216,6710,770,633
3259,3522,6711,5216,6711,770,633
3259,3522,6712,5216,6712,770,633
3259,3522,6713,5216,6713,770,633
3260,3522,6714,5216,6714,770,633
3261,3522,6715,5216,6715,770,633
3258,3522,6716,5216,6716,770,633
3258,3522,6717,5216,6717,770,633
3259,3522,6718,5216,6718,770,633
3260,3522,6719,5216,6719,770,633
3259,3522,6720,5216,6720,770,633
3260,3522,6721,5216,6721,770,633
3260,3522,6722,5216,6722,770,633
3259,3522,6723,5216,6723,770,633
3257,3522,6724,5216,6724,770,633
3257,3522,6725,5216,6725,770,633
3258,3522,6726,5216,6726,770,633
3258,3522,6727,5216,6727,770,633
3257,3522,6728,5216,6728,770,633
3257,3522,6729,5216,6729,770,633
3255,3522,6730,5216,6730,770,633
3255,3522,6731,5216,6731,770,633
3252,3522,6732,5216,6732,770,633
3248,3522,6733,5216,6733,770,632
3249,3522,6734,5216,6734,770,632
3250,3522,6735,5216,6735,770,632
3251,3522,6736,5216,6736,770,632
3252,3522,6737,5216,6737,770,632
3253,3522,6738,5216,6738,770,632
3250,3522,6739,5216,6739,770,632
3251,3522,6740,5216,6740,770,632
3248,3522,6741,5216,6741,770,632
3249,3522,6742,5216,6742,770,632
3250,3522,6743,5216,6743,770,632
3251,3522,6744,5216,6744,770,632
3249,3522,6745,5216,6745,770,632
3250,3522,6746,5216,6746,770,632
3250,3522,6747,5216,6747,770,632
3250,3522,6748,5216,6748,770,632
3247,3522,6749,5216,6749,770,631
3248,3522,6750,5216,6750,770,631
3248,3522,6751,5216,6751,770,631
3246,3522,6752,5216,6752,770,631
3246,3522,6753,5216,6753,770,631
3247,3522,6754,5216,6754,770,631
3246,3522,6755,5216,6755,770,631
3246,3522,6756,5216,6756,770,631
3243,3522,6757,5216,6757,770,631
3243,3522,6758,5216,6758,770,631
3240,3522,6759,5216,6759,770,631
3237,3522,6760,5216,6760,770,631
3238,3522,6761,5216,6761,770,631
3239,3522,6762,5216,6762,770,631
3240,3522,6763,5216,6763,770,631
3240,3522,6764,5216,6764,770,631
3241,3522,6765,5216,6765,770,631
3242,3522,6766,5216,6766,770,631
3241,3522,6767,5216,6767,770,631
3242,3522,6768,5216,6768,770,631
3243,3522,6769,5216,6769,770,631
3242,3522,6770,5216,6770,770,631
3242,3522,6771,5216,6771,770,631
3239,3522,6772,5216,6772,770,631
3239,3522,6773,5216,6773,770,631
3236,3522,6774,5216,6774,770,631
3237,3522,6775,5216,6775,770,631
3238,3522,6776,5216,6776,770,631
3238,3522,6777,5216,6777,770,631
3237,3522,6778,5216,6778,770,631
3237,3522,6779,5216,6779,770,631
3238,3522,6780,5216,6780,770,631
3235,3522,6781,5216,6781,770,628
3236,3522,6782,5216,6782,770,628
3237,3522,6783,5216,6783,770,628
3236,3522,6784,5216,6784,770,628
3235,3522,6785,5216,6785,770,628
3234,3522,6786,5216,6786,770,628
3233,3522,6787,5216,6787,770,628
3231,3522,6788,5216,6788,770,628
3228,3522,6789,5216,6789,770,627
3226,3522,6790,5216,6790,770,627
3227,3522,6791,5216,6791,770,627
3228,3522,6792,5216,6792,770,627
3229,3522,6793,5216,6793,770,627
3230,3522,6794,5216,6794,770,627
3231,3522,6795,5216,6795,770,627
3231,3522,6796,5216,6796,770,627
3230,3522,6797,5216,6797,770,627
3231,3522,6798,5216,6798,770,627
3230,3522,6799,5216,6799,770,627
3231,3522,6800,5216,6800,770,627
3228,3522,6801,5216,6801,770,627
3225,3522,6802,5216,6802,770,627
3223,3522,6803,5216,6803,770,627
3222,3522,6804,5216,6804,770,627
3223,3522,6805,5216,6805,770,627
3221,3522,6806,5216,6806,770,627
3221,3522,6807,5216,6807,770,627
3222,3522,6808,5216,6808,770,627
3223,3522,6809,5216,6809,770,627
3223,3522,6810,5216,6810,770,627
3224,3522,6811,5216,6811,770,627
3225,3522,6812,5216,6812,770,627
3226,3522,6813,5216,6813,770,627
3227,3522,6814,5216,6814,770,627
3227,3522,6815,5216,6815,770,627
3228,3522,6816,5216,6816,770,627
3228,3522,6817,5216,6817,770,627
3227,3522,6818,5216,6818,770,627
3228,3522,6819,5216,6819,770,627
3229,3522,6820,5216,6820,770,627
3228,3522,6821,5216,6821,770,627
3229,3522,6822,5216,6822,770,627
3229,3522,6823,5216,6823,770,627
3230,3522,6824,5216,6824,770,627
3231,3522,6825,5216,6825,770,627
3232,3522,6826,5216,6826,770,627
3232,3522,6827,5216,6827,770,627
3233,3522,6828,5216,6828,770,627
3234,3522,6829,5216,6829,770,627
3230,3522,6830,5216,6830,770,627
3230,3522,6831,5216,6831,770,627
3230,3522,6832,5216,6832,770,627
3231,3522,6833,5216,6833,770,627
3232,3522,6834,5216,6834,770,627
3233,3522,6835,5216,6835,770,627
3230,3522,6836,5216,6836,770,626
3231,3522,6837,5216,6837,770,626
3232,3522,6838,5216,6838,770,626
3230,3522,6839,5216,6839,770,626
3231,3522,6840,5216,6840,770,626
3229,3522,6841,5216,6841,770,625
3230,3522,6842,5216,6842,770,625
3231,3522,6843,5216,6843,770,625
3232,3522,6844,5216,6844,770,625
3231,3522,6845,5216,6845,770,625
3231,3522,6846,5216,6846,770,625
3225,3522,6847,5216,6847,770,624
3224,3522,6848,5216,6848,770,624
3225,3522,6849,5216,6849,770,624
3225,3522,6850,5216,6850,770,624
3225,3522,6851,5216,6851,770,624
3224,3522,6852,5216,6852,770,624
3224,3522,6853,5216,6853,770,624
3224,3522,6854,5216,6854,770,624
3225,3522,6855,5216,6855,770,624
3226,3522,6856,5216,6856,770,624
3224,3522,6857,5216,6857,770,624
3225,3522,6858,5216,6858,770,624
3226,3522,6859,5216,6859,770,624
3227,3522,6860,5216,6860,770,624
3228,3522,6861,5216,6861,770,624
3227,3522,6862,5216,6862,770,624
3227,3522,6863,5216,6863,770,624
3225,3522,6864,5216,6864,770,624
3223,3522,6865,5216,6865,770,624
3222,3522,6866,5216,6866,770,624
3222,3522,6867,5216,6867,770,624
3223,3522,6868,5216,6868,770,624
3219,3522,6869,5216,6869,770,624
3219,3522,6870,5216,6870,770,624
3220,3522,6871,5216,6871,770,624
3218,3522,6872,5216,6872,770,622
3218,3522,6873,5216,6873,770,622
3219,3522,6874,5216,6874,770,622
3220,3522,6875,5216,6875,770,622
3219,3522,6876,5216,6876,770,622
3220,3522,6877,5216,6877,770,622
3220,3522,6878,5216,6878,770,622
3221,3522,6879,5216,6879,770,622
3222,3522,6880,5216,6880,770,622
3223,3522,6881,5216,6881,770,622
3222,3522,6882,5216,6882,770,622
3223,3522,6883,5216,6883,770,622
3224,3522,6884,5216,6884,770,622
3222,3522,6885,5216,6885,770,622
3222,3522,6886,5216,6886,770,622
3223,3522,6887,5216,6887,770,622
3224,3522,6888,5216,6888,770,622
3225,3522,6889,5216,6889,770,622
3220,3522,6890,5216,6890,770,622
3221,3522,6891,5216,6891,770,622
3222,3522,6892,5216,6892,770,622
3223,3522,6893,5216,6893,770,622
3223,3522,6894,5216,6894,770,622
3224,3522,6895,5216,6895,770,622
3224,3522,6896,5216,6896,770,622
3225,3522,6897,5216,6897,770,622
3224,3522,6898,5216,6898,770,622
3224,3522,6899,5216,6899,770,622
3225,3522,6900,5216,6900,770,622
3226,3522,6901,5216,6901,770,622
3227,3522,6902,5216,6902,770,622
3227,3522,6903,5216,6903,770,622
3228,3522,6904,5216,6904,770,622
3227,3522,6905,5216,6905,770,622
3228,3522,6906,5216,6906,770,622
3226,3522,6907,5216,6907,770,621
3226,3522,6908,5216,6908,770,621
3227,3522,6909,5216,6909,770,621
3226,3522,6910,5216,6910,770,621
3227,3522,6911,5216,6911,770,621
3227,3522,6912,5216,6912,770,621
3222,3522,6913,5216,6913,770,621
3223,3522,6914,5216,6914,770,621
3222,3522,6915,5216,6915,770,621
3223,3522,6916,5216,6916,770,621
3223,3522,6917,5216,6917,770,621
3224,3522,6918,5216,6918,770,621
3225,3522,6919,5216,6919,770,621
3226,3522,6920,5216,6920,770,621
3225,3522,6921,5216,6921,770,621
3225,3522,6922,5216,6922,770,621
3226,3522,6923,5216,6923,770,621
3226,3522,6924,5216,6924,770,621
3227,3522,6925,5216,6925,770,621
3226,3522,6926,5216,6926,770,621
3227,3522,6927,5216,6927,770,621
3228,3522,6928,5216,6928,770,621
3229,3522,6929,5216,6929,770,621
3226,3522,6930,5216,6930,770,620
3227,3522,6931,5216,6931,770,620
3228,3522,6932,5216,6932,770,620
3228,3522,6933,5216,6933,770,620
3229,3522,6934,5216,6934,770,620
3229,3522,6935,5216,6935,770,620
3228,3522,6936,5216,6936,770,619
3229,3522,6937,5216,6937,770,619
3224,3522,6938,5216,6938,770,619
3221,3522,6939,5216,6939,770,619
3222,3522,6940,5216,6940,770,619
3222,3522,6941,5216,6941,770,619
3223,3522,6942,5216,6942,770,619
3223,3522,6943,5216,6943,770,619
3222,3522,6944,5216,6944,770,619
3219,3522,6945,5216,6945,770,618
3220,3522,6946,5216,6946,770,618
3219,3522,6947,5216,6947,770,617
3220,3522,6948,5216,6948,770,617
3221,3522,6949,5216,6949,770,617
3217,3522,6950,5216,6950,770,616
3217,3522,6951,5216,6951,770,616
3217,3522,6952,5216,6952,770,616
3215,3522,6953,5216,6953,770,616
3215,3522,6954,5216,6954,770,616
3216,3522,6955,5216,6955,770,616
3216,3522,6956,5216,6956,770,616
3216,3522,6957,5216,6957,770,616
3214,3522,6958,5216,6958,770,615
3212,3522,6959,5216,6959,770,615
3213,3522,6960,5216,6960,770,615
3213,3522,6961,5216,6961,770,615
3210,3522,6962,5216,6962,770,615
3210,3522,6963,5216,6963,770,615
3211,3522,6964,5216,6964,770,615
3207,3522,6965,5216,6965,770,615
3208,3522,6966,5216,6966,770,615
3205,3522,6967,5216,6967,770,614
3205,3522,6968,5216,6968,770,614
3202,3522,6969,5216,6969,770,614
3203,3522,6970,5216,6970,770,614
3204,3522,6971,5216,6971,770,614
3205,3522,6972,5216,6972,770,614
3204,3522,6973,5216,6973,770,614
3204,3522,6974,5216,6974,770,614
3204,3522,6975,5216,6975,770,614
3205,3522,6976,5216,6976,770,614
3204,3522,6977,5216,6977,770,614
3204,3522,6978,5216,6978,770,614
3205,3522,6979,5216,6979,770,614
3202,3522,6980,5216,6980,770,614
3203,3522,6981,5216,6981,770,614
3202,3522,6982,5216,6982,770,614
3202,3522,6983,5216,6983,770,614
3202,3522,6984,5216,6984,770,614
3200,3522,6985,5216,6985,770,614
3197,3522,6986,5216,6986,770,614
3198,3522,6987,5216,6987,770,614
3198,3522,6988,5216,6988,770,614
3197,3522,6989,5216,6989,770,614
3196,3522,6990,5216,6990,770,613
3192,3522,6991,5216,6991,770,613
3189,3522,6992,5216,6992,770,613
3190,3522,6993,5216,6993,770,613
3191,3522,6994,5216,6994,770,613
3192,3522,6995,5216,6995,770,613
3193,3522,6996,5216,6996,770,613
3190,3522,6997,5216,6997,770,613
3191,3522,6998,5216,6998,770,613
3192,3522,6999,5216,6999,770,613
3193,3522,7000,5216,7000,770,613
3194,3522,7001,5216,7001,770,613
3193,3522,7002,5216,7002,770,613
3191,3522,7003,5216,7003,770,613
3188,3522,7004,5216,7004,770,613
3188,3522,7005,5216,7005,770,613
3188,3522,7006,5216,7006,770,613
3189,3522,7007,5216,7007,770,613
3188,3522,7008,5216,7008,770,613
3187,3522,7009,5216,7009,770,613
3187,3522,7010,5216,7010,770,613
3188,3522,7011,5216,7011,770,613
3189,3522,7012,5216,7012,770,613
3189,3522,7013,5216,7013,770,613
3190,3522,7014,5216,7014,770,613
3191,3522,7015,5216,7015,770,613
3192,3522,7016,5216,7016,770,613
3193,3522,7017,5216,7017,770,613
3194,3522,7018,5216,7018,770,613
3195,3522,7019,5216,7019,770,613
3196,3522,7020,5216,7020,770,613
3195,3522,7021,5216,7021,770,613
3195,3522,7022,5216,7022,770,613
3196,3522,7023,5216,7023,770,613
3197,3522,7024,5216,7024,770,613
3197,3522,7025,5216,7025,770,613
3198,3522,7026,5216,7026,770,613
3195,3522,7027,5216,7027,770,613
3191,3522,7028,5216,7028,770,613
3191,3522,7029,5216,7029,770,613
3192,3522,7030,5216,7030,770,613
3190,3522,7031,5216,7031,770,613
3191,3522,7032,5216,7032,770,613
3192,3522,7033,5216,7033,770,613
3191,3522,7034,5216,7034,770,613
3192,3522,7035,5216,7035,770,613
3191,3522,7036,5216,7036,770,613
3189,3522,7037,5216,7037,770,613
3189,3522,7038,5216,7038,770,613
3187,3522,7039,5216,7039,770,613
3188,3522,7040,5216,7040,770,613
3186,3522,7041,5216,7041,770,613
3183,3522,7042,5216,7042,770,613
3178,3522,7043,5216,7043,770,613
3179,3522,7044,5216,7044,770,613
3177,3522,7045,5216,7045,770,613
3174,3522,7046,5216,7046,770,613
3173,3522,7047,5216,7047,770,613
3174,3522,7048,5216,7048,770,613
3173,3522,7049,5216,7049,770,613
3169,3522,7050,5216,7050,770,613
3169,3522,7051,5216,7051,770,613
3170,3522,7052,5216,7052,770,613
3169,3522,7053,5216,7053,770,613
3170,3522,7054,5216,7054,770,613
3169,3522,7055,5216,7055,770,613
3170,3522,7056,5216,7056,770,613
3171,3522,7057,5216,7057,770,613
3172,3522,7058,5216,7058,770,613
3170,3522,7059,5216,7059,770,613
3170,3522,7060,5216,7060,770,613
3170,3522,7061,5216,7061,770,613
3171,3522,7062,5216,7062,770,613
3171,3522,7063,5216,7063,770,613
3172,3522,7064,5216,7064,770,613
3172,3522,7065,5216,7065,770,613
3171,3522,7066,5216,7066,770,613
3171,3522,7067,5216,7067,770,613
3167,3522,7068,5216,7068,770,613
3168,3522,7069,5216,7069,770,613
3167,3522,7070,5216,7070,770,613
3166,3522,7071,5216,7071,770,613
3167,3522,7072,5216,7072,770,613
3167,3522,7073,5216,7073,770,613
3165,3522,7074,5216,7074,770,613
3166,3522,7075,5216,7075,770,613
3167,3522,7076,5216,7076,770,613
3168,3522,7077,5216,7077,770,613
3169,3522,7078,5216,7078,770,613
3168,3522,7079,5216,7079,770,613
3169,3522,7080,5216,7080,770,613
3167,3522,7081,5216,7081,770,613
3168,3522,7082,5216,7082,770,613
3167,3522,7083,5216,7083,770,613
3168,3522,7084,5216,7084,770,613
3168,3522,7085,5216,7085,770,613
3169,3522,7086,5216,7086,770,613
3170,3522,7087,5216,7087,770,613
3171,3522,7088,5216,7088,770,613
3166,3522,7089,5216,7089,770,610
3164,3522,7090,5216,7090,770,610
3162,3522,7091,5216,7091,770,610
3161,3522,7092,5216,7092,770,610
3162,3522,7093,5216,7093,770,610
3163,3522,7094,5216,7094,770,610
3164,3522,7095,5216,7095,770,610
3163,3522,7096,5216,7096,770,610
3164,3522,7097,5216,7097,770,610
3165,3522,7098,5216,7098,770,610
3166,3522,7099,5216,7099,770,610
3167,3522,7100,5216,7100,770,610
3167,3522,7101,5216,7101,770,610
3167,3522,7102,5216,7102,770,610
3167,3522,7103,5216,7103,770,610
3164,3522,7104,5216,7104,770,610
3165,3522,7105,5216,7105,770,610
3165,3522,7106,5216,7106,770,610
3163,3522,7107,5216,7107,770,610
3163,3522,7108,5216,7108,770,610
3161,3522,7109,5216,7109,770,610
3158,3522,7110,5216,7110,770,610
3158,3522,7111,5216,7111,770,610
3158,3522,7112,5216,7112,770,610
3158,3522,7113,5216,7113,770,610
3159,3522,7114,5216,7114,770,610
3159,3522,7115,5216,7115,770,610
3160,3522,7116,5216,7116,770,610
3160,3522,7117,5216,7117,770,610
3161,3522,7118,5216,7118,770,610
3158,3522,7119,5216,7119,770,610
3157,3522,7120,5216,7120,770,610
3158,3522,7121,5216,7121,770,610
3156,3522,7122,5216,7122,770,610
3154,3522,7123,5216,7123,770,610
3154,3522,7124,5216,7124,770,610
3154,3522,7125,5216,7125,770,610
3155,3522,7126,5216,7126,770,610
3154,3522,7127,5216,7127,770,610
3154,3522,7128,5216,7128,770,610
3152,3522,7129,5216,7129,770,610
3152,3522,7130,5216,7130,770,610
3149,3522,7131,5216,7131,770,610
3150,3522,7132,5216,7132,770,610
3149,3522,7133,5216,7133,770,610
3148,3522,7134,5216,7134,770,610
3147,3522,7135,5216,7135,770,610
3147,3522,7136,5216,7136,770,610
3146,3522,7137,5216,7137,770,610
3147,3522,7138,5216,7138,770,610
3148,3522,7139,5216,7139,770,610
3148,3522,7140,5216,7140,770,610
3149,3522,7141,5216,7141,770,610
3149,3522,7142,5216,7142,770,610
3149,3522,7143,5216,7143,770,610
3149,3522,7144,5216,7144,770,610
3150,3522,7145,5216,7145,770,610
3151,3522,7146,5216,7146,770,610
3152,3522,7147,5216,7147,770,610
3151,3522,7148,5216,7148,770,610
3152,3522,7149,5216,7149,770,610
3153,3522,7150,5216,7150,770,610
3154,3522,7151,5216,7151,770,610
3154,3522,7152,5216,7152,770,610
3154,3522,7153,5216,7153,770,610
3152,3522,7154,5216,7154,770,609
3153,3522,7155,5216,7155,770,609
3151,3522,7156,5216,7156,770,609
3152,3522,7157,5216,7157,770,609
3151,3522,7158,5216,7158,770,609
3152,3522,7159,5216,7159,770,609
3153,3522,7160,5216,7160,770,609
3152,3522,7161,5216,7161,770,609
3153,3522,7162,5216,7162,770,609
3153,3522,7163,5216,7163,770,609
3153,3522,7164,5216,7164,770,609
3154,3522,7165,5216,7165,770,609
3154,3522,7166,5216,7166,770,609
3155,3522,7167,5216,7167,770,609
3156,3522,7168,5216,7168,770,609
3156,3522,7169,5216,7169,770,609
3155,3522,7170,5216,7170,770,608
3156,3522,7171,5216,7171,770,608
3156,3522,7172,5216,7172,770,608
3154,3522,7173,5216,7173,770,607
3153,3522,7174,5216,7174,770,607
3154,3522,7175,5216,7175,770,607
3154,3522,7176,5216,7176,770,607
3155,3522,7177,5216,7177,770,607
3153,3522,7178,5216,7178,770,607
3154,3522,7179,5216,7179,770,607
3155,3522,7180,5216,7180,770,607
3155,3522,7181,5216,7181,770,607
3156,3522,7182,5216,7182,770,607
3155,3522,7183,5216,7183,770,607
3155,3522,7184,5216,7184,770,607
3156,3522,7185,5216,7185,770,607
3157,3522,7186,5216,7186,770,607
3156,3522,7187,5216,7187,770,607
3157,3522,7188,5216,7188,770,607
3158,3522,7189,5216,7189,770,607
3159,3522,7190,5216,7190,770,607
3160,3522,7191,5216,7191,770,607
3161,3522,7192,5216,7192,770,607
3159,3522,7193,5216,7193,770,607
3159,3522,7194,5216,7194,770,607
3160,3522,7195,5216,7195,770,607
3157,3522,7196,5216,7196,770,607
3158,3522,7197,5216,7197,770,607
3159,3522,7198,5216,7198,770,607
3159,3522,7199,5216,7199,770,607
3160,3522,7200,5216,7200,770,607
3161,3522,7201,5216,7201,770,607
3159,3522,7202,5216,7202,770,606
3158,3522,7203,5216,7203,770,606
3157,3522,7204,5216,7204,770,606
3154,3522,7205,5216,7205,770,606
3153,3522,7206,5216,7206,770,606
3148,3522,7207,5216,7207,770,606
3149,3522,7208,5216,7208,770,606
3149,3522,7209,5216,7209,770,606
3147,3522,7210,5216,7210,770,606
3147,3522,7211,5216,7211,770,606
3148,3522,7212,5216,7212,770,606
3148,3522,7213,5216,7213,770,606
3147,3522,7214,5216,7214,770,605
3145,3522,7215,5216,7215,770,605
3143,3522,7216,5216,7216,770,605
3144,3522,7217,5216,7217,770,605
3141,3522,7218,5216,7218,770,604
3142,3522,7219,5216,7219,770,604
3142,3522,7220,5216,7220,770,604
3143,3522,7221,5216,7221,770,604
3144,3522,7222,5216,7222,770,604
3144,3522,7223,5216,7223,770,604
3144,3522,7224,5216,7224,770,604
3145,3522,7225,5216,7225,770,604
3146,3522,7226,5216,7226,770,604
3147,3522,7227,5216,7227,770,604
3148,3522,7228,5216,7228,770,604
3148,3522,7229,5216,7229,770,604
3145,3522,7230,5216,7230,770,604
3145,3522,7231,5216,7231,770,604
3145,3522,7232,5216,7232,770,604
3146,3522,7233,5216,7233,770,604
3144,3522,7234,5216,7234,770,604
3143,3522,7235,5216,7235,770,604
3141,3522,7236,5216,7236,770,604
3141,3522,7237,5216,7237,770,604
3141,3522,7238,5216,7238,770,604
3140,3522,7239,5216,7239,770,604
3141,3522,7240,5216,7240,770,604
3136,3522,7241,5216,7241,770,603
3137,3522,7242,5216,7242,770,603
3134,3522,7243,5216,7243,770,603
3135,3522,7244,5216,7244,770,603
3136,3522,7245,5216,7245,770,603
3137,3522,7246,5216,7246,770,603
3136,3522,7247,5216,7247,770,603
3135,3522,7248,5216,7248,770,603
3136,3522,7249,5216,7249,770,603
3136,3522,7250,5216,7250,770,603
3136,3522,7251,5216,7251,770,603
3137,3522,7252,5216,7252,770,603
3138,3522,7253,5216,7253,770,603
3136,3522,7254,5216,7254,770,602
3136,3522,7255,5216,7255,770,602
3137,3522,7256,5216,7256,770,602
3136,3522,7257,5216,7257,770,602
3136,3522,7258,5216,7258,770,602
3133,3522,7259,5216,7259,770,602
3132,3522,7260,5216,7260,770,602
3132,3522,7261,5216,7261,770,602
3133,3522,7262,5216,7262,770,602
3131,3522,7263,5216,7263,770,601
3131,3522,7264,5216,7264,770,601
3132,3522,7265,5216,7265,770,601
3128,3522,7266,5216,7266,770,599
3128,3522,7267,5216,7267,770,599
3129,3522,7268,5216,7268,770,599
3130,3522,7269,5216,7269,770,599
3131,3522,7270,5216,7270,770,599
3132,3522,7271,5216,7271,770,599
3133,3522,7272,5216,7272,770,599
3134,3522,7273,5216,7273,770,599
3135,3522,7274,5216,7274,770,599
3136,3522,7275,5216,7275,770,599
3136,3522,7276,5216,7276,770,599
3137,3522,7277,5216,7277,770,599
3138,3522,7278,5216,7278,770,599
3135,3522,7279,5216,7279,770,599
3134,3522,7280,5216,7280,770,599
3135,3522,7281,5216,7281,770,599
3135,3522,7282,5216,7282,770,599
3135,3522,7283,5216,7283,770,599
3136,3522,7284,5216,7284,770,599
3134,3522,7285,5216,7285,770,599
3135,3522,7286,5216,7286,770,599
3131,3522,7287,5216,7287,770,599
3132,3522,7288,5216,7288,770,599
3131,3522,7289,5216,7289,770,599
3131,3522,7290,5216,7290,770,599
3132,3522,7291,5216,7291,770,599
3133,3522,7292,5216,7292,770,599
3133,3522,7293,5216,7293,770,599
3134,3522,7294,5216,7294,770,599
3135,3522,7295,5216,7295,770,599
3135,3522,7296,5216,7296,770,599
3135,3522,7297,5216,7297,770,599
3135,3522,7298,5216,7298,770,599
3135,3522,7299,5216,7299,770,599
3136,3522,7300,5216,7300,770,599
3136,3522,7301,5216,7301,770,599
3135,3522,7302,5216,7302,770,599
3136,3522,7303,5216,7303,770,599
3137,3522,7304,5216,7304,770,599
3138,3522,7305,5216,7305,770,599
3137,3522,7306,5216,7306,770,599
3138,3522,7307,5216,7307,770,599
3139,3522,7308,5216,7308,770,599
3140,3522,7309,5216,7309,770,599
3141,3522,7310,5216,7310,770,599
3142,3522,7311,5216,7311,770,599
3143,3522,7312,5216,7312,770,599
3140,3522,7313,5216,7313,770,599
3140,3522,7314,5216,7314,770,599
3140,3522,7315,5216,7315,770,599
3140,3522,7316,5216,7316,770,599
3138,3522,7317,5216,7317,770,599
3139,3522,7318,5216,7318,770,599
3140,3522,7319,5216,7319,770,599
3140,3522,7320,5216,7320,770,599
3141,3522,7321,5216,7321,770,599
3142,3522,7322,5216,7322,770,599
3143,3522,7323,5216,7323,770,599
3143,3522,7324,5216,7324,770,599
3144,3522,7325,5216,7325,770,599
3144,3522,7326,5216,7326,770,599
3143,3522,7327,5216,7327,770,599
3142,3522,7328,5216,7328,770,599
3140,3522,7329,5216,7329,770,598
3141,3522,7330,5216,7330,770,598
3142,3522,7331,5216,7331,770,598
3141,3522,7332,5216,7332,770,598
3142,3522,7333,5216,7333,770,598
3140,3522,7334,5216,7334,770,598
3139,3522,7335,5216,7335,770,598
3140,3522,7336,5216,7336,770,598
3140,3522,7337,5216,7337,770,598
3140,3522,7338,5216,7338,770,598
3139,3522,7339,5216,7339,770,598
3140,3522,7340,5216,7340,770,598
3140,3522,7341,5216,7341,770,598
3140,3522,7342,5216,7342,770,598
3138,3522,7343,5216,7343,770,598
3139,3522,7344,5216,7344,770,598
3139,3522,7345,5216,7345,770,598
3140,3522,7346,5216,7346,770,598
3138,3522,7347,5216,7347,770,598
3134,3522,7348,5216,7348,770,598
3131,3522,7349,5216,7349,770,597
3132,3522,7350,5216,7350,770,597
3133,3522,7351,5216,7351,770,597
3133,3522,7352,5216,7352,770,597
3133,3522,7353,5216,7353,770,597
3134,3522,7354,5216,7354,770,597
3134,3522,7355,5216,7355,770,597
3133,3522,7356,5216,7356,770,597
3133,3522,7357,5216,7357,770,597
3134,3522,7358,5216,7358,770,597
3134,3522,7359,5216,7359,770,597
3135,3522,7360,5216,7360,770,597
3129,3522,7361,5216,7361,770,596
3130,3522,7362,5216,7362,770,596
3130,3522,7363,5216,7363,770,596
3130,3522,7364,5216,7364,770,596
3131,3522,7365,5216,7365,770,596
3132,3522,7366,5216,7366,770,596
3133,3522,7367,5216,7367,770,596
3134,3522,7368,5216,7368,770,596
3134,3522,7369,5216,7369,770,596
3134,3522,7370,5216,7370,770,596
3133,3522,7371,5216,7371,770,596
3134,3522,7372,5216,7372,770,596
3134,3522,7373,5216,7373,770,596
3135,3522,7374,5216,7374,770,596
3136,3522,7375,5216,7375,770,596
3135,3522,7376,5216,7376,770,596
3135,3522,7377,5216,7377,770,596
3135,3522,7378,5216,7378,770,596
3135,3522,7379,5216,7379,770,596
3136,3522,7380,5216,7380,770,596
3137,3522,7381,5216,7381,770,596
3138,3522,7382,5216,7382,770,596
3137,3522,7383,5216,7383,770,596
3136,3522,7384,5216,7384,770,596
3137,3522,7385,5216,7385,770,596
3138,3522,7386,5216,7386,770,596
3139,3522,7387,5216,7387,770,596
3140,3522,7388,5216,7388,770,596
3138,3522,7389,5216,7389,770,596
3139,3522,7390,5216,7390,770,596
3139,3522,7391,5216,7391,770,596
3140,3522,7392,5216,7392,770,596
3141,3522,7393,5216,7393,770,596
3140,3522,7394,5216,7394,770,595
3140,3522,7395,5216,7395,770,595
3141,3522,7396,5216,7396,770,595
3141,3522,7397,5216,7397,770,595
3140,3522,7398,5216,7398,770,595
3140,3522,7399,5216,7399,770,595
3138,3522,7400,5216,7400,770,595
3138,3522,7401,5216,7401,770,595
3138,3522,7402,5216,7402,770,595
3139,3522,7403,5216,7403,770,595
3138,3522,7404,5216,7404,770,595
3135,3522,7405,5216,7405,770,594
3135,3522,7406,5216,7406,770,594
3135,3522,7407,5216,7407,770,594
3136,3522,7408,5216,7408,770,594
3135,3522,7409,5216,7409,770,594
3136,3522,7410,5216,7410,770,594
3133,3522,7411,5216,7411,770,592
3133,3522,7412,5216,7412,770,592
3134,3522,7413,5216,7413,770,592
3135,3522,7414,5216,7414,770,592
3132,3522,7415,5216,7415,770,591
3132,3522,7416,5216,7416,770,591
3131,3522,7417,5216,7417,770,590
3132,3522,7418,5216,7418,770,590
3132,3522,7419,5216,7419,770,590
3132,3522,7420,5216,7420,770,590
3131,3522,7421,5216,7421,770,590
3131,3522,7422,5216,7422,770,590
3132,3522,7423,5216,7423,770,590
3131,3522,7424,5216,7424,770,590
3132,3522,7425,5216,7425,770,590
3132,3522,7426,5216,7426,770,590
3132,3522,7427,5216,7427,770,590
3131,3522,7428,5216,7428,770,590
3132,3522,7429,5216,7429,770,590
3133,3522,7430,5216,7430,770,590
3133,3522,7431,5216,7431,770,590
3134,3522,7432,5216,7432,770,590
3134,3522,7433,5216,7433,770,590
3133,3522,7434,5216,7434,770,590
3130,3522,7435,5216,7435,770,589
3131,3522,7436,5216,7436,770,589
3128,3522,7437,5216,7437,770,589
3128,3522,7438,5216,7438,770,589
3128,3522,7439,5216,7439,770,589
3129,3522,7440,5216,7440,770,589
3127,3522,7441,5216,7441,770,589
3127,3522,7442,5216,7442,770,589
3127,3522,7443,5216,7443,770,589
3125,3522,7444,5216,7444,770,589
3125,3522,7445,5216,7445,770,589
3124,3522,7446,5216,7446,770,589
3125,3522,7447,5216,7447,770,589
3126,3522,7448,5216,7448,770,589
3124,3522,7449,5216,7449,770,589
3124,3522,7450,5216,7450,770,589
3124,3522,7451,5216,7451,770,589
3125,3522,7452,5216,7452,770,589
3123,3522,7453,5216,7453,770,588
3118,3522,7454,5216,7454,770,588
3117,3522,7455,5216,7455,770,588
3117,3522,7456,5216,7456,770,588
3116,3522,7457,5216,7457,770,588
3112,3522,7458,5216,7458,770,587
3113,3522,7459,5216,7459,770,587
3113,3522,7460,5216,7460,770,587
3114,3522,7461,5216,7461,770,587
3110,3522,7462,5216,7462,770,587
3108,3522,7463,5216,7463,770,587
3107,3522,7464,5216,7464,770,587
3107,3522,7465,5216,7465,770,587
3106,3522,7466,5216,7466,770,587
3102,3522,7467,5216,7467,770,587
3101,3522,7468,5216,7468,770,587
3102,3522,7469,5216,7469,770,587
3098,3522,7470,5216,7470,770,587
3099,3522,7471,5216,7471,770,587
3098,3522,7472,5216,7472,770,587
3098,3522,7473,5216,7473,770,587
3098,3522,7474,5216,7474,770,587
3099,3522,7475,5216,7475,770,587
3098,3522,7476,5216,7476,770,587
3099,3522,7477,5216,7477,770,587
3096,3522,7478,5216,7478,770,586
3097,3522,7479,5216,7479,770,586
3096,3522,7480,5216,7480,770,586
3097,3522,7481,5216,7481,770,586
3096,3522,7482,5216,7482,770,586
3097,3522,7483,5216,7483,770,586
3098,3522,7484,5216,7484,770,586
3099,3522,7485,5216,7485,770,586
3100,3522,7486,5216,7486,770,586
3101,3522,7487,5216,7487,770,586
3102,3522,7488,5216,7488,770,586
3101,3522,7489,5216,7489,770,586
3098,3522,7490,5216,7490,770,585
3099,3522,7491,5216,7491,770,585
3100,3522,7492,5216,7492,770,585
3100,3522,7493,5216,7493,770,585
3101,3522,7494,5216,7494,770,585
3100,3522,7495,5216,7495,770,585
3099,3522,7496,5216,7496,770,585
3097,3522,7497,5216,7497,770,585
3098,3522,7498,5216,7498,770,585
3098,3522,7499,5216,7499,770,585
3097,3522,7500,5216,7500,770,585
3098,3522,7501,5216,7501,770,585
3099,3522,7502,5216,7502,770,585
3100,3522,7503,5216,7503,770,585
3100,3522,7504,5216,7504,770,585
3101,3522,7505,5216,7505,770,585
3101,3522,7506,5216,7506,770,585
3101,3522,7507,5216,7507,770,585
3101,3522,7508,5216,7508,770,585
3102,3522,7509,5216,7509,770,585
3100,3522,7510,5216,7510,770,585
3101,3522,7511,5216,7511,770,585
3098,3522,7512,5216,7512,770,583
3099,3522,7513,5216,7513,770,583
3100,3522,7514,5216,7514,770,583
3101,3522,7515,5216,7515,770,583
3096,3522,7516,5216,7516,770,583
3095,3522,7517,5216,7517,770,583
3089,3522,7518,5216,7518,770,581
3090,3522,7519,5216,7519,770,581
3089,3522,7520,5216,7520,770,581
3086,3522,7521,5216,7521,770,581
3086,3522,7522,5216,7522,770,581
3086,3522,7523,5216,7523,770,581
3087,3522,7524,5216,7524,770,581
3086,3522,7525,5216,7525,770,581
3086,3522,7526,5216,7526,770,581
3083,3522,7527,5216,7527,770,581
3083,3522,7528,5216,7528,770,581
3084,3522,7529,5216,7529,770,581
3082,3522,7530,5216,7530,770,581
3081,3522,7531,5216,7531,770,581
3079,3522,7532,5216,7532,770,581
3078,3522,7533,5216,7533,770,581
3079,3522,7534,5216,7534,770,581
3079,3522,7535,5216,7535,770,581
3080,3522,7536,5216,7536,770,581
3078,3522,7537,5216,7537,770,581
3078,3522,7538,5216,7538,770,581
3079,3522,7539,5216,7539,770,581
3077,3522,7540,5216,7540,770,581
3076,3522,7541,5216,7541,770,581
3075,3522,7542,5216,7542,770,581
3075,3522,7543,5216,7543,770,581
3076,3522,7544,5216,7544,770,581
3077,3522,7545,5216,7545,770,581
3078,3522,7546,5216,7546,770,581
3077,3522,7547,5216,7547,770,581
3075,3522,7548,5216,7548,770,581
3076,3522,7549,5216,7549,770,581
3077,3522,7550,5216,7550,770,581
3076,3522,7551,5216,7551,770,581
3074,3522,7552,5216,7552,770,580
3074,3522,7553,5216,7553,770,580
3074,3522,7554,5216,7554,770,580
3073,3522,7555,5216,7555,770,580
3072,3522,7556,5216,7556,770,580
3071,3522,7557,5216,7557,770,580
3072,3522,7558,5216,7558,770,580
3072,3522,7559,5216,7559,770,580
3073,3522,7560,5216,7560,770,580
3074,3522,7561,5216,7561,770,580
3074,3522,7562,5216,7562,770,580
3074,3522,7563,5216,7563,770,580
3071,3522,7564,5216,7564,770,579
3071,3522,7565,5216,7565,770,579
3070,3522,7566,5216,7566,770,579
3069,3522,7567,5216,7567,770,579
3069,3522,7568,5216,7568,770,579
3068,3522,7569,5216,7569,770,579
3066,3522,7570,5216,7570,770,578
3067,3522,7571,5216,7571,770,578
3068,3522,7572,5216,7572,770,578
3068,3522,7573,5216,7573,770,578
3069,3522,7574,5216,7574,770,578
3069,3522,7575,5216,7575,770,578
3070,3522,7576,5216,7576,770,578
3067,3522,7577,5216,7577,770,576
3067,3522,7578,5216,7578,770,576
3065,3522,7579,5216,7579,770,576
3066,3522,7580,5216,7580,770,576
3066,3522,7581,5216,7581,770,576
3064,3522,7582,5216,7582,770,576
3065,3522,7583,5216,7583,770,576
3063,3522,7584,5216,7584,770,576
3063,3522,7585,5216,7585,770,576
3061,3522,7586,5216,7586,770,576
3062,3522,7587,5216,7587,770,576
3060,3522,7588,5216,7588,770,575
3059,3522,7589,5216,7589,770,575
3056,3522,7590,5216,7590,770,575
3056,3522,7591,5216,7591,770,575
3054,3522,7592,5216,7592,770,575
3055,3522,7593,5216,7593,770,575
3056,3522,7594,5216,7594,770,575
3056,3522,7595,5216,7595,770,575
3056,3522,7596,5216,7596,770,575
3056,3522,7597,5216,7597,770,575
3056,3522,7598,5216,7598,770,575
3055,3522,7599,5216,7599,770,575
3052,3522,7600,5216,7600,770,573
3052,3522,7601,5216,7601,770,573
3053,3522,7602,5216,7602,770,573
3053,3522,7603,5216,7603,770,573
3054,3522,7604,5216,7604,770,573
3054,3522,7605,5216,7605,770,573
3055,3522,7606,5216,7606,770,573
3053,3522,7607,5216,7607,770,572
3054,3522,7608,5216,7608,770,572
3055,3522,7609,5216,7609,770,572
3055,3522,7610,5216,7610,770,572
3056,3522,7611,5216,7611,770,572
3057,3522,7612,5216,7612,770,572
3055,3522,7613,5216,7613,770,572
3056,3522,7614,5216,7614,770,572
3054,3522,7615,5216,7615,770,572
3054,3522,7616,5216,7616,770,572
3055,3522,7617,5216,7617,770,572
3051,3522,7618,5216,7618,770,572
3051,3522,7619,5216,7619,770,572
3052,3522,7620,5216,7620,770,572
3052,3522,7621,5216,7621,770,572
3053,3522,7622,5216,7622,770,572
3051,3522,7623,5216,7623,770,572
3052,3522,7624,5216,7624,770,572
3051,3522,7625,5216,7625,770,572
3052,3522,7626,5216,7626,770,572
3052,3522,7627,5216,7627,770,572
3052,3522,7628,5216,7628,770,572
3052,3522,7629,5216,7629,770,572
3051,3522,7630,5216,7630,770,572
3051,3522,7631,5216,7631,770,572
3052,3522,7632,5216,7632,770,572
3051,3522,7633,5216,7633,770,572
3052,3522,7634,5216,7634,770,572
3049,3522,7635,5216,7635,770,571
3050,3522,7636,5216,7636,770,571
3050,3522,7637,5216,7637,770,571
3050,3522,7638,5216,7638,770,571
3049,3522,7639,5216,7639,770,571
3045,3522,7640,5216,7640,770,571
3045,3522,7641,5216,7641,770,571
3045,3522,7642,5216,7642,770,571
3046,3522,7643,5216,7643,770,571
3047,3522,7644,5216,7644,770,571
3048,3522,7645,5216,7645,770,571
3047,3522,7646,5216,7646,770,571
3047,3522,7647,5216,7647,770,571
3048,3522,7648,5216,7648,770,571
3048,3522,7649,5216,7649,770,571
3049,3522,7650,5216,7650,770,571
3049,3522,7651,5216,7651,770,571
3050,3522,7652,5216,7652,770,571
3051,3522,7653,5216,7653,770,571
3048,3522,7654,5216,7654,770,571
3048,3522,7655,5216,7655,770,571
3049,3522,7656,5216,7656,770,571
3050,3522,7657,5216,7657,770,571
3050,3522,7658,5216,7658,770,571
3050,3522,7659,5216,7659,770,571
3050,3522,7660,5216,7660,770,571
3051,3522,7661,5216,7661,770,571
3051,3522,7662,5216,7662,770,571
3049,3522,7663,5216,7663,770,570
3050,3522,7664,5216,7664,770,570
3051,3522,7665,5216,7665,770,570
3052,3522,7666,5216,7666,770,570
3050,3522,7667,5216,7667,770,570
3051,3522,7668,5216,7668,770,570
3051,3522,7669,5216,7669,770,570
3052,3522,7670,5216,7670,770,570
3053,3522,7671,5216,7671,770,570
3052,3522,7672,5216,7672,770,570
3052,3522,7673,5216,7673,770,570
3052,3522,7674,5216,7674,770,570
3050,3522,7675,5216,7675,770,570
3047,3522,7676,5216,7676,770,568
3048,3522,7677,5216,7677,770,568
3049,3522,7678,5216,7678,770,568
3050,3522,7679,5216,7679,770,568
3050,3522,7680,5216,7680,770,568
3050,3522,7681,5216,7681,770,568
3050,3522,7682,5216,7682,770,568
3050,3522,7683,5216,7683,770,568
3050,3522,7684,5216,7684,770,568
3051,3522,7685,5216,7685,770,568
3050,3522,7686,5216,7686,770,568
3051,3522,7687,5216,7687,770,568
3052,3522,7688,5216,7688,770,568
3053,3522,7689,5216,7689,770,568
3050,3522,7690,5216,7690,770,568
3050,3522,7691,5216,7691,770,568
3051,3522,7692,5216,7692,770,568
3049,3522,7693,5216,7693,770,568
3050,3522,7694,5216,7694,770,568
3050,3522,7695,5216,7695,770,568
3051,3522,7696,5216,7696,770,568
3049,3522,7697,5216,7697,770,568
3049,3522,7698,5216,7698,770,568
3050,3522,7699,5216,7699,770,568
3051,3522,7700,5216,7700,770,568
3052,3522,7701,5216,7701,770,568
3051,3522,7702,5216,7702,770,568
3052,3522,7703,5216,7703,770,568
3053,3522,7704,5216,7704,770,568
3048,3522,7705,5216,7705,770,567
3048,3522,7706,5216,7706,770,567
3046,3522,7707,5216,7707,770,567
3045,3522,7708,5216,7708,770,566
3045,3522,7709,5216,7709,770,566
3044,3522,7710,5216,7710,770,566
3045,3522,7711,5216,7711,770,566
3045,3522,7712,5216,7712,770,566
3044,3522,7713,5216,7713,770,566
3045,3522,7714,5216,7714,770,566
3046,3522,7715,5216,7715,770,566
3047,3522,7716,5216,7716,770,566
3045,3522,7717,5216,7717,770,566
3044,3522,7718,5216,7718,770,566
3044,3522,7719,5216,7719,770,566
3044,3522,7720,5216,7720,770,566
3045,3522,7721,5216,7721,770,566
3044,3522,7722,5216,7722,770,566
3045,3522,7723,5216,7723,770,566
3045,3522,7724,5216,7724,770,566
3044,3522,7725,5216,7725,770,566
3045,3522,7726,5216,7726,770,566
3046,3522,7727,5216,7727,770,566
3047,3522,7728,5216,7728,770,566
3048,3522,7729,5216,7729,770,566
3048,3522,7730,5216,7730,770,566
3047,3522,7731,5216,7731,770,566
3048,3522,7732,5216,7732,770,566
3048,3522,7733,5216,7733,770,566
3045,3522,7734,5216,7734,770,565
3045,3522,7735,5216,7735,770,565
3046,3522,7736,5216,7736,770,565
3046,3522,7737,5216,7737,770,565
3046,3522,7738,5216,7738,770,565
3046,3522,7739,5216,7739,770,565
3046,3522,7740,5216,7740,770,565
3045,3522,7741,5216,7741,770,565
3044,3522,7742,5216,7742,770,565
3044,3522,7743,5216,7743,770,565
3045,3522,7744,5216,7744,770,565
3042,3522,7745,5216,7745,770,564
3039,3522,7746,5216,7746,770,563
3039,3522,7747,5216,7747,770,563
3039,3522,7748,5216,7748,770,563
3040,3522,7749,5216,7749,770,563
3041,3522,7750,5216,7750,770,563
3042,3522,7751,5216,7751,770,563
3043,3522,7752,5216,7752,770,563
3043,3522,7753,5216,7753,770,563
3044,3522,7754,5216,7754,770,563
3044,3522,7755,5216,7755,770,563
3042,3522,7756,5216,7756,770,561
3043,3522,7757,5216,7757,770,561
3044,3522,7758,5216,7758,770,561
3045,3522,7759,5216,7759,770,561
3043,3522,7760,5216,7760,770,561
3043,3522,7761,5216,7761,770,561
3043,3522,7762,5216,7762,770,561
3044,3522,7763,5216,7763,770,561
3044,3522,7764,5216,7764,770,561
3045,3522,7765,5216,7765,770,561
3043,3522,7766,5216,7766,770,561
3043,3522,7767,5216,7767,770,561
3044,3522,7768,5216,7768,770,561
3042,3522,7769,5216,7769,770,561
3042,3522,7770,5216,7770,770,561
3040,3522,7771,5216,7771,770,561
3039,3522,7772,5216,7772,770,561
3036,3522,7773,5216,7773,770,560
3036,3522,7774,5216,7774,770,560
3036,3522,7775,5216,7775,770,560
3035,3522,7776,5216,7776,770,560
3033,3522,7777,5216,7777,770,560
3033,3522,7778,5216,7778,770,560
3034,3522,7779,5216,7779,770,560
3034,3522,7780,5216,7780,770,560
3034,3522,7781,5216,7781,770,560
3035,3522,7782,5216,7782,770,560
3034,3522,7783,5216,7783,770,560
3034,3522,7784,5216,7784,770,560
3033,3522,7785,5216,7785,770,560
3032,3522,7786,5216,7786,770,560
3033,3522,7787,5216,7787,770,560
3034,3522,7788,5216,7788,770,560
3035,3522,7789,5216,7789,770,560
3035,3522,7790,5216,7790,770,560
3035,3522,7791,5216,7791,770,560
3035,3522,7792,5216,7792,770,560
3035,3522,7793,5216,7793,770,560
3033,3522,7794,5216,7794,770,560
3033,3522,7795,5216,7795,770,560
3034,3522,7796,5216,7796,770,560
3034,3522,7797,5216,7797,770,560
3035,3522,7798,5216,7798,770,560
3035,3522,7799,5216,7799,770,560
3034,3522,7800,5216,7800,770,560
3035,3522,7801,5216,7801,770,560
3035,3522,7802,5216,7802,770,560
3036,3522,7803,5216,7803,770,560
3032,3522,7804,5216,7804,770,559
3033,3522,7805,5216,7805,770,559
3032,3522,7806,5216,7806,770,559
3032,3522,7807,5216,7807,770,559
3033,3522,7808,5216,7808,770,559
3033,3522,7809,5216,7809,770,559
3033,3522,7810,5216,7810,770,559
3033,3522,7811,5216,7811,770,559
3033,3522,7812,5216,7812,770,559
3034,3522,7813,5216,7813,770,559
3034,3522,7814,5216,7814,770,559
3033,3522,7815,5216,7815,770,559
3034,3522,7816,5216,7816,770,559
3034,3522,7817,5216,7817,770,559
3035,3522,7818,5216,7818,770,559
3036,3522,7819,5216,7819,770,559
3035,3522,7820,5216,7820,770,559
3036,3522,7821,5216,7821,770,559
3036,3522,7822,5216,7822,770,559
3034,3522,7823,5216,7823,770,559
3034,3522,7824,5216,7824,770,559
3032,3522,7825,5216,7825,770,558
3033,3522,7826,5216,7826,770,558
3034,3522,7827,5216,7827,770,558
3034,3522,7828,5216,7828,770,558
3034,3522,7829,5216,7829,770,558
3033,3522,7830,5216,7830,770,557
3032,3522,7831,5216,7831,770,557
3033,3522,7832,5216,7832,770,557
3034,3522,7833,5216,7833,770,557
3030,3522,7834,5216,7834,770,557
3029,3522,7835,5216,7835,770,557
3025,3522,7836,5216,7836,770,555
3026,3522,7837,5216,7837,770,555
3027,3522,7838,5216,7838,770,555
3027,3522,7839,5216,7839,770,555
3027,3522,7840,5216,7840,770,555
3027,3522,7841,5216,7841,770,555
3027,3522,7842,5216,7842,770,555
3028,3522,7843,5216,7843,770,555
3028,3522,7844,5216,7844,770,555
3027,3522,7845,5216,7845,770,555
3026,3522,7846,5216,7846,770,555
3027,3522,7847,5216,7847,770,555
3025,3522,7848,5216,7848,770,555
3025,3522,7849,5216,7849,770,555
3025,3522,7850,5216,7850,770,555
3025,3522,7851,5216,7851,770,555
3026,3522,7852,5216,7852,770,555
3026,3522,7853,5216,7853,770,555
3027,3522,7854,5216,7854,770,555
3028,3522,7855,5216,7855,770,555
3027,3522,7856,5216,7856,770,555
3028,3522,7857,5216,7857,770,555
3026,3522,7858,5216,7858,770,554
3026,3522,7859,5216,7859,770,554
3026,3522,7860,5216,7860,770,554
3026,3522,7861,5216,7861,770,554
3026,3522,7862,5216,7862,770,554
3027,3522,7863,5216,7863,770,554
3028,3522,7864,5216,7864,770,554
3029,3522,7865,5216,7865,770,554
3029,3522,7866,5216,7866,770,554
3029,3522,7867,5216,7867,770,554
3030,3522,7868,5216,7868,770,554
3029,3522,7869,5216,7869,770,554
3029,3522,7870,5216,7870,770,554
3028,3522,7871,5216,7871,770,554
3028,3522,7872,5216,7872,770,554
3029,3522,7873,5216,7873,770,554
3029,3522,7874,5216,7874,770,554
3030,3522,7875,5216,7875,770,554
3031,3522,7876,5216,7876,770,554
3030,3522,7877,5216,7877,770,554
3028,3522,7878,5216,7878,770,553
3029,3522,7879,5216,7879,770,553
3030,3522,7880,5216,7880,770,553
3031,3522,7881,5216,7881,770,553
3028,3522,7882,5216,7882,770,553
3029,3522,7883,5216,7883,770,553
3028,3522,7884,5216,7884,770,553
3027,3522,7885,5216,7885,770,553
3027,3522,7886,5216,7886,770,553
3027,3522,7887,5216,7887,770,553
3028,3522,7888,5216,7888,770,553
3028,3522,7889,5216,7889,770,553
3028,3522,7890,5216,7890,770,553
3028,3522,7891,5216,7891,770,553
3028,3522,7892,5216,7892,770,553
3027,3522,7893,5216,7893,770,553
3025,3522,7894,5216,7894,770,553
3021,3522,7895,5216,7895,770,553
3022,3522,7896,5216,7896,770,553
3023,3522,7897,5216,7897,770,553
3024,3522,7898,5216,7898,770,553
3025,3522,7899,5216,7899,770,553
3025,3522,7900,5216,7900,770,553
3026,3522,7901,5216,7901,770,553
3023,3522,7902,5216,7902,770,553
3022,3522,7903,5216,7903,770,553
3022,3522,7904,5216,7904,770,553
3022,3522,7905,5216,7905,770,553
3022,3522,7906,5216,7906,770,553
3022,3522,7907,5216,7907,770,553
3021,3522,7908,5216,7908,770,552
3022,3522,7909,5216,7909,770,552
3022,3522,7910,5216,7910,770,552
3019,3522,7911,5216,7911,770,552
3019,3522,7912,5216,7912,770,552
3019,3522,7913,5216,7913,770,552
3019,3522,7914,5216,7914,770,552
3017,3522,7915,5216,7915,770,552
3014,3522,7916,5216,7916,770,552
3011,3522,7917,5216,7917,770,552
3012,3522,7918,5216,7918,770,552
3012,3522,7919,5216,7919,770,552
3013,3522,7920,5216,7920,770,552
3014,3522,7921,5216,7921,770,552
3010,3522,7922,5216,7922,770,551
3011,3522,7923,5216,7923,770,551
3010,3522,7924,5216,7924,770,551
3010,3522,7925,5216,7925,770,551
3008,3522,7926,5216,7926,770,551
3007,3522,7927,5216,7927,770,551
3008,3522,7928,5216,7928,770,551
3009,3522,7929,5216,7929,770,551
3008,3522,7930,5216,7930,770,551
3008,3522,7931,5216,7931,770,551
3009,3522,7932,5216,7932,770,551
3008,3522,7933,5216,7933,770,551
3009,3522,7934,5216,7934,770,551
3007,3522,7935,5216,7935,770,551
3005,3522,7936,5216,7936,770,551
3005,3522,7937,5216,7937,770,551
3005,3522,7938,5216,7938,770,551
3005,3522,7939,5216,7939,770,551
3005,3522,7940,5216,7940,770,551
3005,3522,7941,5216,7941,770,551
3002,3522,7942,5216,7942,770,551
3001,3522,7943,5216,7943,770,551
3001,3522,7944,5216,7944,770,551
3001,3522,7945,5216,7945,770,551
2999,3522,7946,5216,7946,770,551
2999,3522,7947,5216,7947,770,551
3000,3522,7948,5216,7948,770,551
2999,3522,7949,5216,7949,770,550
2999,3522,7950,5216,7950,770,550
3000,3522,7951,5216,7951,770,550
3000,3522,7952,5216,7952,770,550
3001,3522,7953,5216,7953,770,550
2999,3522,7954,5216,7954,770,549
2998,3522,7955,5216,7955,770,549
2997,3522,7956,5216,7956,770,549
2996,3522,7957,5216,7957,770,549
2996,3522,7958,5216,7958,770,549
2996,3522,7959,5216,7959,770,549
2996,3522,7960,5216,7960,770,549
2996,3522,7961,5216,7961,770,549
2997,3522,7962,5216,7962,770,549
2998,3522,7963,5216,7963,770,549
2997,3522,7964,5216,7964,770,549
2997,3522,7965,5216,7965,770,549
2997,3522,7966,5216,7966,770,549
2998,3522,7967,5216,7967,770,549
2999,3522,7968,5216,7968,770,549
2999,3522,7969,5216,7969,770,549
2999,3522,7970,5216,7970,770,549
2997,3522,7971,5216,7971,770,548
2994,3522,7972,5216,7972,770,548
2995,3522,7973,5216,7973,770,548
2990,3522,7974,5216,7974,770,546
2990,3522,7975,5216,7975,770,546
2991,3522,7976,5216,7976,770,546
2989,3522,7977,5216,7977,770,546
2990,3522,7978,5216,7978,770,546
2990,3522,7979,5216,7979,770,546
2990,3522,7980,5216,7980,770,546
2991,3522,7981,5216,7981,770,546
2992,3522,7982,5216,7982,770,546
2993,3522,7983,5216,7983,770,546
2992,3522,7984,5216,7984,770,546
2992,3522,7985,5216,7985,770,546
2989,3522,7986,5216,7986,770,546
2990,3522,7987,5216,7987,770,546
2990,3522,7988,5216,7988,770,546
2991,3522,7989,5216,7989,770,546
2992,3522,7990,5216,7990,770,546
2993,3522,7991,5216,7991,770,546
2993,3522,7992,5216,7992,770,546
2992,3522,7993,5216,7993,770,546
2993,3522,7994,5216,7994,770,546
2994,3522,7995,5216,7995,770,546
2994,3522,7996,5216,7996,770,546
2994,3522,7997,5216,7997,770,546
2993,3522,7998,5216,7998,770,546
2993,3522,7999,5216,7999,770,546
2992,3522,8000,5216,8000,770,546
2991,3522,8001,5216,8001,770,546
2990,3522,8002,5216,8002,770,546
2990,3522,8003,5216,8003,770,546
2991,3522,8004,5216,8004,770,546
2992,3522,8005,5216,8005,770,546
2992,3522,8006,5216,8006,770,546
2991,3522,8007,5216,8007,770,546
2992,3522,8008,5216,8008,770,546
2992,3522,8009,5216,8009,770,546
2993,3522,8010,5216,8010,770,546
2991,3522,8011,5216,8011,770,546
2988,3522,8012,5216,8012,770,546
2989,3522,8013,5216,8013,770,546
2987,3522,8014,5216,8014,770,545
2987,3522,8015,5216,8015,770,545
2987,3522,8016,5216,8016,770,545
2988,3522,8017,5216,8017,770,545
2989,3522,8018,5216,8018,770,545
2990,3522,8019,5216,8019,770,545
2991,3522,8020,5216,8020,770,545
2990,3522,8021,5216,8021,770,545
2991,3522,8022,5216,8022,770,545
2991,3522,8023,5216,8023,770,545
2992,3522,8024,5216,8024,770,545
2993,3522,8025,5216,8025,770,545
2994,3522,8026,5216,8026,770,545
2995,3522,8027,5216,8027,770,545
2995,3522,8028,5216,8028,770,545
2995,3522,8029,5216,8029,770,545
2994,3522,8030,5216,8030,770,545
2991,3522,8031,5216,8031,770,544
2992,3522,8032,5216,8032,770,544
2989,3522,8033,5216,8033,770,544
2988,3522,8034,5216,8034,770,544
2989,3522,8035,5216,8035,770,544
2989,3522,8036,5216,8036,770,544
2987,3522,8037,5216,8037,770,544
2987,3522,8038,5216,8038,770,544
2988,3522,8039,5216,8039,770,544
2988,3522,8040,5216,8040,770,544
2988,3522,8041,5216,8041,770,544
2988,3522,8042,5216,8042,770,544
2988,3522,8043,5216,8043,770,544
2989,3522,8044,5216,8044,770,544
2985,3522,8045,5216,8045,770,543
2984,3522,8046,5216,8046,770,543
2985,3522,8047,5216,8047,770,543
2984,3522,8048,5216,8048,770,543
2985,3522,8049,5216,8049,770,543
2984,3522,8050,5216,8050,770,543
2983,3522,8051,5216,8051,770,543
2984,3522,8052,5216,8052,770,543
2985,3522,8053,5216,8053,770,543
2982,3522,8054,5216,8054,770,543
2983,3522,8055,5216,8055,770,543
2982,3522,8056,5216,8056,770,543
2980,3522,8057,5216,8057,770,543
2977,3522,8058,5216,8058,770,542
2977,3522,8059,5216,8059,770,542
2975,3522,8060,5216,8060,770,542
2976,3522,8061,5216,8061,770,542
2977,3522,8062,5216,8062,770,542
2976,3522,8063,5216,8063,770,542
2975,3522,8064,5216,8064,770,542
2976,3522,8065,5216,8065,770,542
2976,3522,8066,5216,8066,770,542
2977,3522,8067,5216,8067,770,542
2978,3522,8068,5216,8068,770,542
2978,3522,8069,5216,8069,770,542
2976,3522,8070,5216,8070,770,542
2977,3522,8071,5216,8071,770,542
2977,3522,8072,5216,8072,770,542
2977,3522,8073,5216,8073,770,542
2977,3522,8074,5216,8074,770,542
2977,3522,8075,5216,8075,770,542
2974,3522,8076,5216,8076,770,541
2972,3522,8077,5216,8077,770,541
2973,3522,8078,5216,8078,770,541
2971,3522,8079,5216,8079,770,541
2971,3522,8080,5216,8080,770,541
2971,3522,8081,5216,8081,770,541
2969,3522,8082,5216,8082,770,540
2969,3522,8083,5216,8083,770,540
2968,3522,8084,5216,8084,770,540
2969,3522,8085,5216,8085,770,540
2969,3522,8086,5216,8086,770,540
2970,3522,8087,5216,8087,770,540
2970,3522,8088,5216,8088,770,540
2969,3522,8089,5216,8089,770,539
2969,3522,8090,5216,8090,770,539
2970,3522,8091,5216,8091,770,539
2971,3522,8092,5216,8092,770,539
2971,3522,8093,5216,8093,770,539
2971,3522,8094,5216,8094,770,539
2972,3522,8095,5216,8095,770,539
2971,3522,8096,5216,8096,770,539
2967,3522,8097,5216,8097,770,539
2967,3522,8098,5216,8098,770,539
2967,3522,8099,5216,8099,770,539
2968,3522,8100,5216,8100,770,539
2966,3522,8101,5216,8101,770,538
2966,3522,8102,5216,8102,770,538
2966,3522,8103,5216,8103,770,538
2966,3522,8104,5216,8104,770,538
2965,3522,8105,5216,8105,770,538
2962,3522,8106,5216,8106,770,537
2958,3522,8107,5216,8107,770,536
2959,3522,8108,5216,8108,770,536
2960,3522,8109,5216,8109,770,536
2958,3522,8110,5216,8110,770,536
2959,3522,8111,5216,8111,770,536
2960,3522,8112,5216,8112,770,536
2961,3522,8113,5216,8113,770,536
2962,3522,8114,5216,8114,770,536
2961,3522,8115,5216,8115,770,536
2961,3522,8116,5216,8116,770,536
2961,3522,8117,5216,8117,770,536
2959,3522,8118,5216,8118,770,536
2960,3522,8119,5216,8119,770,536
2960,3522,8120,5216,8120,770,536
2959,3522,8121,5216,8121,770,536
2956,3522,8122,5216,8122,770,535
2956,3522,8123,5216,8123,770,535
2956,3522,8124,5216,8124,770,535
2956,3522,8125,5216,8125,770,535
2955,3522,8126,5216,8126,770,535
2956,3522,8127,5216,8127,770,535
2956,3522,8128,5216,8128,770,535
2957,3522,8129,5216,8129,770,535
2953,3522,8130,5216,8130,770,535
2952,3522,8131,5216,8131,770,535
2952,3522,8132,5216,8132,770,535
2953,3522,8133,5216,8133,770,535
2953,3522,8134,5216,8134,770,535
2953,3522,8135,5216,8135,770,535
2954,3522,8136,5216,8136,770,535
2955,3522,8137,5216,8137,770,535
2954,3522,8138,5216,8138,770,535
2954,3522,8139,5216,8139,770,535
2953,3522,8140,5216,8140,770,535
2954,3522,8141,5216,8141,770,535
2955,3522,8142,5216,8142,770,535
2954,3522,8143,5216,8143,770,535
2954,3522,8144,5216,8144,770,535
2954,3522,8145,5216,8145,770,535
2955,3522,8146,5216,8146,770,535
2956,3522,8147,5216,8147,770,535
2951,3522,8148,5216,8148,770,534
2950,3522,8149,5216,8149,770,534
2949,3522,8150,5216,8150,770,533
2950,3522,8151,5216,8151,770,533
2950,3522,8152,5216,8152,770,533
2950,3522,8153,5216,8153,770,533
2951,3522,8154,5216,8154,770,533
2951,3522,8155,5216,8155,770,533
2950,3522,8156,5216,8156,770,533
2947,3522,8157,5216,8157,770,531
2942,3522,8158,5216,8158,770,531
2943,3522,8159,5216,8159,770,531
2941,3522,8160,5216,8160,770,530
2941,3522,8161,5216,8161,770,530
2941,3522,8162,5216,8162,770,530
2939,3522,8163,5216,8163,770,530
2939,3522,8164,5216,8164,770,530
2937,3522,8165,5216,8165,770,530
2936,3522,8166,5216,8166,770,530
2937,3522,8167,5216,8167,770,530
2935,3522,8168,5216,8168,770,530
2933,3522,8169,5216,8169,770,530
2933,3522,8170,5216,8170,770,530
2930,3522,8171,5216,8171,770,530
2929,3522,8172,5216,8172,770,530
2930,3522,8173,5216,8173,770,530
2928,3522,8174,5216,8174,770,530
2928,3522,8175,5216,8175,770,530
2929,3522,8176,5216,8176,770,530
2929,3522,8177,5216,8177,770,530
2930,3522,8178,5216,8178,770,530
2929,3522,8179,5216,8179,770,530
2930,3522,8180,5216,8180,770,530
2931,3522,8181,5216,8181,770,530
2931,3522,8182,5216,8182,770,530
2932,3522,8183,5216,8183,770,530
2932,3522,8184,5216,8184,770,530
2933,3522,8185,5216,8185,770,530
2931,3522,8186,5216,8186,770,530
2931,3522,8187,5216,8187,770,530
2932,3522,8188,5216,8188,770,530
2933,3522,8189,5216,8189,770,530
2933,3522,8190,5216,8190,770,530
2934,3522,8191,5216,8191,770,530
2934,3522,8192,5216,8192,770,530
2933,3522,8193,5216,8193,770,530
2934,3522,8194,5216,8194,770,530
2932,3522,8195,5216,8195,770,530
2933,3522,8196,5216,8196,770,530
2933,3522,8197,5216,8197,770,530
2933,3522,8198,5216,8198,770,530
2933,3522,8199,5216,8199,770,530
2932,3522,8200,5216,8200,770,530
2932,3522,8201,5216,8201,770,530
2929,3522,8202,5216,8202,770,530
2928,3522,8203,5216,8203,770,530
2928,3522,8204,5216,8204,770,530
2927,3522,8205,5216,8205,770,530
2928,3522,8206,5216,8206,770,530
2929,3522,8207,5216,8207,770,530
2930,3522,8208,5216,8208,770,530
2931,3522,8209,5216,8209,770,530
2929,3522,8210,5216,8210,770,530
2930,3522,8211,5216,8211,770,530
2930,3522,8212,5216,8212,770,530
2929,3522,8213,5216,8213,770,529
2929,3522,8214,5216,8214,770,529
2929,3522,8215,5216,8215,770,529
2929,3522,8216,5216,8216,770,529
2930,3522,8217,5216,8217,770,529
2927,3522,8218,5216,8218,770,529
2928,3522,8219,5216,8219,770,529
2929,3522,8220,5216,8220,770,529
2929,3522,8221,5216,8221,770,529
2930,3522,8222,5216,8222,770,529
2930,3522,8223,5216,8223,770,529
2930,3522,8224,5216,8224,770,529
2928,3522,8225,5216,8225,770,529
2928,3522,8226,5216,8226,770,529
2926,3522,8227,5216,8227,770,528
2927,3522,8228,5216,8228,770,528
2927,3522,8229,5216,8229,770,528
2925,3522,8230,5216,8230,770,528
2925,3522,8231,5216,8231,770,528
2924,3522,8232,5216,8232,770,528
2925,3522,8233,5216,8233,770,528
2921,3522,8234,5216,8234,770,528
2922,3522,8235,5216,8235,770,528
2922,3522,8236,5216,8236,770,528
2923,3522,8237,5216,8237,770,528
2923,3522,8238,5216,8238,770,528
2924,3522,8239,5216,8239,770,528
2924,3522,8240,5216,8240,770,528
2924,3522,8241,5216,8241,770,528
2925,3522,8242,5216,8242,770,528
2926,3522,8243,5216,8243,770,528
2924,3522,8244,5216,8244,770,528
2925,3522,8245,5216,8245,770,528
2925,3522,8246,5216,8246,770,528
2921,3522,8247,5216,8247,770,528
2922,3522,8248,5216,8248,770,528
2920,3522,8249,5216,8249,770,528
2920,3522,8250,5216,8250,770,528
2920,3522,8251,5216,8251,770,528
2921,3522,8252,5216,8252,770,528
2922,3522,8253,5216,8253,770,528
2923,3522,8254,5216,8254,770,528
2923,3522,8255,5216,8255,770,528
2924,3522,8256,5216,8256,770,528
2923,3522,8257,5216,8257,770,528
2923,3522,8258,5216,8258,770,528
2921,3522,8259,5216,8259,770,527
2920,3522,8260,5216,8260,770,527
2921,3522,8261,5216,8261,770,527
2917,3522,8262,5216,8262,770,526
2913,3522,8263,5216,8263,770,526
2913,3522,8264,5216,8264,770,526
2914,3522,8265,5216,8265,770,526
2915,3522,8266,5216,8266,770,526
2913,3522,8267,5216,8267,770,526
2913,3522,8268,5216,8268,770,526
2914,3522,8269,5216,8269,770,526
2915,3522,8270,5216,8270,770,526
2914,3522,8271,5216,8271,770,526
2912,3522,8272,5216,8272,770,526
2912,3522,8273,5216,8273,770,526
2912,3522,8274,5216,8274,770,526
2909,3522,8275,5216,8275,770,525
2904,3522,8276,5216,8276,770,525
2905,3522,8277,5216,8277,770,525
2905,3522,8278,5216,8278,770,525
2904,3522,8279,5216,8279,770,525
2904,3522,8280,5216,8280,770,525
2900,3522,8281,5216,8281,770,524
2899,3522,8282,5216,8282,770,524
2899,3522,8283,5216,8283,770,524
2899,3522,8284,5216,8284,770,524
2900,3522,8285,5216,8285,770,524
2900,3522,8286,5216,8286,770,524
2899,3522,8287,5216,8287,770,523
2898,3522,8288,5216,8288,770,523
2899,3522,8289,5216,8289,770,523
2900,3522,8290,5216,8290,770,523
2900,3522,8291,5216,8291,770,523
2900,3522,8292,5216,8292,770,523
2900,3522,8293,5216,8293,770,523
2901,3522,8294,5216,8294,770,523
2901,3522,8295,5216,8295,770,523
2901,3522,8296,5216,8296,770,523
2902,3522,8297,5216,8297,770,523
2903,3522,8298,5216,8298,770,523
2903,3522,8299,5216,8299,770,523
2901,3522,8300,5216,8300,770,522
2901,3522,8301,5216,8301,770,522
2902,3522,8302,5216,8302,770,522
2903,3522,8303,5216,8303,770,522
2903,3522,8304,5216,8304,770,522
2903,3522,8305,5216,8305,770,522
2901,3522,8306,5216,8306,770,521
2902,3522,8307,5216,8307,770,521
2901,3522,8308,5216,8308,770,521
2902,3522,8309,5216,8309,770,521
2901,3522,8310,5216,8310,770,521
2902,3522,8311,5216,8311,770,521
2903,3522,8312,5216,8312,770,521
2903,3522,8313,5216,8313,770,521
2904,3522,8314,5216,8314,770,521
2902,3522,8315,5216,8315,770,521
2903,3522,8316,5216,8316,770,521
2903,3522,8317,5216,8317,770,521
2900,3522,8318,5216,8318,770,520
2900,3522,8319,5216,8319,770,520
2899,3522,8320,5216,8320,770,520
2900,3522,8321,5216,8321,770,520
2899,3522,8322,5216,8322,770,520
2898,3522,8323,5216,8323,770,520
2895,3522,8324,5216,8324,770,520
2896,3522,8325,5216,8325,770,520
2897,3522,8326,5216,8326,770,520
2895,3522,8327,5216,8327,770,520
2895,3522,8328,5216,8328,770,520
2895,3522,8329,5216,8329,770,520
2896,3522,8330,5216,8330,770,520
2895,3522,8331,5216,8331,770,520
2896,3522,8332,5216,8332,770,520
2896,3522,8333,5216,8333,770,520
2895,3522,8334,5216,8334,770,520
2895,3522,8335,5216,8335,770,520
2895,3522,8336,5216,8336,770,520
2895,3522,8337,5216,8337,770,520
2896,3522,8338,5216,8338,770,520
2895,3522,8339,5216,8339,770,520
2895,3522,8340,5216,8340,770,520
2895,3522,8341,5216,8341,770,520
2896,3522,8342,5216,8342,770,520
2894,3522,8343,5216,8343,770,520
2894,3522,8344,5216,8344,770,520
2891,3522,8345,5216,8345,770,520
2891,3522,8346,5216,8346,770,520
2891,3522,8347,5216,8347,770,520
2892,3522,8348,5216,8348,770,520
2892,3522,8349,5216,8349,770,520
2892,3522,8350,5216,8350,770,520
2893,3522,8351,5216,8351,770,520
2894,3522,8352,5216,8352,770,520
2892,3522,8353,5216,8353,770,520
2892,3522,8354,5216,8354,770,520
2893,3522,8355,5216,8355,770,520
2893,3522,8356,5216,8356,770,520
2893,3522,8357,5216,8357,770,520
2893,3522,8358,5216,8358,770,520
2892,3522,8359,5216,8359,770,520
2893,3522,8360,5216,8360,770,520
2894,3522,8361,5216,8361,770,520
2895,3522,8362,5216,8362,770,520
2896,3522,8363,5216,8363,770,520
2897,3522,8364,5216,8364,770,520
2894,3522,8365,5216,8365,770,519
2895,3522,8366,5216,8366,770,519
2895,3522,8367,5216,8367,770,519
2895,3522,8368,5216,8368,770,519
2894,3522,8369,5216,8369,770,519
2894,3522,8370,5216,8370,770,519
2895,3522,8371,5216,8371,770,519
2894,3522,8372,5216,8372,770,519
2893,3522,8373,5216,8373,770,519
2894,3522,8374,5216,8374,770,519
2894,3522,8375,5216,8375,770,519
2894,3522,8376,5216,8376,770,519
2895,3522,8377,5216,8377,770,519
2896,3522,8378,5216,8378,770,519
2896,3522,8379,5216,8379,770,519
2893,3522,8380,5216,8380,770,519
2894,3522,8381,5216,8381,770,519
2894,3522,8382,5216,8382,770,519
2895,3522,8383,5216,8383,770,519
2896,3522,8384,5216,8384,770,519
2896,3522,8385,5216,8385,770,519
2896,3522,8386,5216,8386,770,519
2896,3522,8387,5216,8387,770,519
2897,3522,8388,5216,8388,770,519
2895,3522,8389,5216,8389,770,518
2894,3522,8390,5216,8390,770,517
2894,3522,8391,5216,8391,770,517
2894,3522,8392,5216,8392,770,517
2894,3522,8393,5216,8393,770,517
2894,3522,8394,5216,8394,770,517
2894,3522,8395,5216,8395,770,517
2894,3522,8396,5216,8396,770,517
2893,3522,8397,5216,8397,770,517
2890,3522,8398,5216,8398,770,517
2891,3522,8399,5216,8399,770,517
2891,3522,8400,5216,8400,770,517
2892,3522,8401,5216,8401,770,517
2889,3522,8402,5216,8402,770,516
2889,3522,8403,5216,8403,770,516
2890,3522,8404,5216,8404,770,516
2890,3522,8405,5216,8405,770,516
2891,3522,8406,5216,8406,770,516
2890,3522,8407,5216,8407,770,516
2891,3522,8408,5216,8408,770,516
2886,3522,8409,5216,8409,770,514
2886,3522,8410,5216,8410,770,514
2883,3522,8411,5216,8411,770,513
2882,3522,8412,5216,8412,770,513
2883,3522,8413,5216,8413,770,513
2884,3522,8414,5216,8414,770,513
2883,3522,8415,5216,8415,770,513
2881,3522,8416,5216,8416,770,512
2880,3522,8417,5216,8417,770,512
2880,3522,8418,5216,8418,770,512
2881,3522,8419,5216,8419,770,512
2882,3522,8420,5216,8420,770,512
2883,3522,8421,5216,8421,770,512
2883,3522,8422,5216,8422,770,512
2884,3522,8423,5216,8423,770,512
2885,3522,8424,5216,8424,770,512
2886,3522,8425,5216,8425,770,512
2887,3522,8426,5216,8426,770,512
2888,3522,8427,5216,8427,770,512
2889,3522,8428,5216,8428,770,512
2889,3522,8429,5216,8429,770,512
2889,3522,8430,5216,8430,770,512
2887,3522,8431,5216,8431,770,512
2888,3522,8432,5216,8432,770,512
2888,3522,8433,5216,8433,770,512
2887,3522,8434,5216,8434,770,512
2888,3522,8435,5216,8435,770,512
2889,3522,8436,5216,8436,770,512
2890,3522,8437,5216,8437,770,512
2890,3522,8438,5216,8438,770,512
2891,3522,8439,5216,8439,770,512
2888,3522,8440,5216,8440,770,512
2889,3522,8441,5216,8441,770,512
2888,3522,8442,5216,8442,770,512
2888,3522,8443,5216,8443,770,512
2889,3522,8444,5216,8444,770,512
2890,3522,8445,5216,8445,770,512
2891,3522,8446,5216,8446,770,512
2891,3522,8447,5216,8447,770,512
2890,3522,8448,5216,8448,770,512
2890,3522,8449,5216,8449,770,512
2889,3522,8450,5216,8450,770,512
2890,3522,8451,5216,8451,770,512
2891,3522,8452,5216,8452,770,512
2892,3522,8453,5216,8453,770,512
2893,3522,8454,5216,8454,770,512
2894,3522,8455,5216,8455,770,512
2895,3522,8456,5216,8456,770,512
2893,3522,8457,5216,8457,770,512
2894,3522,8458,5216,8458,770,512
2891,3522,8459,5216,8459,770,511
2891,3522,8460,5216,8460,770,511
2890,3522,8461,5216,8461,770,511
2891,3522,8462,5216,8462,770,511
2891,3522,8463,5216,8463,770,511
2888,3522,8464,5216,8464,770,511
2886,3522,8465,5216,8465,770,511
2886,3522,8466,5216,8466,770,511
2885,3522,8467,5216,8467,770,511
2886,3522,8468,5216,8468,770,511
2886,3522,8469,5216,8469,770,511
2883,3522,8470,5216,8470,770,510
2881,3522,8471,5216,8471,770,510
2881,3522,8472,5216,8472,770,510
2882,3522,8473,5216,8473,770,510
2882,3522,8474,5216,8474,770,510
2882,3522,8475,5216,8475,770,510
2882,3522,8476,5216,8476,770,510
2883,3522,8477,5216,8477,770,510
2882,3522,8478,5216,8478,770,510
2882,3522,8479,5216,8479,770,510
2881,3522,8480,5216,8480,770,510
2882,3522,8481,5216,8481,770,510
2883,3522,8482,5216,8482,770,510
2884,3522,8483,5216,8483,770,510
2885,3522,8484,5216,8484,770,510
2883,3522,8485,5216,8485,770,510
2882,3522,8486,5216,8486,770,510
2882,3522,8487,5216,8487,770,510
2880,3522,8488,5216,8488,770,510
2880,3522,8489,5216,8489,770,510
2881,3522,8490,5216,8490,770,510
2880,3522,8491,5216,8491,770,510
2877,3522,8492,5216,8492,770,510
2878,3522,8493,5216,8493,770,510
2879,3522,8494,5216,8494,770,510
2879,3522,8495,5216,8495,770,510
2877,3522,8496,5216,8496,770,510
2874,3522,8497,5216,8497,770,510
2873,3522,8498,5216,8498,770,510
2873,3522,8499,5216,8499,770,510
2872,3522,8500,5216,8500,770,510
2871,3522,8501,5216,8501,770,510
2871,3522,8502,5216,8502,770,510
2872,3522,8503,5216,8503,770,510
2872,3522,8504,5216,8504,770,510
2871,3522,8505,5216,8505,770,510
2872,3522,8506,5216,8506,770,510
2871,3522,8507,5216,8507,770,510
2871,3522,8508,5216,8508,770,510
2872,3522,8509,5216,8509,770,510
2873,3522,8510,5216,8510,770,510
2872,3522,8511,5216,8511,770,510
2873,3522,8512,5216,8512,770,510
2874,3522,8513,5216,8513,770,510
2875,3522,8514,5216,8514,770,510
2874,3522,8515,5216,8515,770,510
2873,3522,8516,5216,8516,770,510
2874,3522,8517,5216,8517,770,510
2875,3522,8518,5216,8518,770,510
2871,3522,8519,5216,8519,770,510
2871,3522,8520,5216,8520,770,510
2871,3522,8521,5216,8521,770,510
2870,3522,8522,5216,8522,770,510
2870,3522,8523,5216,8523,770,510
2870,3522,8524,5216,8524,770,510
2865,3522,8525,5216,8525,770,508
2866,3522,8526,5216,8526,770,508
2867,3522,8527,5216,8527,770,508
2866,3522,8528,5216,8528,770,508
2867,3522,8529,5216,8529,770,508
2866,3522,8530,5216,8530,770,508
2863,3522,8531,5216,8531,770,508
2862,3522,8532,5216,8532,770,508
2860,3522,8533,5216,8533,770,508
2861,3522,8534,5216,8534,770,508
2862,3522,8535,5216,8535,770,508
2863,3522,8536,5216,8536,770,508
2863,3522,8537,5216,8537,770,508
2862,3522,8538,5216,8538,770,508
2862,3522,8539,5216,8539,770,508
2860,3522,8540,5216,8540,770,508
2859,3522,8541,5216,8541,770,508
2859,3522,8542,5216,8542,770,508
2857,3522,8543,5216,8543,770,508
2857,3522,8544,5216,8544,770,508
2854,3522,8545,5216,8545,770,508
2855,3522,8546,5216,8546,770,508
2855,3522,8547,5216,8547,770,508
2854,3522,8548,5216,8548,770,508
2853,3522,8549,5216,8549,770,508
2853,3522,8550,5216,8550,770,508
2853,3522,8551,5216,8551,770,508
2852,3522,8552,5216,8552,770,508
2849,3522,8553,5216,8553,770,506
2849,3522,8554,5216,8554,770,506
2849,3522,8555,5216,8555,770,506
2849,3522,8556,5216,8556,770,506
2850,3522,8557,5216,8557,770,506
2850,3522,8558,5216,8558,770,506
2850,3522,8559,5216,8559,770,506
2845,3522,8560,5216,8560,770,506
2843,3522,8561,5216,8561,770,506
2843,3522,8562,5216,8562,770,506
2844,3522,8563,5216,8563,770,506
2838,3522,8564,5216,8564,770,505
2839,3522,8565,5216,8565,770,505
2839,3522,8566,5216,8566,770,505
2839,3522,8567,5216,8567,770,505
2840,3522,8568,5216,8568,770,505
2840,3522,8569,5216,8569,770,505
2840,3522,8570,5216,8570,770,505
2841,3522,8571,5216,8571,770,505
2841,3522,8572,5216,8572,770,505
2841,3522,8573,5216,8573,770,505
2841,3522,8574,5216,8574,770,505
2841,3522,8575,5216,8575,770,505
2842,3522,8576,5216,8576,770,505
2843,3522,8577,5216,8577,770,505
2842,3522,8578,5216,8578,770,504
2842,3522,8579,5216,8579,770,504
2842,3522,8580,5216,8580,770,504
2842,3522,8581,5216,8581,770,504
2842,3522,8582,5216,8582,770,504
2842,3522,8583,5216,8583,770,504
2843,3522,8584,5216,8584,770,504
2842,3522,8585,5216,8585,770,504
2840,3522,8586,5216,8586,770,504
2839,3522,8587,5216,8587,770,504
2840,3522,8588,5216,8588,770,504
2840,3522,8589,5216,8589,770,504
2838,3522,8590,5216,8590,770,504
2838,3522,8591,5216,8591,770,504
2839,3522,8592,5216,8592,770,504
2839,3522,8593,5216,8593,770,504
2840,3522,8594,5216,8594,770,504
2841,3522,8595,5216,8595,770,504
2838,3522,8596,5216,8596,770,504
2839,3522,8597,5216,8597,770,504
2836,3522,8598,5216,8598,770,504
2837,3522,8599,5216,8599,770,504
2837,3522,8600,5216,8600,770,504
2835,3522,8601,5216,8601,770,504
2836,3522,8602,5216,8602,770,504
2836,3522,8603,5216,8603,770,504
2836,3522,8604,5216,8604,770,504
2834,3522,8605,5216,8605,770,504
2832,3522,8606,5216,8606,770,504
2833,3522,8607,5216,8607,770,504
2834,3522,8608,5216,8608,770,504
2835,3522,8609,5216,8609,770,504
2835,3522,8610,5216,8610,770,504
2836,3522,8611,5216,8611,770,504
2835,3522,8612,5216,8612,770,504
2836,3522,8613,5216,8613,770,504
2837,3522,8614,5216,8614,770,504
2837,3522,8615,5216,8615,770,504
2837,3522,8616,5216,8616,770,504
2838,3522,8617,5216,8617,770,504
2838,3522,8618,5216,8618,770,504
2835,3522,8619,5216,8619,770,504
2833,3522,8620,5216,8620,770,504
2832,3522,8621,5216,8621,770,504
2831,3522,8622,5216,8622,770,504
2828,3522,8623,5216,8623,770,503
2828,3522,8624,5216,8624,770,503
2829,3522,8625,5216,8625,770,503
2828,3522,8626,5216,8626,770,503
2828,3522,8627,5216,8627,770,503
2825,3522,8628,5216,8628,770,503
2826,3522,8629,5216,8629,770,503
2821,3522,8630,5216,8630,770,503
2820,3522,8631,5216,8631,770,503
2820,3522,8632,5216,8632,770,503
2821,3522,8633,5216,8633,770,503
2821,3522,8634,5216,8634,770,503
2820,3522,8635,5216,8635,770,503
2820,3522,8636,5216,8636,770,503
2819,3522,8637,5216,8637,770,503
2820,3522,8638,5216,8638,770,503
2820,3522,8639,5216,8639,770,503
2821,3522,8640,5216,8640,770,503
2822,3522,8641,5216,8641,770,503
2822,3522,8642,5216,8642,770,503
2821,3522,8643,5216,8643,770,503
2821,3522,8644,5216,8644,770,503
2822,3522,8645,5216,8645,770,503
2823,3522,8646,5216,8646,770,503
2824,3522,8647,5216,8647,770,503
2824,3522,8648,5216,8648,770,503
2823,3522,8649,5216,8649,770,503
2823,3522,8650,5216,8650,770,503
2821,3522,8651,5216,8651,770,502
2821,3522,8652,5216,8652,770,502
2821,3522,8653,5216,8653,770,502
2822,3522,8654,5216,8654,770,502
2823,3522,8655,5216,8655,770,502
2821,3522,8656,5216,8656,770,500
2821,3522,8657,5216,8657,770,500
2821,3522,8658,5216,8658,770,500
2822,3522,8659,5216,8659,770,500
2822,3522,8660,5216,8660,770,500
2821,3522,8661,5216,8661,770,500
2821,3522,8662,5216,8662,770,500
2821,3522,8663,5216,8663,770,500
2820,3522,8664,5216,8664,770,500
2816,3522,8665,5216,8665,770,497
2814,3522,8666,5216,8666,770,496
2813,3522,8667,5216,8667,770,496
2813,3522,8668,5216,8668,770,496
2813,3522,8669,5216,8669,770,496
2813,3522,8670,5216,8670,770,496
2813,3522,8671,5216,8671,770,496
2814,3522,8672,5216,8672,770,496
2814,3522,8673,5216,8673,770,496
2814,3522,8674,5216,8674,770,496
2815,3522,8675,5216,8675,770,496
2816,3522,8676,5216,8676,770,496
2817,3522,8677,5216,8677,770,496
2817,3522,8678,5216,8678,770,496
2815,3522,8679,5216,8679,770,495
2815,3522,8680,5216,8680,770,495
2812,3522,8681,5216,8681,770,495
2812,3522,8682,5216,8682,770,495
2811,3522,8683,5216,8683,770,495
2811,3522,8684,5216,8684,770,495
2811,3522,8685,5216,8685,770,495
2812,3522,8686,5216,8686,770,495
2813,3522,8687,5216,8687,770,495
2809,3522,8688,5216,8688,770,495
2809,3522,8689,5216,8689,770,495
2807,3522,8690,5216,8690,770,495
2806,3522,8691,5216,8691,770,495
2807,3522,8692,5216,8692,770,495
2806,3522,8693,5216,8693,770,495
2804,3522,8694,5216,8694,770,495
2804,3522,8695,5216,8695,770,495
2804,3522,8696,5216,8696,770,495
2802,3522,8697,5216,8697,770,495
2802,3522,8698,5216,8698,770,495
2803,3522,8699,5216,8699,770,495
2803,3522,8700,5216,8700,770,495
2803,3522,8701,5216,8701,770,495
2803,3522,8702,5216,8702,770,495
2803,3522,8703,5216,8703,770,495
2804,3522,8704,5216,8704,770,495
2804,3522,8705,5216,8705,770,495
2804,3522,8706,5216,8706,770,495
2804,3522,8707,5216,8707,770,495
2803,3522,8708,5216,8708,770,495
2804,3522,8709,5216,8709,770,495
2805,3522,8710,5216,8710,770,495
2806,3522,8711,5216,8711,770,495
2806,3522,8712,5216,8712,770,495
2806,3522,8713,5216,8713,770,495
2805,3522,8714,5216,8714,770,495
2806,3522,8715,5216,8715,770,495
2806,3522,8716,5216,8716,770,495
2806,3522,8717,5216,8717,770,495
2806,3522,8718,5216,8718,770,495
2805,3522,8719,5216,8719,770,495
2806,3522,8720,5216,8720,770,495
2807,3522,8721,5216,8721,770,495
2806,3522,8722,5216,8722,770,495
2804,3522,8723,5216,8723,770,495
2804,3522,8724,5216,8724,770,495
2804,3522,8725,5216,8725,770,495
2804,3522,8726,5216,8726,770,495
2802,3522,8727,5216,8727,770,494
2801,3522,8728,5216,8728,770,494
2802,3522,8729,5216,8729,770,494
2802,3522,8730,5216,8730,770,494
2803,3522,8731,5216,8731,770,494
2803,3522,8732,5216,8732,770,494
2804,3522,8733,5216,8733,770,494
2800,3522,8734,5216,8734,770,494
2801,3522,8735,5216,8735,770,494
2802,3522,8736,5216,8736,770,494
2800,3522,8737,5216,8737,770,493
2800,3522,8738,5216,8738,770,493
2799,3522,8739,5216,8739,770,493
2799,3522,8740,5216,8740,770,493
2800,3522,8741,5216,8741,770,493
2801,3522,8742,5216,8742,770,493
2801,3522,8743,5216,8743,770,493
2799,3522,8744,5216,8744,770,493
2800,3522,8745,5216,8745,770,493
2797,3522,8746,5216,8746,770,493
2796,3522,8747,5216,8747,770,493
2796,3522,8748,5216,8748,770,493
2796,3522,8749,5216,8749,770,493
2796,3522,8750,5216,8750,770,493
2797,3522,8751,5216,8751,770,493
2796,3522,8752,5216,8752,770,493
2795,3522,8753,5216,8753,770,493
2796,3522,8754,5216,8754,770,493
2796,3522,8755,5216,8755,770,493
2796,3522,8756,5216,8756,770,493
2796,3522,8757,5216,8757,770,493
2796,3522,8758,5216,8758,770,493
2796,3522,8759,5216,8759,770,493
2796,3522,8760,5216,8760,770,493
2795,3522,8761,5216,8761,770,493
2796,3522,8762,5216,8762,770,493
2797,3522,8763,5216,8763,770,493
2796,3522,8764,5216,8764,770,493
2797,3522,8765,5216,8765,770,493
2797,3522,8766,5216,8766,770,493
2797,3522,8767,5216,8767,770,493
2797,3522,8768,5216,8768,770,493
2796,3522,8769,5216,8769,770,493
2794,3522,8770,5216,8770,770,493
2794,3522,8771,5216,8771,770,493
2794,3522,8772,5216,8772,770,493
2795,3522,8773,5216,8773,770,493
2794,3522,8774,5216,8774,770,493
2794,3522,8775,5216,8775,770,493
2795,3522,8776,5216,8776,770,493
2795,3522,8777,5216,8777,770,493
2795,3522,8778,5216,8778,770,493
2795,3522,8779,5216,8779,770,493
2795,3522,8780,5216,8780,770,493
2796,3522,8781,5216,8781,770,493
2796,3522,8782,5216,8782,770,493
2797,3522,8783,5216,8783,770,493
2798,3522,8784,5216,8784,770,493
2799,3522,8785,5216,8785,770,493
2800,3522,8786,5216,8786,770,493
2797,3522,8787,5216,8787,770,492
2797,3522,8788,5216,8788,770,492
2797,3522,8789,5216,8789,770,492
2797,3522,8790,5216,8790,770,492
2796,3522,8791,5216,8791,770,492
2797,3522,8792,5216,8792,770,492
2798,3522,8793,5216,8793,770,492
2799,3522,8794,5216,8794,770,492
2799,3522,8795,5216,8795,770,492
2800,3522,8796,5216,8796,770,492
2799,3522,8797,5216,8797,770,492
2799,3522,8798,5216,8798,770,492
2800,3522,8799,5216,8799,770,492
2800,3522,8800,5216,8800,770,492
2801,3522,8801,5216,8801,770,492
2799,3522,8802,5216,8802,770,492
2800,3522,8803,5216,8803,770,492
2798,3522,8804,5216,8804,770,492
2799,3522,8805,5216,8805,770,492
2797,3522,8806,5216,8806,770,491
2797,3522,8807,5216,8807,770,491
2795,3522,8808,5216,8808,770,491
2796,3522,8809,5216,8809,770,491
2796,3522,8810,5216,8810,770,491
2796,3522,8811,5216,8811,770,491
2795,3522,8812,5216,8812,770,491
2795,3522,8813,5216,8813,770,491
2796,3522,8814,5216,8814,770,491
2793,3522,8815,5216,8815,770,491
2793,3522,8816,5216,8816,770,491
2794,3522,8817,5216,8817,770,491
2793,3522,8818,5216,8818,770,491
2793,3522,8819,5216,8819,770,491
2793,3522,8820,5216,8820,770,491
2789,3522,8821,5216,8821,770,490
2790,3522,8822,5216,8822,770,490
2788,3522,8823,5216,8823,770,490
2789,3522,8824,5216,8824,770,490
2790,3522,8825,5216,8825,770,490
2791,3522,8826,5216,8826,770,490
2791,3522,8827,5216,8827,770,490
2791,3522,8828,5216,8828,770,490
2791,3522,8829,5216,8829,770,490
2790,3522,8830,5216,8830,770,490
2790,3522,8831,5216,8831,770,490
2791,3522,8832,5216,8832,770,490
2791,3522,8833,5216,8833,770,490
2788,3522,8834,5216,8834,770,490
2787,3522,8835,5216,8835,770,490
2787,3522,8836,5216,8836,770,490
2787,3522,8837,5216,8837,770,490
2787,3522,8838,5216,8838,770,490
2787,3522,8839,5216,8839,770,490
2788,3522,8840,5216,8840,770,490
2788,3522,8841,5216,8841,770,490
2789,3522,8842,5216,8842,770,490
2788,3522,8843,5216,8843,770,490
2789,3522,8844,5216,8844,770,490
2790,3522,8845,5216,8845,770,490
2790,3522,8846,5216,8846,770,490
2790,3522,8847,5216,8847,770,490
2790,3522,8848,5216,8848,770,490
2787,3522,8849,5216,8849,770,490
2788,3522,8850,5216,8850,770,490
2784,3522,8851,5216,8851,770,488
2785,3522,8852,5216,8852,770,488
2783,3522,8853,5216,8853,770,488
2784,3522,8854,5216,8854,770,488
2784,3522,8855,5216,8855,770,488
2784,3522,8856,5216,8856,770,488
2785,3522,8857,5216,8857,770,488
2785,3522,8858,5216,8858,770,488
2784,3522,8859,5216,8859,770,488
2784,3522,8860,5216,8860,770,488
2785,3522,8861,5216,8861,770,488
2783,3522,8862,5216,8862,770,486
2782,3522,8863,5216,8863,770,486
2783,3522,8864,5216,8864,770,486
2783,3522,8865,5216,8865,770,486
2783,3522,8866,5216,8866,770,486
2784,3522,8867,5216,8867,770,486
2783,3522,8868,5216,8868,770,486
2783,3522,8869,5216,8869,770,486
2780,3522,8870,5216,8870,770,485
2780,3522,8871,5216,8871,770,485
2780,3522,8872,5216,8872,770,485
2780,3522,8873,5216,8873,770,485
2779,3522,8874,5216,8874,770,485
2779,3522,8875,5216,8875,770,485
2780,3522,8876,5216,8876,770,485
2781,3522,8877,5216,8877,770,485
2782,3522,8878,5216,8878,770,485
2781,3522,8879,5216,8879,770,485
2781,3522,8880,5216,8880,770,485
2782,3522,8881,5216,8881,770,485
2783,3522,8882,5216,8882,770,485
2783,3522,8883,5216,8883,770,485
2780,3522,8884,5216,8884,770,485
2780,3522,8885,5216,8885,770,485
2778,3522,8886,5216,8886,770,484
2779,3522,8887,5216,8887,770,484
2779,3522,8888,5216,8888,770,484
2779,3522,8889,5216,8889,770,484
2779,3522,8890,5216,8890,770,484
2778,3522,8891,5216,8891,770,483
2779,3522,8892,5216,8892,770,483
2779,3522,8893,5216,8893,770,483
2779,3522,8894,5216,8894,770,483
2778,3522,8895,5216,8895,770,483
2778,3522,8896,5216,8896,770,483
2777,3522,8897,5216,8897,770,483
2777,3522,8898,5216,8898,770,483
2778,3522,8899,5216,8899,770,483
2778,3522,8900,5216,8900,770,483
2779,3522,8901,5216,8901,770,483
2779,3522,8902,5216,8902,770,483
2780,3522,8903,5216,8903,770,483
2781,3522,8904,5216,8904,770,483
2780,3522,8905,5216,8905,770,483
2778,3522,8906,5216,8906,770,483
2776,3522,8907,5216,8907,770,483
2777,3522,8908,5216,8908,770,483
2776,3522,8909,5216,8909,770,483
2776,3522,8910,5216,8910,770,483
2775,3522,8911,5216,8911,770,483
2772,3522,8912,5216,8912,770,483
2773,3522,8913,5216,8913,770,483
2773,3522,8914,5216,8914,770,483
2774,3522,8915,5216,8915,770,483
2775,3522,8916,5216,8916,770,483
2775,3522,8917,5216,8917,770,483
2775,3522,8918,5216,8918,770,483
2776,3522,8919,5216,8919,770,483
2777,3522,8920,5216,8920,770,483
2776,3522,8921,5216,8921,770,483
2777,3522,8922,5216,8922,770,483
2777,3522,8923,5216,8923,770,483
2778,3522,8924,5216,8924,770,483
2778,3522,8925,5216,8925,770,483
2777,3522,8926,5216,8926,770,483
2777,3522,8927,5216,8927,770,483
2773,3522,8928,5216,8928,770,483
2773,3522,8929,5216,8929,770,483
2774,3522,8930,5216,8930,770,483
2775,3522,8931,5216,8931,770,483
2774,3522,8932,5216,8932,770,483
2775,3522,8933,5216,8933,770,483
2770,3522,8934,5216,8934,770,481
2767,3522,8935,5216,8935,770,480
2767,3522,8936,5216,8936,770,480
2768,3522,8937,5216,8937,770,480
2768,3522,8938,5216,8938,770,480
2769,3522,8939,5216,8939,770,480
2769,3522,8940,5216,8940,770,480
2770,3522,8941,5216,8941,770,480
2770,3522,8942,5216,8942,770,480
2768,3522,8943,5216,8943,770,480
2768,3522,8944,5216,8944,770,480
2768,3522,8945,5216,8945,770,480
2765,3522,8946,5216,8946,770,477
2765,3522,8947,5216,8947,770,477
2764,3522,8948,5216,8948,770,477
2765,3522,8949,5216,8949,770,477
2764,3522,8950,5216,8950,770,477
2764,3522,8951,5216,8951,770,477
2764,3522,8952,5216,8952,770,477
2763,3522,8953,5216,8953,770,477
2764,3522,8954,5216,8954,770,477
2764,3522,8955,5216,8955,770,477
2764,3522,8956,5216,8956,770,477
2762,3522,8957,5216,8957,770,477
2762,3522,8958,5216,8958,770,477
2761,3522,8959,5216,8959,770,477
2762,3522,8960,5216,8960,770,477
2763,3522,8961,5216,8961,770,477
2762,3522,8962,5216,8962,770,477
2763,3522,8963,5216,8963,770,477
2764,3522,8964,5216,8964,770,477
2765,3522,8965,5216,8965,770,477
2765,3522,8966,5216,8966,770,477
2762,3522,8967,5216,8967,770,475
2761,3522,8968,5216,8968,770,475
2762,3522,8969,5216,8969,770,475
2759,3522,8970,5216,8970,770,475
2760,3522,8971,5216,8971,770,475
2761,3522,8972,5216,8972,770,475
2761,3522,8973,5216,8973,770,475
2761,3522,8974,5216,8974,770,475
2762,3522,8975,5216,8975,770,475
2763,3522,8976,5216,8976,770,475
2763,3522,8977,5216,8977,770,475
2763,3522,8978,5216,8978,770,475
2764,3522,8979,5216,8979,770,475
2765,3522,8980,5216,8980,770,475
2765,3522,8981,5216,8981,770,475
2765,3522,8982,5216,8982,770,475
2766,3522,8983,5216,8983,770,475
2766,3522,8984,5216,8984,770,475
2767,3522,8985,5216,8985,770,475
2768,3522,8986,5216,8986,770,475
2769,3522,8987,5216,8987,770,475
2769,3522,8988,5216,8988,770,475
2767,3522,8989,5216,8989,770,475
2766,3522,8990,5216,8990,770,475
2765,3522,8991,5216,8991,770,475
2763,3522,8992,5216,8992,770,475
2763,3522,8993,5216,8993,770,475
2762,3522,8994,5216,8994,770,475
2761,3522,8995,5216,8995,770,475
2762,3522,8996,5216,8996,770,475
2762,3522,8997,5216,8997,770,475
2763,3522,8998,5216,8998,770,475
2763,3522,8999,5216,8999,770,475
2763,3522,9000,5216,9000,770,475
2763,3522,9001,5216,9001,770,475
2761,3522,9002,5216,9002,770,475
2762,3522,9003,5216,9003,770,475
2762,3522,9004,5216,9004,770,475
2762,3522,9005,5216,9005,770,475
2763,3522,9006,5216,9006,770,475
2764,3522,9007,5216,9007,770,475
2764,3522,9008,5216,9008,770,475
2764,3522,9009,5216,9009,770,475
2765,3522,9010,5216,9010,770,475
2765,3522,9011,5216,9011,770,475
2766,3522,9012,5216,9012,770,475
2767,3522,9013,5216,9013,770,475
2767,3522,9014,5216,9014,770,475
2768,3522,9015,5216,9015,770,475
2768,3522,9016,5216,9016,770,475
2769,3522,9017,5216,9017,770,475
2770,3522,9018,5216,9018,770,475
2770,3522,9019,5216,9019,770,475
2770,3522,9020,5216,9020,770,475
2771,3522,9021,5216,9021,770,475
2770,3522,9022,5216,9022,770,475
2771,3522,9023,5216,9023,770,475
2770,3522,9024,5216,9024,770,475
2771,3522,9025,5216,9025,770,475
2768,3522,9026,5216,9026,770,473
2767,3522,9027,5216,9027,770,472
2768,3522,9028,5216,9028,770,472
2769,3522,9029,5216,9029,770,472
2769,3522,9030,5216,9030,770,472
2770,3522,9031,5216,9031,770,472
2771,3522,9032,5216,9032,770,472
2770,3522,9033,5216,9033,770,472
2769,3522,9034,5216,9034,770,472
2769,3522,9035,5216,9035,770,472
2766,3522,9036,5216,9036,770,472
2766,3522,9037,5216,9037,770,472
2765,3522,9038,5216,9038,770,472
2764,3522,9039,5216,9039,770,472
2764,3522,9040,5216,9040,770,472
2759,3522,9041,5216,9041,770,471
2755,3522,9042,5216,9042,770,469
2754,3522,9043,5216,9043,770,469
2751,3522,9044,5216,9044,770,467
2752,3522,9045,5216,9045,770,467
2753,3522,9046,5216,9046,770,467
2751,3522,9047,5216,9047,770,467
2749,3522,9048,5216,9048,770,467
2750,3522,9049,5216,9049,770,467
2750,3522,9050,5216,9050,770,467
2750,3522,9051,5216,9051,770,467
2747,3522,9052,5216,9052,770,465
2748,3522,9053,5216,9053,770,465
2748,3522,9054,5216,9054,770,465
2747,3522,9055,5216,9055,770,465
2747,3522,9056,5216,9056,770,465
2746,3522,9057,5216,9057,770,465
2746,3522,9058,5216,9058,770,465
2745,3522,9059,5216,9059,770,465
2745,3522,9060,5216,9060,770,465
2745,3522,9061,5216,9061,770,465
2746,3522,9062,5216,9062,770,465
2745,3522,9063,5216,9063,770,465
2741,3522,9064,5216,9064,770,465
2738,3522,9065,5216,9065,770,464
2736,3522,9066,5216,9066,770,464
2737,3522,9067,5216,9067,770,464
2734,3522,9068,5216,9068,770,463
2734,3522,9069,5216,9069,770,463
2731,3522,9070,5216,9070,770,462
2731,3522,9071,5216,9071,770,462
2732,3522,9072,5216,9072,770,462
2732,3522,9073,5216,9073,770,462
2732,3522,9074,5216,9074,770,462
2731,3522,9075,5216,9075,770,462
2732,3522,9076,5216,9076,770,462
2732,3522,9077,5216,9077,770,462
2730,3522,9078,5216,9078,770,461
2731,3522,9079,5216,9079,770,461
2726,3522,9080,5216,9080,770,461
2726,3522,9081,5216,9081,770,461
2727,3522,9082,5216,9082,770,461
2726,3522,9083,5216,9083,770,461
2727,3522,9084,5216,9084,770,461
2728,3522,9085,5216,9085,770,461
2728,3522,9086,5216,9086,770,461
2728,3522,9087,5216,9087,770,461
2729,3522,9088,5216,9088,770,461
2729,3522,9089,5216,9089,770,461
2730,3522,9090,5216,9090,770,461
2728,3522,9091,5216,9091,770,461
2728,3522,9092,5216,9092,770,461
2729,3522,9093,5216,9093,770,461
2727,3522,9094,5216,9094,770,461
2725,3522,9095,5216,9095,770,461
2723,3522,9096,5216,9096,770,461
2724,3522,9097,5216,9097,770,461
2724,3522,9098,5216,9098,770,461
2724,3522,9099,5216,9099,770,461
2721,3522,9100,5216,9100,770,461
2722,3522,9101,5216,9101,770,461
2722,3522,9102,5216,9102,770,461
2723,3522,9103,5216,9103,770,461
2723,3522,9104,5216,9104,770,461
2722,3522,9105,5216,9105,770,461
2722,3522,9106,5216,9106,770,461
2722,3522,9107,5216,9107,770,461
2722,3522,9108,5216,9108,770,461
2722,3522,9109,5216,9109,770,461
2722,3522,9110,5216,9110,770,461
2721,3522,9111,5216,9111,770,461
2721,3522,9112,5216,9112,770,461
2720,3522,9113,5216,9113,770,461
2720,3522,9114,5216,9114,770,461
2719,3522,9115,5216,9115,770,461
2716,3522,9116,5216,9116,770,459
2716,3522,9117,5216,9117,770,459
2714,3522,9118,5216,9118,770,457
2713,3522,9119,5216,9119,770,457
2710,3522,9120,5216,9120,770,456
2710,3522,9121,5216,9121,770,456
2710,3522,9122,5216,9122,770,456
2711,3522,9123,5216,9123,770,456
2712,3522,9124,5216,9124,770,456
2707,3522,9125,5216,9125,770,454
2705,3522,9126,5216,9126,770,454
2706,3522,9127,5216,9127,770,454
2704,3522,9128,5216,9128,770,453
2705,3522,9129,5216,9129,770,453
2705,3522,9130,5216,9130,770,453
2705,3522,9131,5216,9131,770,453
2705,3522,9132,5216,9132,770,453
2705,3522,9133,5216,9133,770,453
2706,3522,9134,5216,9134,770,453
2707,3522,9135,5216,9135,770,453
2707,3522,9136,5216,9136,770,453
2707,3522,9137,5216,9137,770,453
2708,3522,9138,5216,9138,770,453
2708,3522,9139,5216,9139,770,453
2708,3522,9140,5216,9140,770,453
2706,3522,9141,5216,9141,770,453
2706,3522,9142,5216,9142,770,453
2707,3522,9143,5216,9143,770,453
2708,3522,9144,5216,9144,770,453
2709,3522,9145,5216,9145,770,453
2709,3522,9146,5216,9146,770,453
2709,3522,9147,5216,9147,770,453
2709,3522,9148,5216,9148,770,453
2707,3522,9149,5216,9149,770,453
2708,3522,9150,5216,9150,770,453
2709,3522,9151,5216,9151,770,453
2708,3522,9152,5216,9152,770,453
2707,3522,9153,5216,9153,770,453
2702,3522,9154,5216,9154,770,451
2703,3522,9155,5216,9155,770,451
2702,3522,9156,5216,9156,770,451
2703,3522,9157,5216,9157,770,451
2704,3522,9158,5216,9158,770,451
2703,3522,9159,5216,9159,770,450
2704,3522,9160,5216,9160,770,450
2701,3522,9161,5216,9161,770,450
2701,3522,9162,5216,9162,770,450
2702,3522,9163,5216,9163,770,450
2702,3522,9164,5216,9164,770,450
2703,3522,9165,5216,9165,770,450
2703,3522,9166,5216,9166,770,450
2703,3522,9167,5216,9167,770,450
2703,3522,9168,5216,9168,770,450
2702,3522,9169,5216,9169,770,450
2703,3522,9170,5216,9170,770,450
2704,3522,9171,5216,9171,770,450
2704,3522,9172,5216,9172,770,450
2705,3522,9173,5216,9173,770,450
2705,3522,9174,5216,9174,770,450
2706,3522,9175,5216,9175,770,450
2706,3522,9176,5216,9176,770,450
2705,3522,9177,5216,9177,770,450
2705,3522,9178,5216,9178,770,450
2704,3522,9179,5216,9179,770,450
2704,3522,9180,5216,9180,770,450
2703,3522,9181,5216,9181,770,450
2703,3522,9182,5216,9182,770,450
2703,3522,9183,5216,9183,770,450
2703,3522,9184,5216,9184,770,450
2702,3522,9185,5216,9185,770,450
2703,3522,9186,5216,9186,770,450
2704,3522,9187,5216,9187,770,450
2705,3522,9188,5216,9188,770,450
2702,3522,9189,5216,9189,770,449
2702,3522,9190,5216,9190,770,449
2703,3522,9191,5216,9191,770,449
2704,3522,9192,5216,9192,770,449
2705,3522,9193,5216,9193,770,449
2702,3522,9194,5216,9194,770,449
2701,3522,9195,5216,9195,770,449
2700,3522,9196,5216,9196,770,448
2701,3522,9197,5216,9197,770,448
2700,3522,9198,5216,9198,770,448
2700,3522,9199,5216,9199,770,448
2700,3522,9200,5216,9200,770,448
2699,3522,9201,5216,9201,770,448
2699,3522,9202,5216,9202,770,448
2700,3522,9203,5216,9203,770,448
2701,3522,9204,5216,9204,770,448
2702,3522,9205,5216,9205,770,448
2701,3522,9206,5216,9206,770,447
2701,3522,9207,5216,9207,770,447
2701,3522,9208,5216,9208,770,447
2701,3522,9209,5216,9209,770,447
2701,3522,9210,5216,9210,770,447
2701,3522,9211,5216,9211,770,447
2700,3522,9212,5216,9212,770,447
2697,3522,9213,5216,9213,770,446
2698,3522,9214,5216,9214,770,446
2699,3522,9215,5216,9215,770,446
2700,3522,9216,5216,9216,770,446
2700,3522,9217,5216,9217,770,446
2701,3522,9218,5216,9218,770,446
2701,3522,9219,5216,9219,770,446
2702,3522,9220,5216,9220,770,446
2703,3522,9221,5216,9221,770,446
2703,3522,9222,5216,9222,770,446
2702,3522,9223,5216,9223,770,445
2702,3522,9224,5216,9224,770,445
2701,3522,9225,5216,9225,770,445
2697,3522,9226,5216,9226,770,445
2696,3522,9227,5216,9227,770,445
2696,3522,9228,5216,9228,770,445
2693,3522,9229,5216,9229,770,443
2694,3522,9230,5216,9230,770,443
2693,3522,9231,5216,9231,770,443
2694,3522,9232,5216,9232,770,443
2693,3522,9233,5216,9233,770,443
2693,3522,9234,5216,9234,770,443
2694,3522,9235,5216,9235,770,443
2693,3522,9236,5216,9236,770,443
2692,3522,9237,5216,9237,770,443
2691,3522,9238,5216,9238,770,443
2690,3522,9239,5216,9239,770,443
2690,3522,9240,5216,9240,770,443
2690,3522,9241,5216,9241,770,443
2691,3522,9242,5216,9242,770,443
2689,3522,9243,5216,9243,770,443
2690,3522,9244,5216,9244,770,443
2691,3522,9245,5216,9245,770,443
2692,3522,9246,5216,9246,770,443
2693,3522,9247,5216,9247,770,443
2693,3522,9248,5216,9248,770,443
2691,3522,9249,5216,9249,770,443
2692,3522,9250,5216,9250,770,443
2691,3522,9251,5216,9251,770,443
2691,3522,9252,5216,9252,770,443
2691,3522,9253,5216,9253,770,443
2690,3522,9254,5216,9254,770,443
2690,3522,9255,5216,9255,770,443
2690,3522,9256,5216,9256,770,443
2688,3522,9257,5216,9257,770,443
2689,3522,9258,5216,9258,770,443
2689,3522,9259,5216,9259,770,443
2690,3522,9260,5216,9260,770,443
2690,3522,9261,5216,9261,770,443
2691,3522,9262,5216,9262,770,443
2689,3522,9263,5216,9263,770,443
2690,3522,9264,5216,9264,770,443
2690,3522,9265,5216,9265,770,443
2690,3522,9266,5216,9266,770,443
2691,3522,9267,5216,9267,770,443
2692,3522,9268,5216,9268,770,443
2688,3522,9269,5216,9269,770,443
2687,3522,9270,5216,9270,770,443
2687,3522,9271,5216,9271,770,443
2688,3522,9272,5216,9272,770,443
2689,3522,9273,5216,9273,770,443
2688,3522,9274,5216,9274,770,443
2689,3522,9275,5216,9275,770,443
2690,3522,9276,5216,9276,770,443
2690,3522,9277,5216,9277,770,443
2691,3522,9278,5216,9278,770,443
2692,3522,9279,5216,9279,770,443
2692,3522,9280,5216,9280,770,443
2689,3522,9281,5216,9281,770,443
2689,3522,9282,5216,9282,770,443
2690,3522,9283,5216,9283,770,443
2691,3522,9284,5216,9284,770,443
2692,3522,9285,5216,9285,770,443
2689,3522,9286,5216,9286,770,442
2690,3522,9287,5216,9287,770,442
2688,3522,9288,5216,9288,770,441
2688,3522,9289,5216,9289,770,441
2689,3522,9290,5216,9290,770,441
2687,3522,9291,5216,9291,770,440
2687,3522,9292,5216,9292,770,440
2686,3522,9293,5216,9293,770,440
2687,3522,9294,5216,9294,770,440
2688,3522,9295,5216,9295,770,440
2689,3522,9296,5216,9296,770,440
2689,3522,9297,5216,9297,770,440
2689,3522,9298,5216,9298,770,440
2689,3522,9299,5216,9299,770,440
2688,3522,9300,5216,9300,770,440
2687,3522,9301,5216,9301,770,440
2688,3522,9302,5216,9302,770,440
2689,3522,9303,5216,9303,770,440
2690,3522,9304,5216,9304,770,440
2689,3522,9305,5216,9305,770,440
2689,3522,9306,5216,9306,770,440
2690,3522,9307,5216,9307,770,440
2690,3522,9308,5216,9308,770,440
2690,3522,9309,5216,9309,770,440
2690,3522,9310,5216,9310,770,440
2691,3522,9311,5216,9311,770,440
2692,3522,9312,5216,9312,770,440
2692,3522,9313,5216,9313,770,440
2692,3522,9314,5216,9314,770,440
2692,3522,9315,5216,9315,770,440
2692,3522,9316,5216,9316,770,440
2693,3522,9317,5216,9317,770,440
2691,3522,9318,5216,9318,770,440
2689,3522,9319,5216,9319,770,440
2689,3522,9320,5216,9320,770,440
2689,3522,9321,5216,9321,770,440
2689,3522,9322,5216,9322,770,440
2689,3522,9323,5216,9323,770,440
2689,3522,9324,5216,9324,770,440
2689,3522,9325,5216,9325,770,440
2689,3522,9326,5216,9326,770,440
2689,3522,9327,5216,9327,770,440
2690,3522,9328,5216,9328,770,440
2691,3522,9329,5216,9329,770,440
2691,3522,9330,5216,9330,770,440
2691,3522,9331,5216,9331,770,440
2692,3522,9332,5216,9332,770,440
2691,3522,9333,5216,9333,770,440
2687,3522,9334,5216,9334,770,436
2688,3522,9335,5216,9335,770,436
2689,3522,9336,5216,9336,770,436
2690,3522,9337,5216,9337,770,436
2691,3522,9338,5216,9338,770,436
2692,3522,9339,5216,9339,770,436
2691,3522,9340,5216,9340,770,436
2689,3522,9341,5216,9341,770,435
2686,3522,9342,5216,9342,770,435
2683,3522,9343,5216,9343,770,434
2683,3522,9344,5216,9344,770,434
2683,3522,9345,5216,9345,770,434
2684,3522,9346,5216,9346,770,434
2685,3522,9347,5216,9347,770,434
2686,3522,9348,5216,9348,770,434
2686,3522,9349,5216,9349,770,434
2687,3522,9350,5216,9350,770,434
2688,3522,9351,5216,9351,770,434
2688,3522,9352,5216,9352,770,434
2689,3522,9353,5216,9353,770,434
2689,3522,9354,5216,9354,770,434
2689,3522,9355,5216,9355,770,434
2685,3522,9356,5216,9356,770,433
2684,3522,9357,5216,9357,770,433
2684,3522,9358,5216,9358,770,433
2683,3522,9359,5216,9359,770,433
2683,3522,9360,5216,9360,770,433
2683,3522,9361,5216,9361,770,433
2681,3522,9362,5216,9362,770,433
2679,3522,9363,5216,9363,770,433
2679,3522,9364,5216,9364,770,433
2680,3522,9365,5216,9365,770,433
2680,3522,9366,5216,9366,770,433
2681,3522,9367,5216,9367,770,433
2681,3522,9368,5216,9368,770,433
2681,3522,9369,5216,9369,770,433
2679,3522,9370,5216,9370,770,433
2680,3522,9371,5216,9371,770,433
2680,3522,9372,5216,9372,770,433
2681,3522,9373,5216,9373,770,433
2682,3522,9374,5216,9374,770,433
2683,3522,9375,5216,9375,770,433
2682,3522,9376,5216,9376,770,433
2683,3522,9377,5216,9377,770,433
2683,3522,9378,5216,9378,770,433
2683,3522,9379,5216,9379,770,433
2680,3522,9380,5216,9380,770,433
2680,3522,9381,5216,9381,770,433
2681,3522,9382,5216,9382,770,433
2682,3522,9383,5216,9383,770,433
2681,3522,9384,5216,9384,770,433
2681,3522,9385,5216,9385,770,433
2679,3522,9386,5216,9386,770,433
2679,3522,9387,5216,9387,770,433
2680,3522,9388,5216,9388,770,433
2679,3522,9389,5216,9389,770,433
2678,3522,9390,5216,9390,770,433
2679,3522,9391,5216,9391,770,433
2676,3522,9392,5216,9392,770,432
2676,3522,9393,5216,9393,770,432
2673,3522,9394,5216,9394,770,432
2674,3522,9395,5216,9395,770,432
2675,3522,9396,5216,9396,770,432
2676,3522,9397,5216,9397,770,432
2677,3522,9398,5216,9398,770,432
2677,3522,9399,5216,9399,770,432
2675,3522,9400,5216,9400,770,432
2675,3522,9401,5216,9401,770,432
2675,3522,9402,5216,9402,770,432
2676,3522,9403,5216,9403,770,432
2677,3522,9404,5216,9404,770,432
2677,3522,9405,5216,9405,770,432
2673,3522,9406,5216,9406,770,431
2674,3522,9407,5216,9407,770,431
2673,3522,9408,5216,9408,770,430
2673,3522,9409,5216,9409,770,430
2671,3522,9410,5216,9410,770,430
2670,3522,9411,5216,9411,770,430
2671,3522,9412,5216,9412,770,430
2670,3522,9413,5216,9413,770,430
2671,3522,9414,5216,9414,770,430
2672,3522,9415,5216,9415,770,430
2673,3522,9416,5216,9416,770,430
2673,3522,9417,5216,9417,770,430
2674,3522,9418,5216,9418,770,430
2674,3522,9419,5216,9419,770,430
2674,3522,9420,5216,9420,770,430
2674,3522,9421,5216,9421,770,430
2671,3522,9422,5216,9422,770,429
2670,3522,9423,5216,9423,770,429
2670,3522,9424,5216,9424,770,429
2669,3522,9425,5216,9425,770,429
2668,3522,9426,5216,9426,770,429
2668,3522,9427,5216,9427,770,429
2668,3522,9428,5216,9428,770,429
2668,3522,9429,5216,9429,770,429
2669,3522,9430,5216,9430,770,429
2670,3522,9431,5216,9431,770,429
2670,3522,9432,5216,9432,770,429
2670,3522,9433,5216,9433,770,429
2670,3522,9434,5216,9434,770,429
2670,3522,9435,5216,9435,770,429
2670,3522,9436,5216,9436,770,429
2670,3522,9437,5216,9437,770,429
2671,3522,9438,5216,9438,770,429
2672,3522,9439,5216,9439,770,429
2672,3522,9440,5216,9440,770,429
2670,3522,9441,5216,9441,770,429
2669,3522,9442,5216,9442,770,429
2668,3522,9443,5216,9443,770,429
2668,3522,9444,5216,9444,770,429
2668,3522,9445,5216,9445,770,429
2667,3522,9446,5216,9446,770,429
2667,3522,9447,5216,9447,770,429
2667,3522,9448,5216,9448,770,429
2668,3522,9449,5216,9449,770,429
2668,3522,9450,5216,9450,770,429
2669,3522,9451,5216,9451,770,429
2668,3522,9452,5216,9452,770,429
2669,3522,9453,5216,9453,770,429
2667,3522,9454,5216,9454,770,428
2667,3522,9455,5216,9455,770,428
2666,3522,9456,5216,9456,770,428
2666,3522,9457,5216,9457,770,428
2667,3522,9458,5216,9458,770,428
2668,3522,9459,5216,9459,770,428
2668,3522,9460,5216,9460,770,428
2669,3522,9461,5216,9461,770,428
2669,3522,9462,5216,9462,770,428
2670,3522,9463,5216,9463,770,428
2665,3522,9464,5216,9464,770,428
2664,3522,9465,5216,9465,770,428
2665,3522,9466,5216,9466,770,428
2663,3522,9467,5216,9467,770,428
2663,3522,9468,5216,9468,770,428
2662,3522,9469,5216,9469,770,428
2663,3522,9470,5216,9470,770,428
2662,3522,9471,5216,9471,770,428
2663,3522,9472,5216,9472,770,428
2664,3522,9473,5216,9473,770,428
2664,3522,9474,5216,9474,770,428
2665,3522,9475,5216,9475,770,428
2665,3522,9476,5216,9476,770,428
2665,3522,9477,5216,9477,770,428
2661,3522,9478,5216,9478,770,428
2662,3522,9479,5216,9479,770,428
2663,3522,9480,5216,9480,770,428
2664,3522,9481,5216,9481,770,428
2664,3522,9482,5216,9482,770,428
2662,3522,9483,5216,9483,770,426
2663,3522,9484,5216,9484,770,426
2664,3522,9485,5216,9485,770,426
2664,3522,9486,5216,9486,770,426
2664,3522,9487,5216,9487,770,426
2665,3522,9488,5216,9488,770,426
2665,3522,9489,5216,9489,770,426
2665,3522,9490,5216,9490,770,426
2665,3522,9491,5216,9491,770,426
2664,3522,9492,5216,9492,770,426
2665,3522,9493,5216,9493,770,426
2666,3522,9494,5216,9494,770,426
2666,3522,9495,5216,9495,770,426
2665,3522,9496,5216,9496,770,426
2665,3522,9497,5216,9497,770,426
2666,3522,9498,5216,9498,770,426
2666,3522,9499,5216,9499,770,426
2666,3522,9500,5216,9500,770,426
2666,3522,9501,5216,9501,770,426
2665,3522,9502,5216,9502,770,426
2666,3522,9503,5216,9503,770,426
2666,3522,9504,5216,9504,770,426
2666,3522,9505,5216,9505,770,426
2666,3522,9506,5216,9506,770,426
2667,3522,9507,5216,9507,770,426
2667,3522,9508,5216,9508,770,426
2666,3522,9509,5216,9509,770,426
2667,3522,9510,5216,9510,770,426
2668,3522,9511,5216,9511,770,426
2666,3522,9512,5216,9512,770,426
2665,3522,9513,5216,9513,770,426
2666,3522,9514,5216,9514,770,426
2666,3522,9515,5216,9515,770,426
2666,3522,9516,5216,9516,770,426
2666,3522,9517,5216,9517,770,426
2666,3522,9518,5216,9518,770,426
2665,3522,9519,5216,9519,770,426
2666,3522,9520,5216,9520,770,426
2665,3522,9521,5216,9521,770,426
2665,3522,9522,5216,9522,770,426
2665,3522,9523,5216,9523,770,426
2665,3522,9524,5216,9524,770,426
2666,3522,9525,5216,9525,770,426
2666,3522,9526,5216,9526,770,426
2666,3522,9527,5216,9527,770,426
2665,3522,9528,5216,9528,770,426
2666,3522,9529,5216,9529,770,426
2666,3522,9530,5216,9530,770,426
2667,3522,9531,5216,9531,770,426
2667,3522,9532,5216,9532,770,426
2667,3522,9533,5216,9533,770,426
2668,3522,9534,5216,9534,770,426
2669,3522,9535,5216,9535,770,426
2668,3522,9536,5216,9536,770,426
2668,3522,9537,5216,9537,770,426
2668,3522,9538,5216,9538,770,426
2668,3522,9539,5216,9539,770,426
2669,3522,9540,5216,9540,770,426
2668,3522,9541,5216,9541,770,426
2668,3522,9542,5216,9542,770,426
2668,3522,9543,5216,9543,770,426
2669,3522,9544,5216,9544,770,426
2670,3522,9545,5216,9545,770,426
2671,3522,9546,5216,9546,770,426
2670,3522,9547,5216,9547,770,426
2670,3522,9548,5216,9548,770,426
2670,3522,9549,5216,9549,770,426
2670,3522,9550,5216,9550,770,426
2669,3522,9551,5216,9551,770,426
2669,3522,9552,5216,9552,770,426
2667,3522,9553,5216,9553,770,426
2668,3522,9554,5216,9554,770,426
2668,3522,9555,5216,9555,770,426
2668,3522,9556,5216,9556,770,426
2669,3522,9557,5216,9557,770,426
2670,3522,9558,5216,9558,770,426
2669,3522,9559,5216,9559,770,426
2670,3522,9560,5216,9560,770,426
2669,3522,9561,5216,9561,770,426
2670,3522,9562,5216,9562,770,426
2669,3522,9563,5216,9563,770,425
2669,3522,9564,5216,9564,770,425
2668,3522,9565,5216,9565,770,424
2668,3522,9566,5216,9566,770,424
2666,3522,9567,5216,9567,770,424
2664,3522,9568,5216,9568,770,424
2665,3522,9569,5216,9569,770,424
2665,3522,9570,5216,9570,770,424
2666,3522,9571,5216,9571,770,424
2667,3522,9572,5216,9572,770,424
2667,3522,9573,5216,9573,770,424
2668,3522,9574,5216,9574,770,424
2668,3522,9575,5216,9575,770,424
2669,3522,9576,5216,9576,770,424
2668,3522,9577,5216,9577,770,424
2668,3522,9578,5216,9578,770,424
2668,3522,9579,5216,9579,770,424
2669,3522,9580,5216,9580,770,424
2669,3522,9581,5216,9581,770,424
2670,3522,9582,5216,9582,770,424
2670,3522,9583,5216,9583,770,424
2668,3522,9584,5216,9584,770,424
2668,3522,9585,5216,9585,770,424
2668,3522,9586,5216,9586,770,424
2668,3522,9587,5216,9587,770,424
2668,3522,9588,5216,9588,770,424
2665,3522,9589,5216,9589,770,424
2662,3522,9590,5216,9590,770,424
2661,3522,9591,5216,9591,770,424
2661,3522,9592,5216,9592,770,424
2661,3522,9593,5216,9593,770,424
2660,3522,9594,5216,9594,770,424
2660,3522,9595,5216,9595,770,424
2659,3522,9596,5216,9596,770,424
2658,3522,9597,5216,9597,770,424
2658,3522,9598,5216,9598,770,424
2659,3522,9599,5216,9599,770,424
2654,3522,9600,5216,9600,770,423
2654,3522,9601,5216,9601,770,423
2655,3522,9602,5216,9602,770,423
2655,3522,9603,5216,9603,770,423
2655,3522,9604,5216,9604,770,423
2655,3522,9605,5216,9605,770,423
2653,3522,9606,5216,9606,770,423
2654,3522,9607,5216,9607,770,423
2655,3522,9608,5216,9608,770,423
2655,3522,9609,5216,9609,770,423
2656,3522,9610,5216,9610,770,423
2653,3522,9611,5216,9611,770,422
2653,3522,9612,5216,9612,770,422
2651,3522,9613,5216,9613,770,421
2650,3522,9614,5216,9614,770,420
2651,3522,9615,5216,9615,770,420
2651,3522,9616,5216,9616,770,420
2650,3522,9617,5216,9617,770,420
2650,3522,9618,5216,9618,770,420
2650,3522,9619,5216,9619,770,420
2651,3522,9620,5216,9620,770,420
2652,3522,9621,5216,9621,770,420
2652,3522,9622,5216,9622,770,420
2653,3522,9623,5216,9623,770,420
2653,3522,9624,5216,9624,770,420
2653,3522,9625,5216,9625,770,420
2652,3522,9626,5216,9626,770,420
2648,3522,9627,5216,9627,770,418
2647,3522,9628,5216,9628,770,418
2647,3522,9629,5216,9629,770,418
2648,3522,9630,5216,9630,770,418
2648,3522,9631,5216,9631,770,418
2649,3522,9632,5216,9632,770,418
2647,3522,9633,5216,9633,770,418
2647,3522,9634,5216,9634,770,418
2648,3522,9635,5216,9635,770,418
2648,3522,9636,5216,9636,770,418
2648,3522,9637,5216,9637,770,418
2648,3522,9638,5216,9638,770,418
2644,3522,9639,5216,9639,770,417
2645,3522,9640,5216,9640,770,417
2643,3522,9641,5216,9641,770,417
2640,3522,9642,5216,9642,770,417
2639,3522,9643,5216,9643,770,417
2639,3522,9644,5216,9644,770,417
2639,3522,9645,5216,9645,770,417
2640,3522,9646,5216,9646,770,417
2640,3522,9647,5216,9647,770,417
2640,3522,9648,5216,9648,770,417
2640,3522,9649,5216,9649,770,417
2641,3522,9650,5216,9650,770,417
2641,3522,9651,5216,9651,770,417
2640,3522,9652,5216,9652,770,417
2640,3522,9653,5216,9653,770,417
2641,3522,9654,5216,9654,770,417
2641,3522,9655,5216,9655,770,417
2642,3522,9656,5216,9656,770,417
2642,3522,9657,5216,9657,770,417
2641,3522,9658,5216,9658,770,417
2642,3522,9659,5216,9659,770,417
2643,3522,9660,5216,9660,770,417
2641,3522,9661,5216,9661,770,416
2641,3522,9662,5216,9662,770,416
2641,3522,9663,5216,9663,770,416
2640,3522,9664,5216,9664,770,416
2641,3522,9665,5216,9665,770,416
2642,3522,9666,5216,9666,770,416
2643,3522,9667,5216,9667,770,416
2644,3522,9668,5216,9668,770,416
2643,3522,9669,5216,9669,770,416
2644,3522,9670,5216,9670,770,416
2645,3522,9671,5216,9671,770,416
2645,3522,9672,5216,9672,770,416
2645,3522,9673,5216,9673,770,416
2645,3522,9674,5216,9674,770,416
2645,3522,9675,5216,9675,770,416
2640,3522,9676,5216,9676,770,414
2640,3522,9677,5216,9677,770,414
2640,3522,9678,5216,9678,770,414
2641,3522,9679,5216,9679,770,414
2641,3522,9680,5216,9680,770,414
2641,3522,9681,5216,9681,770,414
2640,3522,9682,5216,9682,770,414
2640,3522,9683,5216,9683,770,414
2638,3522,9684,5216,9684,770,414
2638,3522,9685,5216,9685,770,414
2638,3522,9686,5216,9686,770,414
2637,3522,9687,5216,9687,770,414
2637,3522,9688,5216,9688,770,414
2636,3522,9689,5216,9689,770,414
2637,3522,9690,5216,9690,770,414
2637,3522,9691,5216,9691,770,414
2636,3522,9692,5216,9692,770,414
2637,3522,9693,5216,9693,770,414
2637,3522,9694,5216,9694,770,414
2635,3522,9695,5216,9695,770,414
2635,3522,9696,5216,9696,770,414
2635,3522,9697,5216,9697,770,414
2635,3522,9698,5216,9698,770,414
2636,3522,9699,5216,9699,770,414
2636,3522,9700,5216,9700,770,414
2635,3522,9701,5216,9701,770,414
2636,3522,9702,5216,9702,770,414
2635,3522,9703,5216,9703,770,414
2635,3522,9704,5216,9704,770,414
2635,3522,9705,5216,9705,770,414
2636,3522,9706,5216,9706,770,414
2636,3522,9707,5216,9707,770,414
2637,3522,9708,5216,9708,770,414
2638,3522,9709,5216,9709,770,414
2638,3522,9710,5216,9710,770,414
2639,3522,9711,5216,9711,770,414
2638,3522,9712,5216,9712,770,414
2638,3522,9713,5216,9713,770,414
2638,3522,9714,5216,9714,770,414
2638,3522,9715,5216,9715,770,414
2638,3522,9716,5216,9716,770,414
2638,3522,9717,5216,9717,770,414
2638,3522,9718,5216,9718,770,414
2638,3522,9719,5216,9719,770,414
2637,3522,9720,5216,9720,770,414
2638,3522,9721,5216,9721,770,414
2637,3522,9722,5216,9722,770,414
2638,3522,9723,5216,9723,770,414
2638,3522,9724,5216,9724,770,414
2637,3522,9725,5216,9725,770,414
2636,3522,9726,5216,9726,770,414
2636,3522,9727,5216,9727,770,414
2637,3522,9728,5216,9728,770,414
2637,3522,9729,5216,9729,770,414
2638,3522,9730,5216,9730,770,414
2639,3522,9731,5216,9731,770,414
2639,3522,9732,5216,9732,770,414
2639,3522,9733,5216,9733,770,414
2638,3522,9734,5216,9734,770,414
2638,3522,9735,5216,9735,770,414
2639,3522,9736,5216,9736,770,414
2639,3522,9737,5216,9737,770,414
2640,3522,9738,5216,9738,770,414
2640,3522,9739,5216,9739,770,414
2640,3522,9740,5216,9740,770,414
2641,3522,9741,5216,9741,770,414
2641,3522,9742,5216,9742,770,414
2640,3522,9743,5216,9743,770,414
2639,3522,9744,5216,9744,770,414
2640,3522,9745,5216,9745,770,414
2640,3522,9746,5216,9746,770,414
2640,3522,9747,5216,9747,770,414
2640,3522,9748,5216,9748,770,414
2641,3522,9749,5216,9749,770,414
2641,3522,9750,5216,9750,770,414
2639,3522,9751,5216,9751,770,414
2639,3522,9752,5216,9752,770,414
2640,3522,9753,5216,9753,770,414
2640,3522,9754,5216,9754,770,414
2640,3522,9755,5216,9755,770,414
2641,3522,9756,5216,9756,770,414
2641,3522,9757,5216,9757,770,414
2642,3522,9758,5216,9758,770,414
2640,3522,9759,5216,9759,770,414
2640,3522,9760,5216,9760,770,414
2640,3522,9761,5216,9761,770,414
2639,3522,9762,5216,9762,770,414
2638,3522,9763,5216,9763,770,414
2638,3522,9764,5216,9764,770,414
2639,3522,9765,5216,9765,770,414
2640,3522,9766,5216,9766,770,414
2640,3522,9767,5216,9767,770,414
2640,3522,9768,5216,9768,770,414
2638,3522,9769,5216,9769,770,414
2637,3522,9770,5216,9770,770,414
2633,3522,9771,5216,9771,770,410
2634,3522,9772,5216,9772,770,410
2634,3522,9773,5216,9773,770,410
2635,3522,9774,5216,9774,770,410
2635,3522,9775,5216,9775,770,410
2636,3522,9776,5216,9776,770,410
2635,3522,9777,5216,9777,770,410
2636,3522,9778,5216,9778,770,410
2637,3522,9779,5216,9779,770,410
2637,3522,9780,5216,9780,770,410
2638,3522,9781,5216,9781,770,410
2636,3522,9782,5216,9782,770,410
2637,3522,9783,5216,9783,770,410
2636,3522,9784,5216,9784,770,410
2635,3522,9785,5216,9785,770,409
2636,3522,9786,5216,9786,770,409
2637,3522,9787,5216,9787,770,409
2638,3522,9788,5216,9788,770,409
2638,3522,9789,5216,9789,770,409
2638,3522,9790,5216,9790,770,409
2635,3522,9791,5216,9791,770,409
2634,3522,9792,5216,9792,770,409
2634,3522,9793,5216,9793,770,409
2635,3522,9794,5216,9794,770,409
2634,3522,9795,5216,9795,770,409
2632,3522,9796,5216,9796,770,409
2632,3522,9797,5216,9797,770,409
2633,3522,9798,5216,9798,770,409
2634,3522,9799,5216,9799,770,409
2632,3522,9800,5216,9800,770,409
2632,3522,9801,5216,9801,770,409
2632,3522,9802,5216,9802,770,409
2633,3522,9803,5216,9803,770,409
2632,3522,9804,5216,9804,770,409
2633,3522,9805,5216,9805,770,409
2633,3522,9806,5216,9806,770,409
2633,3522,9807,5216,9807,770,409
2632,3522,9808,5216,9808,770,409
2633,3522,9809,5216,9809,770,409
2634,3522,9810,5216,9810,770,409
2633,3522,9811,5216,9811,770,408
2633,3522,9812,5216,9812,770,408
2634,3522,9813,5216,9813,770,408
2633,3522,9814,5216,9814,770,408
2633,3522,9815,5216,9815,770,408
2634,3522,9816,5216,9816,770,408
2633,3522,9817,5216,9817,770,408
2633,3522,9818,5216,9818,770,408
2634,3522,9819,5216,9819,770,408
2634,3522,9820,5216,9820,770,408
2633,3522,9821,5216,9821,770,408
2633,3522,9822,5216,9822,770,408
2634,3522,9823,5216,9823,770,408
2634,3522,9824,5216,9824,770,408
2633,3522,9825,5216,9825,770,408
2632,3522,9826,5216,9826,770,408
2633,3522,9827,5216,9827,770,408
2633,3522,9828,5216,9828,770,408
2633,3522,9829,5216,9829,770,408
2633,3522,9830,5216,9830,770,408
2631,3522,9831,5216,9831,770,408
2631,3522,9832,5216,9832,770,408
2632,3522,9833,5216,9833,770,408
2632,3522,9834,5216,9834,770,408
2632,3522,9835,5216,9835,770,408
2633,3522,9836,5216,9836,770,408
2633,3522,9837,5216,9837,770,408
2633,3522,9838,5216,9838,770,408
2632,3522,9839,5216,9839,770,408
2633,3522,9840,5216,9840,770,408
2634,3522,9841,5216,9841,770,408
2635,3522,9842,5216,9842,770,408
2634,3522,9843,5216,9843,770,408
2631,3522,9844,5216,9844,770,407
2632,3522,9845,5216,9845,770,407
2632,3522,9846,5216,9846,770,407
2632,3522,9847,5216,9847,770,407
2633,3522,9848,5216,9848,770,407
2633,3522,9849,5216,9849,770,407
2632,3522,9850,5216,9850,770,407
2628,3522,9851,5216,9851,770,403
2629,3522,9852,5216,9852,770,403
2630,3522,9853,5216,9853,770,403
2630,3522,9854,5216,9854,770,403
2631,3522,9855,5216,9855,770,403
2630,3522,9856,5216,9856,770,403
2629,3522,9857,5216,9857,770,403
2629,3522,9858,5216,9858,770,403
2629,3522,9859,5216,9859,770,403
2630,3522,9860,5216,9860,770,403
2631,3522,9861,5216,9861,770,403
2631,3522,9862,5216,9862,770,403
2630,3522,9863,5216,9863,770,403
2625,3522,9864,5216,9864,770,403
2624,3522,9865,5216,9865,770,403
2621,3522,9866,5216,9866,770,403
2621,3522,9867,5216,9867,770,403
2621,3522,9868,5216,9868,770,403
2621,3522,9869,5216,9869,770,403
2616,3522,9870,5216,9870,770,403
2616,3522,9871,5216,9871,770,403
2617,3522,9872,5216,9872,770,403
2617,3522,9873,5216,9873,770,403
2618,3522,9874,5216,9874,770,403
2617,3522,9875,5216,9875,770,403
2618,3522,9876,5216,9876,770,403
2616,3522,9877,5216,9877,770,403
2617,3522,9878,5216,9878,770,403
2616,3522,9879,5216,9879,770,402
2616,3522,9880,5216,9880,770,402
2616,3522,9881,5216,9881,770,402
2617,3522,9882,5216,9882,770,402
2618,3522,9883,5216,9883,770,402
2619,3522,9884,5216,9884,770,402
2619,3522,9885,5216,9885,770,402
2619,3522,9886,5216,9886,770,402
2619,3522,9887,5216,9887,770,402
2618,3522,9888,5216,9888,770,402
2619,3522,9889,5216,9889,770,402
2619,3522,9890,5216,9890,770,402
2620,3522,9891,5216,9891,770,402
2621,3522,9892,5216,9892,770,402
2620,3522,9893,5216,9893,770,402
2620,3522,9894,5216,9894,770,402
2620,3522,9895,5216,9895,770,402
2621,3522,9896,5216,9896,770,402
2622,3522,9897,5216,9897,770,402
2623,3522,9898,5216,9898,770,402
2621,3522,9899,5216,9899,770,402
2622,3522,9900,5216,9900,770,402
2622,3522,9901,5216,9901,770,402
2623,3522,9902,5216,9902,770,402
2623,3522,9903,5216,9903,770,402
2617,3522,9904,5216,9904,770,402
2615,3522,9905,5216,9905,770,402
2615,3522,9906,5216,9906,770,402
2615,3522,9907,5216,9907,770,402
2616,3522,9908,5216,9908,770,402
2616,3522,9909,5216,9909,770,402
2616,3522,9910,5216,9910,770,402
2617,3522,9911,5216,9911,770,402
2617,3522,9912,5216,9912,770,402
2613,3522,9913,5216,9913,770,402
2614,3522,9914,5216,9914,770,402
2614,3522,9915,5216,9915,770,402
2614,3522,9916,5216,9916,770,402
2614,3522,9917,5216,9917,770,402
2611,3522,9918,5216,9918,770,402
2612,3522,9919,5216,9919,770,402
2613,3522,9920,5216,9920,770,402
2613,3522,9921,5216,9921,770,402
2613,3522,9922,5216,9922,770,402
2613,3522,9923,5216,9923,770,402
2614,3522,9924,5216,9924,770,402
2614,3522,9925,5216,9925,770,402
2615,3522,9926,5216,9926,770,402
2615,3522,9927,5216,9927,770,402
2614,3522,9928,5216,9928,770,402
2611,3522,9929,5216,9929,770,401
2611,3522,9930,5216,9930,770,401
2611,3522,9931,5216,9931,770,401
2612,3522,9932,5216,9932,770,401
2613,3522,9933,5216,9933,770,401
2613,3522,9934,5216,9934,770,401
2614,3522,9935,5216,9935,770,401
2614,3522,9936,5216,9936,770,401
2613,3522,9937,5216,9937,770,401
2614,3522,9938,5216,9938,770,401
2615,3522,9939,5216,9939,770,401
2615,3522,9940,5216,9940,770,401
2616,3522,9941,5216,9941,770,401
2616,3522,9942,5216,9942,770,401
2616,3522,9943,5216,9943,770,401
2617,3522,9944,5216,9944,770,401
2616,3522,9945,5216,9945,770,401
2617,3522,9946,5216,9946,770,401
2617,3522,9947,5216,9947,770,401
2616,3522,9948,5216,9948,770,401
2615,3522,9949,5216,9949,770,401
2615,3522,9950,5216,9950,770,401
2615,3522,9951,5216,9951,770,401
2616,3522,9952,5216,9952,770,401
2617,3522,9953,5216,9953,770,401
2618,3522,9954,5216,9954,770,401
2617,3522,9955,5216,9955,770,401
2616,3522,9956,5216,9956,770,401
2616,3522,9957,5216,9957,770,401
2616,3522,9958,5216,9958,770,401
2616,3522,9959,5216,9959,770,401
2616,3522,9960,5216,9960,770,401
2616,3522,9961,5216,9961,770,401
2613,3522,9962,5216,9962,770,401
2613,3522,9963,5216,9963,770,401
2614,3522,9964,5216,9964,770,401
2613,3522,9965,5216,9965,770,401
2614,3522,9966,5216,9966,770,401
2614,3522,9967,5216,9967,770,401
2614,3522,9968,5216,9968,770,401
2615,3522,9969,5216,9969,770,401
2616,3522,9970,5216,9970,770,401
2614,3522,9971,5216,9971,770,401
2615,3522,9972,5216,9972,770,401
2615,3522,9973,5216,9973,770,401
2615,3522,9974,5216,9974,770,401
2615,3522,9975,5216,9975,770,401
2616,3522,9976,5216,9976,770,401
2616,3522,9977,5216,9977,770,401
2612,3522,9978,5216,9978,770,400
2612,3522,9979,5216,9979,770,400
2612,3522,9980,5216,9980,770,400
2612,3522,9981,5216,9981,770,400
2611,3522,9982,5216,9982,770,400
2611,3522,9983,5216,9983,770,400
2611,3522,9984,5216,9984,770,400
2612,3522,9985,5216,9985,770,400
2613,3522,9986,5216,9986,770,400
2613,3522,9987,5216,9987,770,400
2614,3522,9988,5216,9988,770,400
2613,3522,9989,5216,9989,770,400
2613,3522,9990,5216,9990,770,400
2614,3522,9991,5216,9991,770,400
2615,3522,9992,5216,9992,770,400
2615,3522,9993,5216,9993,770,400
2615,3522,9994,5216,9994,770,400
2614,3522,9995,5216,9995,770,400
2612,3522,9996,5216,9996,770,400
2613,3522,9997,5216,9997,770,400
2613,3522,9998,5216,9998,770,400
2613,3522,9999,5216,9999,770,400
2613,3522,10000,5216,10000,770,400
2614,3522,10001,5216,10001,770,400
2614,3522,10002,5216,10002,770,400
2615,3522,10003,5216,10003,770,400
2612,3522,10004,5216,10004,770,399
2613,3522,10005,5216,10005,770,399
2614,3522,10006,5216,10006,770,399
2614,3522,10007,5216,10007,770,399
2614,3522,10008,5216,10008,770,399
2611,3522,10009,5216,10009,770,399
2611,3522,10010,5216,10010,770,399
2610,3522,10011,5216,10011,770,399
2610,3522,10012,5216,10012,770,399
2611,3522,10013,5216,10013,770,399
2610,3522,10014,5216,10014,770,399
2611,3522,10015,5216,10015,770,399
2612,3522,10016,5216,10016,770,399
2612,3522,10017,5216,10017,770,399
2613,3522,10018,5216,10018,770,399
2613,3522,10019,5216,10019,770,399
2613,3522,10020,5216,10020,770,399
2613,3522,10021,5216,10021,770,399
2613,3522,10022,5216,10022,770,399
2614,3522,10023,5216,10023,770,399
2614,3522,10024,5216,10024,770,399
2614,3522,10025,5216,10025,770,399
2611,3522,10026,5216,10026,770,398
2612,3522,10027,5216,10027,770,398
2611,3522,10028,5216,10028,770,398
2610,3522,10029,5216,10029,770,398
2611,3522,10030,5216,10030,770,398
2612,3522,10031,5216,10031,770,398
2613,3522,10032,5216,10032,770,398
2611,3522,10033,5216,10033,770,397
2612,3522,10034,5216,10034,770,397
2613,3522,10035,5216,10035,770,397
2613,3522,10036,5216,10036,770,397
2612,3522,10037,5216,10037,770,397
2613,3522,10038,5216,10038,770,397
2613,3522,10039,5216,10039,770,397
2613,3522,10040,5216,10040,770,397
2611,3522,10041,5216,10041,770,397
2610,3522,10042,5216,10042,770,397
2610,3522,10043,5216,10043,770,397
2608,3522,10044,5216,10044,770,397
2608,3522,10045,5216,10045,770,397
2609,3522,10046,5216,10046,770,397
2607,3522,10047,5216,10047,770,397
2607,3522,10048,5216,10048,770,397
2608,3522,10049,5216,10049,770,397
2608,3522,10050,5216,10050,770,397
2608,3522,10051,5216,10051,770,397
2609,3522,10052,5216,10052,770,397
2609,3522,10053,5216,10053,770,397
2608,3522,10054,5216,10054,770,397
2609,3522,10055,5216,10055,770,397
2610,3522,10056,5216,10056,770,397
2610,3522,10057,5216,10057,770,397
2609,3522,10058,5216,10058,770,397
2609,3522,10059,5216,10059,770,397
2609,3522,10060,5216,10060,770,397
2610,3522,10061,5216,10061,770,397
2607,3522,10062,5216,10062,770,397
2606,3522,10063,5216,10063,770,397
2606,3522,10064,5216,10064,770,397
2606,3522,10065,5216,10065,770,397
2607,3522,10066,5216,10066,770,397
2607,3522,10067,5216,10067,770,397
2607,3522,10068,5216,10068,770,397
2607,3522,10069,5216,10069,770,397
2606,3522,10070,5216,10070,770,397
2606,3522,10071,5216,10071,770,397
2605,3522,10072,5216,10072,770,397
2604,3522,10073,5216,10073,770,397
2605,3522,10074,5216,10074,770,397
2602,3522,10075,5216,10075,770,395
2602,3522,10076,5216,10076,770,395
2602,3522,10077,5216,10077,770,395
2600,3522,10078,5216,10078,770,394
2598,3522,10079,5216,10079,770,394
2599,3522,10080,5216,10080,770,394
2600,3522,10081,5216,10081,770,394
2600,3522,10082,5216,10082,770,394
2599,3522,10083,5216,10083,770,394
2600,3522,10084,5216,10084,770,394
2600,3522,10085,5216,10085,770,394
2599,3522,10086,5216,10086,770,394
2599,3522,10087,5216,10087,770,394
2597,3522,10088,5216,10088,770,394
2597,3522,10089,5216,10089,770,394
2595,3522,10090,5216,10090,770,394
2595,3522,10091,5216,10091,770,394
2595,3522,10092,5216,10092,770,394
2595,3522,10093,5216,10093,770,394
2594,3522,10094,5216,10094,770,394
2595,3522,10095,5216,10095,770,394
2593,3522,10096,5216,10096,770,394
2594,3522,10097,5216,10097,770,394
2595,3522,10098,5216,10098,770,394
2595,3522,10099,5216,10099,770,394
2596,3522,10100,5216,10100,770,394
2596,3522,10101,5216,10101,770,394
2597,3522,10102,5216,10102,770,394
2597,3522,10103,5216,10103,770,394
2598,3522,10104,5216,10104,770,394
2598,3522,10105,5216,10105,770,394
2599,3522,10106,5216,10106,770,394
2599,3522,10107,5216,10107,770,394
2599,3522,10108,5216,10108,770,394
2600,3522,10109,5216,10109,770,394
2600,3522,10110,5216,10110,770,394
2600,3522,10111,5216,10111,770,394
2601,3522,10112,5216,10112,770,394
2600,3522,10113,5216,10113,770,394
2601,3522,10114,5216,10114,770,394
2602,3522,10115,5216,10115,770,394
2603,3522,10116,5216,10116,770,394
2602,3522,10117,5216,10117,770,394
2602,3522,10118,5216,10118,770,394
2603,3522,10119,5216,10119,770,394
2604,3522,10120,5216,10120,770,394
2604,3522,10121,5216,10121,770,394
2604,3522,10122,5216,10122,770,394
2603,3522,10123,5216,10123,770,394
2603,3522,10124,5216,10124,770,394
2603,3522,10125,5216,10125,770,394
2603,3522,10126,5216,10126,770,394
2602,3522,10127,5216,10127,770,394
2602,3522,10128,5216,10128,770,394
2603,3522,10129,5216,10129,770,394
2603,3522,10130,5216,10130,770,394
2604,3522,10131,5216,10131,770,394
2604,3522,10132,5216,10132,770,394
2605,3522,10133,5216,10133,770,394
2605,3522,10134,5216,10134,770,394
2605,3522,10135,5216,10135,770,394
2605,3522,10136,5216,10136,770,394
2604,3522,10137,5216,10137,770,394
2600,3522,10138,5216,10138,770,393
2600,3522,10139,5216,10139,770,393
2601,3522,10140,5216,10140,770,393
2601,3522,10141,5216,10141,770,393
2601,3522,10142,5216,10142,770,393
2601,3522,10143,5216,10143,770,393
2599,3522,10144,5216,10144,770,393
2596,3522,10145,5216,10145,770,391
2596,3522,10146,5216,10146,770,391
2594,3522,10147,5216,10147,770,391
2592,3522,10148,5216,10148,770,391
2592,3522,10149,5216,10149,770,391
2591,3522,10150,5216,10150,770,391
2590,3522,10151,5216,10151,770,391
2589,3522,10152,5216,10152,770,391
2589,3522,10153,5216,10153,770,391
2588,3522,10154,5216,10154,770,391
2587,3522,10155,5216,10155,770,391
2583,3522,10156,5216,10156,770,391
2583,3522,10157,5216,10157,770,391
2580,3522,10158,5216,10158,770,390
2577,3522,10159,5216,10159,770,389
2576,3522,10160,5216,10160,770,389
2576,3522,10161,5216,10161,770,389
2577,3522,10162,5216,10162,770,389
2576,3522,10163,5216,10163,770,389
2574,3522,10164,5216,10164,770,389
2574,3522,10165,5216,10165,770,389
2572,3522,10166,5216,10166,770,389
2572,3522,10167,5216,10167,770,389
2571,3522,10168,5216,10168,770,389
2570,3522,10169,5216,10169,770,389
2569,3522,10170,5216,10170,770,389
2566,3522,10171,5216,10171,770,387
2566,3522,10172,5216,10172,770,387
2566,3522,10173,5216,10173,770,387
2565,3522,10174,5216,10174,770,387
2564,3522,10175,5216,10175,770,387
2563,3522,10176,5216,10176,770,387
2563,3522,10177,5216,10177,770,387
2564,3522,10178,5216,10178,770,387
2564,3522,10179,5216,10179,770,387
2564,3522,10180,5216,10180,770,387
2560,3522,10181,5216,10181,770,386
2560,3522,10182,5216,10182,770,386
2560,3522,10183,5216,10183,770,386
2561,3522,10184,5216,10184,770,386
2562,3522,10185,5216,10185,770,386
2562,3522,10186,5216,10186,770,386
2562,3522,10187,5216,10187,770,386
2563,3522,10188,5216,10188,770,386
2564,3522,10189,5216,10189,770,386
2564,3522,10190,5216,10190,770,386
2565,3522,10191,5216,10191,770,386
2566,3522,10192,5216,10192,770,386
2564,3522,10193,5216,10193,770,386
2565,3522,10194,5216,10194,770,386
2566,3522,10195,5216,10195,770,386
2566,3522,10196,5216,10196,770,386
2563,3522,10197,5216,10197,770,386
2564,3522,10198,5216,10198,770,386
2565,3522,10199,5216,10199,770,386
2566,3522,10200,5216,10200,770,386
2566,3522,10201,5216,10201,770,386
2565,3522,10202,5216,10202,770,386
2561,3522,10203,5216,10203,770,385
2561,3522,10204,5216,10204,770,385
2562,3522,10205,5216,10205,770,385
2562,3522,10206,5216,10206,770,385
2561,3522,10207,5216,10207,770,385
2561,3522,10208,5216,10208,770,385
2562,3522,10209,5216,10209,770,385
2562,3522,10210,5216,10210,770,385
2562,3522,10211,5216,10211,770,385
2563,3522,10212,5216,10212,770,385
2563,3522,10213,5216,10213,770,385
2564,3522,10214,5216,10214,770,385
2564,3522,10215,5216,10215,770,385
2565,3522,10216,5216,10216,770,385
2566,3522,10217,5216,10217,770,385
2560,3522,10218,5216,10218,770,383
2560,3522,10219,5216,10219,770,383
2560,3522,10220,5216,10220,770,383
2559,3522,10221,5216,10221,770,383
2560,3522,10222,5216,10222,770,383
2559,3522,10223,5216,10223,770,383
2555,3522,10224,5216,10224,770,383
2554,3522,10225,5216,10225,770,383
2554,3522,10226,5216,10226,770,383
2555,3522,10227,5216,10227,770,383
2555,3522,10228,5216,10228,770,383
2554,3522,10229,5216,10229,770,383
2555,3522,10230,5216,10230,770,383
2555,3522,10231,5216,10231,770,383
2556,3522,10232,5216,10232,770,383
2554,3522,10233,5216,10233,770,383
2555,3522,10234,5216,10234,770,383
2555,3522,10235,5216,10235,770,383
2554,3522,10236,5216,10236,770,383
2554,3522,10237,5216,10237,770,383
2553,3522,10238,5216,10238,770,383
2553,3522,10239,5216,10239,770,383
2554,3522,10240,5216,10240,770,383
2554,3522,10241,5216,10241,770,383
2555,3522,10242,5216,10242,770,383
2556,3522,10243,5216,10243,770,383
2556,3522,10244,5216,10244,770,383
2557,3522,10245,5216,10245,770,383
2554,3522,10246,5216,10246,770,383
2554,3522,10247,5216,10247,770,383
2555,3522,10248,5216,10248,770,383
2556,3522,10249,5216,10249,770,383
2555,3522,10250,5216,10250,770,383
2555,3522,10251,5216,10251,770,383
2555,3522,10252,5216,10252,770,383
2556,3522,10253,5216,10253,770,383
2556,3522,10254,5216,10254,770,383
2556,3522,10255,5216,10255,770,383
2556,3522,10256,5216,10256,770,383
2556,3522,10257,5216,10257,770,383
2554,3522,10258,5216,10258,770,383
2554,3522,10259,5216,10259,770,383
2554,3522,10260,5216,10260,770,383
2554,3522,10261,5216,10261,770,383
2553,3522,10262,5216,10262,770,383
2554,3522,10263,5216,10263,770,383
2554,3522,10264,5216,10264,770,383
2554,3522,10265,5216,10265,770,383
2554,3522,10266,5216,10266,770,383
2555,3522,10267,5216,10267,770,383
2555,3522,10268,5216,10268,770,383
2555,3522,10269,5216,10269,770,383
2555,3522,10270,5216,10270,770,383
2555,3522,10271,5216,10271,770,383
2555,3522,10272,5216,10272,770,383
2553,3522,10273,5216,10273,770,383
2554,3522,10274,5216,10274,770,383
2553,3522,10275,5216,10275,770,383
2547,3522,10276,5216,10276,770,382
2547,3522,10277,5216,10277,770,382
2547,3522,10278,5216,10278,770,382
2547,3522,10279,5216,10279,770,382
2547,3522,10280,5216,10280,770,382
2548,3522,10281,5216,10281,770,382
2548,3522,10282,5216,10282,770,382
2548,3522,10283,5216,10283,770,382
2548,3522,10284,5216,10284,770,382
2549,3522,10285,5216,10285,770,382
2550,3522,10286,5216,10286,770,382
2550,3522,10287,5216,10287,770,382
2551,3522,10288,5216,10288,770,382
2552,3522,10289,5216,10289,770,382
2552,3522,10290,5216,10290,770,382
2552,3522,10291,5216,10291,770,382
2552,3522,10292,5216,10292,770,382
2552,3522,10293,5216,10293,770,382
2550,3522,10294,5216,10294,770,382
2548,3522,10295,5216,10295,770,382
2548,3522,10296,5216,10296,770,382
2547,3522,10297,5216,10297,770,382
2548,3522,10298,5216,10298,770,382
2548,3522,10299,5216,10299,770,382
2549,3522,10300,5216,10300,770,382
2550,3522,10301,5216,10301,770,382
2551,3522,10302,5216,10302,770,382
2552,3522,10303,5216,10303,770,382
2550,3522,10304,5216,10304,770,382
2550,3522,10305,5216,10305,770,382
2549,3522,10306,5216,10306,770,382
2549,3522,10307,5216,10307,770,382
2549,3522,10308,5216,10308,770,382
2549,3522,10309,5216,10309,770,382
2549,3522,10310,5216,10310,770,382
2550,3522,10311,5216,10311,770,382
2550,3522,10312,5216,10312,770,382
2550,3522,10313,5216,10313,770,382
2550,3522,10314,5216,10314,770,382
2551,3522,10315,5216,10315,770,382
2552,3522,10316,5216,10316,770,382
2552,3522,10317,5216,10317,770,382
2552,3522,10318,5216,10318,770,382
2552,3522,10319,5216,10319,770,382
2553,3522,10320,5216,10320,770,382
2552,3522,10321,5216,10321,770,382
2552,3522,10322,5216,10322,770,382
2549,3522,10323,5216,10323,770,382
2548,3522,10324,5216,10324,770,382
2546,3522,10325,5216,10325,770,382
2547,3522,10326,5216,10326,770,382
2547,3522,10327,5216,10327,770,382
2547,3522,10328,5216,10328,770,382
2547,3522,10329,5216,10329,770,382
2547,3522,10330,5216,10330,770,382
2548,3522,10331,5216,10331,770,382
2548,3522,10332,5216,10332,770,382
2548,3522,10333,5216,10333,770,382
2547,3522,10334,5216,10334,770,382
2546,3522,10335,5216,10335,770,382
2545,3522,10336,5216,10336,770,382
2544,3522,10337,5216,10337,770,382
2544,3522,10338,5216,10338,770,382
2545,3522,10339,5216,10339,770,382
2544,3522,10340,5216,10340,770,382
2544,3522,10341,5216,10341,770,382
2543,3522,10342,5216,10342,770,382
2543,3522,10343,5216,10343,770,382
2544,3522,10344,5216,10344,770,382
2545,3522,10345,5216,10345,770,382
2546,3522,10346,5216,10346,770,382
2546,3522,10347,5216,10347,770,382
2547,3522,10348,5216,10348,770,382
2548,3522,10349,5216,10349,770,382
2549,3522,10350,5216,10350,770,382
2548,3522,10351,5216,10351,770,382
2548,3522,10352,5216,10352,770,382
2548,3522,10353,5216,10353,770,382
2548,3522,10354,5216,10354,770,382
2549,3522,10355,5216,10355,770,382
2550,3522,10356,5216,10356,770,382
2549,3522,10357,5216,10357,770,382
2546,3522,10358,5216,10358,770,382
2545,3522,10359,5216,10359,770,382
2545,3522,10360,5216,10360,770,382
2543,3522,10361,5216,10361,770,381
2542,3522,10362,5216,10362,770,381
2542,3522,10363,5216,10363,770,381
2542,3522,10364,5216,10364,770,381
2541,3522,10365,5216,10365,770,381
2542,3522,10366,5216,10366,770,381
2541,3522,10367,5216,10367,770,381
2535,3522,10368,5216,10368,770,380
2535,3522,10369,5216,10369,770,380
2535,3522,10370,5216,10370,770,380
2535,3522,10371,5216,10371,770,380
2534,3522,10372,5216,10372,770,380
2535,3522,10373,5216,10373,770,380
2535,3522,10374,5216,10374,770,380
2535,3522,10375,5216,10375,770,380
2534,3522,10376,5216,10376,770,380
2533,3522,10377,5216,10377,770,379
2532,3522,10378,5216,10378,770,379
2531,3522,10379,5216,10379,770,379
2530,3522,10380,5216,10380,770,379
2531,3522,10381,5216,10381,770,379
2532,3522,10382,5216,10382,770,379
2532,3522,10383,5216,10383,770,379
2532,3522,10384,5216,10384,770,379
2532,3522,10385,5216,10385,770,379
2532,3522,10386,5216,10386,770,379
2530,3522,10387,5216,10387,770,378
2530,3522,10388,5216,10388,770,378
2530,3522,10389,5216,10389,770,378
2531,3522,10390,5216,10390,770,378
2532,3522,10391,5216,10391,770,378
2532,3522,10392,5216,10392,770,378
2533,3522,10393,5216,10393,770,378
2533,3522,10394,5216,10394,770,378
2533,3522,10395,5216,10395,770,378
2533,3522,10396,5216,10396,770,378
2533,3522,10397,5216,10397,770,378
2534,3522,10398,5216,10398,770,378
2534,3522,10399,5216,10399,770,378
2534,3522,10400,5216,10400,770,378
2534,3522,10401,5216,10401,770,378
2535,3522,10402,5216,10402,770,378
2535,3522,10403,5216,10403,770,378
2535,3522,10404,5216,10404,770,378
2535,3522,10405,5216,10405,770,378
2536,3522,10406,5216,10406,770,378
2535,3522,10407,5216,10407,770,378
2534,3522,10408,5216,10408,770,378
2534,3522,10409,5216,10409,770,378
2534,3522,10410,5216,10410,770,378
2535,3522,10411,5216,10411,770,378
2535,3522,10412,5216,10412,770,378
2535,3522,10413,5216,10413,770,378
2536,3522,10414,5216,10414,770,378
2536,3522,10415,5216,10415,770,378
2536,3522,10416,5216,10416,770,378
2536,3522,10417,5216,10417,770,378
2536,3522,10418,5216,10418,770,378
2535,3522,10419,5216,10419,770,378
2533,3522,10420,5216,10420,770,378
2533,3522,10421,5216,10421,770,378
2533,3522,10422,5216,10422,770,378
2533,3522,10423,5216,10423,770,378
2533,3522,10424,5216,10424,770,378
2533,3522,10425,5216,10425,770,378
2534,3522,10426,5216,10426,770,378
2533,3522,10427,5216,10427,770,378
2534,3522,10428,5216,10428,770,378
2534,3522,10429,5216,10429,770,378
2535,3522,10430,5216,10430,770,378
2535,3522,10431,5216,10431,770,378
2533,3522,10432,5216,10432,770,378
2533,3522,10433,5216,10433,770,378
2533,3522,10434,5216,10434,770,378
2532,3522,10435,5216,10435,770,378
2532,3522,10436,5216,10436,770,378
2533,3522,10437,5216,10437,770,378
2534,3522,10438,5216,10438,770,378
2532,3522,10439,5216,10439,770,378
2530,3522,10440,5216,10440,770,377
2527,3522,10441,5216,10441,770,377
2526,3522,10442,5216,10442,770,377
2526,3522,10443,5216,10443,770,377
2526,3522,10444,5216,10444,770,377
2527,3522,10445,5216,10445,770,377
2528,3522,10446,5216,10446,770,377
2527,3522,10447,5216,10447,770,377
2527,3522,10448,5216,10448,770,377
2528,3522,10449,5216,10449,770,377
2527,3522,10450,5216,10450,770,377
2528,3522,10451,5216,10451,770,377
2529,3522,10452,5216,10452,770,377
2529,3522,10453,5216,10453,770,377
2529,3522,10454,5216,10454,770,377
2527,3522,10455,5216,10455,770,377
2527,3522,10456,5216,10456,770,377
2528,3522,10457,5216,10457,770,377
2528,3522,10458,5216,10458,770,377
2529,3522,10459,5216,10459,770,377
2530,3522,10460,5216,10460,770,377
2530,3522,10461,5216,10461,770,377
2529,3522,10462,5216,10462,770,377
2529,3522,10463,5216,10463,770,377
2529,3522,10464,5216,10464,770,377
2529,3522,10465,5216,10465,770,377
2529,3522,10466,5216,10466,770,377
2529,3522,10467,5216,10467,770,377
2530,3522,10468,5216,10468,770,377
2528,3522,10469,5216,10469,770,377
2528,3522,10470,5216,10470,770,377
2528,3522,10471,5216,10471,770,377
2529,3522,10472,5216,10472,770,377
2530,3522,10473,5216,10473,770,377
2530,3522,10474,5216,10474,770,377
2528,3522,10475,5216,10475,770,376
2528,3522,10476,5216,10476,770,376
2527,3522,10477,5216,10477,770,376
2527,3522,10478,5216,10478,770,376
2527,3522,10479,5216,10479,770,376
2525,3522,10480,5216,10480,770,376
2523,3522,10481,5216,10481,770,376
2523,3522,10482,5216,10482,770,376
2523,3522,10483,5216,10483,770,376
2524,3522,10484,5216,10484,770,376
2524,3522,10485,5216,10485,770,376
2524,3522,10486,5216,10486,770,376
2525,3522,10487,5216,10487,770,376
2525,3522,10488,5216,10488,770,376
2522,3522,10489,5216,10489,770,376
2521,3522,10490,5216,10490,770,376
2518,3522,10491,5216,10491,770,374
2518,3522,10492,5216,10492,770,374
2517,3522,10493,5216,10493,770,374
2517,3522,10494,5216,10494,770,374
2516,3522,10495,5216,10495,770,374
2517,3522,10496,5216,10496,770,374
2518,3522,10497,5216,10497,770,374
2518,3522,10498,5216,10498,770,374
2518,3522,10499,5216,10499,770,374
2519,3522,10500,5216,10500,770,374
2519,3522,10501,5216,10501,770,374
2516,3522,10502,5216,10502,770,374
2515,3522,10503,5216,10503,770,374
2515,3522,10504,5216,10504,770,374
2515,3522,10505,5216,10505,770,374
2515,3522,10506,5216,10506,770,374
2512,3522,10507,5216,10507,770,373
2511,3522,10508,5216,10508,770,373
2510,3522,10509,5216,10509,770,373
2511,3522,10510,5216,10510,770,373
2509,3522,10511,5216,10511,770,373
2509,3522,10512,5216,10512,770,373
2510,3522,10513,5216,10513,770,373
2509,3522,10514,5216,10514,770,373
2508,3522,10515,5216,10515,770,373
2507,3522,10516,5216,10516,770,373
2507,3522,10517,5216,10517,770,373
2507,3522,10518,5216,10518,770,373
2506,3522,10519,5216,10519,770,373
2506,3522,10520,5216,10520,770,373
2506,3522,10521,5216,10521,770,373
2505,3522,10522,5216,10522,770,373
2506,3522,10523,5216,10523,770,373
2506,3522,10524,5216,10524,770,373
2507,3522,10525,5216,10525,770,373
2508,3522,10526,5216,10526,770,373
2509,3522,10527,5216,10527,770,373
2509,3522,10528,5216,10528,770,373
2506,3522,10529,5216,10529,770,372
2500,3522,10530,5216,10530,770,372
2500,3522,10531,5216,10531,770,372
2497,3522,10532,5216,10532,770,371
2498,3522,10533,5216,10533,770,371
2498,3522,10534,5216,10534,770,371
2499,3522,10535,5216,10535,770,371
2499,3522,10536,5216,10536,770,371
2498,3522,10537,5216,10537,770,371
2498,3522,10538,5216,10538,770,371
2498,3522,10539,5216,10539,770,371
2492,3522,10540,5216,10540,770,368
2492,3522,10541,5216,10541,770,368
2490,3522,10542,5216,10542,770,368
2489,3522,10543,5216,10543,770,368
2489,3522,10544,5216,10544,770,368
2490,3522,10545,5216,10545,770,368
2489,3522,10546,5216,10546,770,368
2487,3522,10547,5216,10547,770,368
2487,3522,10548,5216,10548,770,368
2488,3522,10549,5216,10549,770,368
2489,3522,10550,5216,10550,770,368
2490,3522,10551,5216,10551,770,368
2490,3522,10552,5216,10552,770,368
2491,3522,10553,5216,10553,770,368
2492,3522,10554,5216,10554,770,368
2493,3522,10555,5216,10555,770,368
2494,3522,10556,5216,10556,770,368
2494,3522,10557,5216,10557,770,368
2495,3522,10558,5216,10558,770,368
2495,3522,10559,5216,10559,770,368
2494,3522,10560,5216,10560,770,368
2495,3522,10561,5216,10561,770,368
2495,3522,10562,5216,10562,770,368
2496,3522,10563,5216,10563,770,368
2496,3522,10564,5216,10564,770,368
2497,3522,10565,5216,10565,770,368
2498,3522,10566,5216,10566,770,368
2499,3522,10567,5216,10567,770,368
2499,3522,10568,5216,10568,770,368
2499,3522,10569,5216,10569,770,368
2499,3522,10570,5216,10570,770,368
2498,3522,10571,5216,10571,770,368
2498,3522,10572,5216,10572,770,368
2499,3522,10573,5216,10573,770,368
2498,3522,10574,5216,10574,770,368
2496,3522,10575,5216,10575,770,367
2496,3522,10576,5216,10576,770,367
2496,3522,10577,5216,10577,770,367
2495,3522,10578,5216,10578,770,367
2495,3522,10579,5216,10579,770,367
2495,3522,10580,5216,10580,770,367
2495,3522,10581,5216,10581,770,367
2496,3522,10582,5216,10582,770,367
2497,3522,10583,5216,10583,770,367
2498,3522,10584,5216,10584,770,367
2497,3522,10585,5216,10585,770,367
2495,3522,10586,5216,10586,770,367
2496,3522,10587,5216,10587,770,367
2496,3522,10588,5216,10588,770,367
2496,3522,10589,5216,10589,770,367
2495,3522,10590,5216,10590,770,367
2495,3522,10591,5216,10591,770,367
2496,3522,10592,5216,10592,770,367
2496,3522,10593,5216,10593,770,367
2496,3522,10594,5216,10594,770,367
2497,3522,10595,5216,10595,770,367
2498,3522,10596,5216,10596,770,367
2496,3522,10597,5216,10597,770,367
2495,3522,10598,5216,10598,770,367
2495,3522,10599,5216,10599,770,367
2495,3522,10600,5216,10600,770,367
2495,3522,10601,5216,10601,770,367
2494,3522,10602,5216,10602,770,367
2494,3522,10603,5216,10603,770,367
2492,3522,10604,5216,10604,770,367
2493,3522,10605,5216,10605,770,367
2493,3522,10606,5216,10606,770,367
2494,3522,10607,5216,10607,770,367
2495,3522,10608,5216,10608,770,367
2496,3522,10609,5216,10609,770,367
2497,3522,10610,5216,10610,770,367
2498,3522,10611,5216,10611,770,367
2499,3522,10612,5216,10612,770,367
2499,3522,10613,5216,10613,770,367
2499,3522,10614,5216,10614,770,367
2497,3522,10615,5216,10615,770,366
2498,3522,10616,5216,10616,770,366
2499,3522,10617,5216,10617,770,366
2498,3522,10618,5216,10618,770,366
2497,3522,10619,5216,10619,770,366
2496,3522,10620,5216,10620,770,366
2497,3522,10621,5216,10621,770,366
2498,3522,10622,5216,10622,770,366
2498,3522,10623,5216,10623,770,366
2499,3522,10624,5216,10624,770,366
2499,3522,10625,5216,10625,770,366
2497,3522,10626,5216,10626,770,366
2498,3522,10627,5216,10627,770,366
2497,3522,10628,5216,10628,770,366
2493,3522,10629,5216,10629,770,365
2494,3522,10630,5216,10630,770,365
2494,3522,10631,5216,10631,770,365
2495,3522,10632,5216,10632,770,365
2494,3522,10633,5216,10633,770,365
2492,3522,10634,5216,10634,770,365
2493,3522,10635,5216,10635,770,365
2493,3522,10636,5216,10636,770,365
2493,3522,10637,5216,10637,770,365
2493,3522,10638,5216,10638,770,365
2493,3522,10639,5216,10639,770,365
2493,3522,10640,5216,10640,770,365
2494,3522,10641,5216,10641,770,365
2492,3522,10642,5216,10642,770,365
2490,3522,10643,5216,10643,770,365
2490,3522,10644,5216,10644,770,365
2490,3522,10645,5216,10645,770,365
2490,3522,10646,5216,10646,770,365
2487,3522,10647,5216,10647,770,365
2486,3522,10648,5216,10648,770,365
2486,3522,10649,5216,10649,770,365
2487,3522,10650,5216,10650,770,365
2486,3522,10651,5216,10651,770,365
2487,3522,10652,5216,10652,770,365
2487,3522,10653,5216,10653,770,365
2487,3522,10654,5216,10654,770,365
2487,3522,10655,5216,10655,770,365
2484,3522,10656,5216,10656,770,365
2485,3522,10657,5216,10657,770,365
2486,3522,10658,5216,10658,770,365
2486,3522,10659,5216,10659,770,365
2486,3522,10660,5216,10660,770,365
2486,3522,10661,5216,10661,770,365
2487,3522,10662,5216,10662,770,365
2488,3522,10663,5216,10663,770,365
2488,3522,10664,5216,10664,770,365
2487,3522,10665,5216,10665,770,365
2487,3522,10666,5216,10666,770,365
2485,3522,10667,5216,10667,770,365
2486,3522,10668,5216,10668,770,365
2486,3522,10669,5216,10669,770,365
2487,3522,10670,5216,10670,770,365
2487,3522,10671,5216,10671,770,365
2488,3522,10672,5216,10672,770,365
2488,3522,10673,5216,10673,770,365
2488,3522,10674,5216,10674,770,365
2487,3522,10675,5216,10675,770,365
2487,3522,10676,5216,10676,770,365
2488,3522,10677,5216,10677,770,365
2489,3522,10678,5216,10678,770,365
2488,3522,10679,5216,10679,770,365
2488,3522,10680,5216,10680,770,365
2488,3522,10681,5216,10681,770,365
2488,3522,10682,5216,10682,770,365
2488,3522,10683,5216,10683,770,365
2488,3522,10684,5216,10684,770,365
2488,3522,10685,5216,10685,770,365
2489,3522,10686,5216,10686,770,365
2489,3522,10687,5216,10687,770,365
2489,3522,10688,5216,10688,770,365
2489,3522,10689,5216,10689,770,365
2489,3522,10690,5216,10690,770,365
2489,3522,10691,5216,10691,770,365
2487,3522,10692,5216,10692,770,365
2486,3522,10693,5216,10693,770,365
2486,3522,10694,5216,10694,770,365
2483,3522,10695,5216,10695,770,365
2484,3522,10696,5216,10696,770,365
2483,3522,10697,5216,10697,770,365
2484,3522,10698,5216,10698,770,365
2485,3522,10699,5216,10699,770,365
2485,3522,10700,5216,10700,770,365
2486,3522,10701,5216,10701,770,365
2487,3522,10702,5216,10702,770,365
2487,3522,10703,5216,10703,770,365
2487,3522,10704,5216,10704,770,365
2487,3522,10705,5216,10705,770,365
2487,3522,10706,5216,10706,770,365
2487,3522,10707,5216,10707,770,365
2488,3522,10708,5216,10708,770,365
2488,3522,10709,5216,10709,770,365
2488,3522,10710,5216,10710,770,365
2487,3522,10711,5216,10711,770,365
2487,3522,10712,5216,10712,770,365
2487,3522,10713,5216,10713,770,365
2487,3522,10714,5216,10714,770,365
2486,3522,10715,5216,10715,770,365
2486,3522,10716,5216,10716,770,365
2485,3522,10717,5216,10717,770,365
2485,3522,10718,5216,10718,770,365
2485,3522,10719,5216,10719,770,365
2486,3522,10720,5216,10720,770,365
2487,3522,10721,5216,10721,770,365
2485,3522,10722,5216,10722,770,365
2483,3522,10723,5216,10723,770,365
2483,3522,10724,5216,10724,770,365
2482,3522,10725,5216,10725,770,365
2482,3522,10726,5216,10726,770,365
2480,3522,10727,5216,10727,770,365
2477,3522,10728,5216,10728,770,365
2478,3522,10729,5216,10729,770,365
2475,3522,10730,5216,10730,770,365
2474,3522,10731,5216,10731,770,365
2474,3522,10732,5216,10732,770,365
2475,3522,10733,5216,10733,770,365
2475,3522,10734,5216,10734,770,365
2476,3522,10735,5216,10735,770,365
2476,3522,10736,5216,10736,770,365
2473,3522,10737,5216,10737,770,365
2473,3522,10738,5216,10738,770,365
2474,3522,10739,5216,10739,770,365
2473,3522,10740,5216,10740,770,364
2473,3522,10741,5216,10741,770,364
2474,3522,10742,5216,10742,770,364
2474,3522,10743,5216,10743,770,364
2474,3522,10744,5216,10744,770,364
2473,3522,10745,5216,10745,770,364
2473,3522,10746,5216,10746,770,364
2472,3522,10747,5216,10747,770,364
2471,3522,10748,5216,10748,770,364
2471,3522,10749,5216,10749,770,364
2471,3522,10750,5216,10750,770,364
2471,3522,10751,5216,10751,770,364
2470,3522,10752,5216,10752,770,363
2467,3522,10753,5216,10753,770,361
2467,3522,10754,5216,10754,770,361
2467,3522,10755,5216,10755,770,361
2468,3522,10756,5216,10756,770,361
2468,3522,10757,5216,10757,770,361
2467,3522,10758,5216,10758,770,361
2467,3522,10759,5216,10759,770,361
2466,3522,10760,5216,10760,770,361
2466,3522,10761,5216,10761,770,361
2466,3522,10762,5216,10762,770,361
2466,3522,10763,5216,10763,770,361
2467,3522,10764,5216,10764,770,361
2467,3522,10765,5216,10765,770,361
2468,3522,10766,5216,10766,770,361
2468,3522,10767,5216,10767,770,361
2468,3522,10768,5216,10768,770,361
2468,3522,10769,5216,10769,770,361
2468,3522,10770,5216,10770,770,361
2468,3522,10771,5216,10771,770,361
2467,3522,10772,5216,10772,770,361
2467,3522,10773,5216,10773,770,361
2465,3522,10774,5216,10774,770,361
2465,3522,10775,5216,10775,770,361
2465,3522,10776,5216,10776,770,361
2465,3522,10777,5216,10777,770,361
2466,3522,10778,5216,10778,770,361
2467,3522,10779,5216,10779,770,361
2468,3522,10780,5216,10780,770,361
2466,3522,10781,5216,10781,770,361
2467,3522,10782,5216,10782,770,361
2468,3522,10783,5216,10783,770,361
2468,3522,10784,5216,10784,770,361
2469,3522,10785,5216,10785,770,361
2468,3522,10786,5216,10786,770,361
2468,3522,10787,5216,10787,770,361
2468,3522,10788,5216,10788,770,361
2469,3522,10789,5216,10789,770,361
2469,3522,10790,5216,10790,770,361
2468,3522,10791,5216,10791,770,361
2468,3522,10792,5216,10792,770,361
2469,3522,10793,5216,10793,770,361
2468,3522,10794,5216,10794,770,361
2469,3522,10795,5216,10795,770,361
2469,3522,10796,5216,10796,770,361
2464,3522,10797,5216,10797,770,360
2465,3522,10798,5216,10798,770,360
2461,3522,10799,5216,10799,770,360
2461,3522,10800,5216,10800,770,360
2462,3522,10801,5216,10801,770,360
2460,3522,10802,5216,10802,770,360
2460,3522,10803,5216,10803,770,360
2461,3522,10804,5216,10804,770,360
2462,3522,10805,5216,10805,770,360
2460,3522,10806,5216,10806,770,360
2460,3522,10807,5216,10807,770,360
2460,3522,10808,5216,10808,770,360
2461,3522,10809,5216,10809,770,360
2462,3522,10810,5216,10810,770,360
2461,3522,10811,5216,10811,770,360
2461,3522,10812,5216,10812,770,360
2461,3522,10813,5216,10813,770,360
2459,3522,10814,5216,10814,770,360
2459,3522,10815,5216,10815,770,360
2460,3522,10816,5216,10816,770,360
2460,3522,10817,5216,10817,770,360
2460,3522,10818,5216,10818,770,360
2461,3522,10819,5216,10819,770,360
2458,3522,10820,5216,10820,770,360
2458,3522,10821,5216,10821,770,360
2459,3522,10822,5216,10822,770,360
2460,3522,10823,5216,10823,770,360
2460,3522,10824,5216,10824,770,360
2459,3522,10825,5216,10825,770,360
2458,3522,10826,5216,10826,770,360
2458,3522,10827,5216,10827,770,360
2457,3522,10828,5216,10828,770,360
2458,3522,10829,5216,10829,770,360
2458,3522,10830,5216,10830,770,360
2459,3522,10831,5216,10831,770,360
2460,3522,10832,5216,10832,770,360
2461,3522,10833,5216,10833,770,360
2461,3522,10834,5216,10834,770,360
2460,3522,10835,5216,10835,770,360
2460,3522,10836,5216,10836,770,360
2459,3522,10837,5216,10837,770,360
2460,3522,10838,5216,10838,770,360
2460,3522,10839,5216,10839,770,360
2459,3522,10840,5216,10840,770,360
2459,3522,10841,5216,10841,770,360
2460,3522,10842,5216,10842,770,360
2461,3522,10843,5216,10843,770,360
2460,3522,10844,5216,10844,770,360
2460,3522,10845,5216,10845,770,360
2459,3522,10846,5216,10846,770,360
2460,3522,10847,5216,10847,770,360
2460,3522,10848,5216,10848,770,360
2460,3522,10849,5216,10849,770,360
2460,3522,10850,5216,10850,770,360
2460,3522,10851,5216,10851,770,360
2459,3522,10852,5216,10852,770,360
2460,3522,10853,5216,10853,770,360
2460,3522,10854,5216,10854,770,360
2460,3522,10855,5216,10855,770,360
2460,3522,10856,5216,10856,770,360
2460,3522,10857,5216,10857,770,360
2460,3522,10858,5216,10858,770,360
2461,3522,10859,5216,10859,770,360
2460,3522,10860,5216,10860,770,360
2461,3522,10861,5216,10861,770,360
2462,3522,10862,5216,10862,770,360
2463,3522,10863,5216,10863,770,360
2462,3522,10864,5216,10864,770,360
2463,3522,10865,5216,10865,770,360
2464,3522,10866,5216,10866,770,360
2465,3522,10867,5216,10867,770,360
2463,3522,10868,5216,10868,770,360
2464,3522,10869,5216,10869,770,360
2465,3522,10870,5216,10870,770,360
2465,3522,10871,5216,10871,770,360
2466,3522,10872,5216,10872,770,360
2466,3522,10873,5216,10873,770,360
2466,3522,10874,5216,10874,770,360
2464,3522,10875,5216,10875,770,360
2464,3522,10876,5216,10876,770,360
2464,3522,10877,5216,10877,770,360
2465,3522,10878,5216,10878,770,360
2463,3522,10879,5216,10879,770,360
2463,3522,10880,5216,10880,770,360
2460,3522,10881,5216,10881,770,360
2460,3522,10882,5216,10882,770,360
2459,3522,10883,5216,10883,770,360
2460,3522,10884,5216,10884,770,360
2461,3522,10885,5216,10885,770,360
2461,3522,10886,5216,10886,770,360
2461,3522,10887,5216,10887,770,360
2461,3522,10888,5216,10888,770,360
2462,3522,10889,5216,10889,770,360
2462,3522,10890,5216,10890,770,360
2462,3522,10891,5216,10891,770,360
2461,3522,10892,5216,10892,770,360
2462,3522,10893,5216,10893,770,360
2461,3522,10894,5216,10894,770,360
2457,3522,10895,5216,10895,770,360
2457,3522,10896,5216,10896,770,360
2457,3522,10897,5216,10897,770,360
2457,3522,10898,5216,10898,770,360
2454,3522,10899,5216,10899,770,360
2452,3522,10900,5216,10900,770,359
2452,3522,10901,5216,10901,770,359
2451,3522,10902,5216,10902,770,359
2452,3522,10903,5216,10903,770,359
2450,3522,10904,5216,10904,770,359
2450,3522,10905,5216,10905,770,359
2451,3522,10906,5216,10906,770,359
2451,3522,10907,5216,10907,770,359
2451,3522,10908,5216,10908,770,359
2451,3522,10909,5216,10909,770,359
2451,3522,10910,5216,10910,770,359
2452,3522,10911,5216,10911,770,359
2453,3522,10912,5216,10912,770,359
2453,3522,10913,5216,10913,770,359
2453,3522,10914,5216,10914,770,359
2452,3522,10915,5216,10915,770,359
2452,3522,10916,5216,10916,770,359
2452,3522,10917,5216,10917,770,359
2453,3522,10918,5216,10918,770,359
2454,3522,10919,5216,10919,770,359
2453,3522,10920,5216,10920,770,359
2454,3522,10921,5216,10921,770,359
2450,3522,10922,5216,10922,770,358
2450,3522,10923,5216,10923,770,358
2450,3522,10924,5216,10924,770,358
2449,3522,10925,5216,10925,770,358
2449,3522,10926,5216,10926,770,358
2449,3522,10927,5216,10927,770,358
2449,3522,10928,5216,10928,770,358
2447,3522,10929,5216,10929,770,358
2447,3522,10930,5216,10930,770,358
2446,3522,10931,5216,10931,770,358
2446,3522,10932,5216,10932,770,358
2446,3522,10933,5216,10933,770,358
2442,3522,10934,5216,10934,770,358
2443,3522,10935,5216,10935,770,358
2444,3522,10936,5216,10936,770,358
2444,3522,10937,5216,10937,770,358
2444,3522,10938,5216,10938,770,358
2439,3522,10939,5216,10939,770,357
2440,3522,10940,5216,10940,770,357
2439,3522,10941,5216,10941,770,357
2439,3522,10942,5216,10942,770,357
2439,3522,10943,5216,10943,770,357
2439,3522,10944,5216,10944,770,357
2438,3522,10945,5216,10945,770,357
2437,3522,10946,5216,10946,770,357
2438,3522,10947,5216,10947,770,357
2438,3522,10948,5216,10948,770,357
2438,3522,10949,5216,10949,770,357
2436,3522,10950,5216,10950,770,357
2437,3522,10951,5216,10951,770,357
2438,3522,10952,5216,10952,770,357
2438,3522,10953,5216,10953,770,357
2437,3522,10954,5216,10954,770,357
2437,3522,10955,5216,10955,770,357
2438,3522,10956,5216,10956,770,357
2439,3522,10957,5216,10957,770,357
2439,3522,10958,5216,10958,770,357
2439,3522,10959,5216,10959,770,357
2438,3522,10960,5216,10960,770,357
2438,3522,10961,5216,10961,770,357
2438,3522,10962,5216,10962,770,357
2439,3522,10963,5216,10963,770,357
2440,3522,10964,5216,10964,770,357
2440,3522,10965,5216,10965,770,357
2440,3522,10966,5216,10966,770,357
2440,3522,10967,5216,10967,770,357
2440,3522,10968,5216,10968,770,357
2440,3522,10969,5216,10969,770,357
2438,3522,10970,5216,10970,770,357
2437,3522,10971,5216,10971,770,357
2438,3522,10972,5216,10972,770,357
2438,3522,10973,5216,10973,770,357
2438,3522,10974,5216,10974,770,357
2439,3522,10975,5216,10975,770,357
2440,3522,10976,5216,10976,770,357
2440,3522,10977,5216,10977,770,357
2441,3522,10978,5216,10978,770,357
2442,3522,10979,5216,10979,770,357
2441,3522,10980,5216,10980,770,357
2441,3522,10981,5216,10981,770,357
2440,3522,10982,5216,10982,770,357
2440,3522,10983,5216,10983,770,357
2440,3522,10984,5216,10984,770,357
2440,3522,10985,5216,10985,770,357
2440,3522,10986,5216,10986,770,357
2440,3522,10987,5216,10987,770,357
2440,3522,10988,5216,10988,770,357
2440,3522,10989,5216,10989,770,357
2441,3522,10990,5216,10990,770,357
2441,3522,10991,5216,10991,770,357
2442,3522,10992,5216,10992,770,357
2442,3522,10993,5216,10993,770,357
2442,3522,10994,5216,10994,770,357
2442,3522,10995,5216,10995,770,357
2441,3522,10996,5216,10996,770,357
2442,3522,10997,5216,10997,770,357
2443,3522,10998,5216,10998,770,357
2443,3522,10999,5216,10999,770,357
2443,3522,11000,5216,11000,770,357
2442,3522,11001,5216,11001,770,357
2440,3522,11002,5216,11002,770,357
2439,3522,11003,5216,11003,770,357
2439,3522,11004,5216,11004,770,357
2438,3522,11005,5216,11005,770,357
2438,3522,11006,5216,11006,770,357
2438,3522,11007,5216,11007,770,357
2437,3522,11008,5216,11008,770,357
2437,3522,11009,5216,11009,770,357
2438,3522,11010,5216,11010,770,357
2439,3522,11011,5216,11011,770,357
2439,3522,11012,5216,11012,770,357
2439,3522,11013,5216,11013,770,357
2436,3522,11014,5216,11014,770,356
2436,3522,11015,5216,11015,770,356
2437,3522,11016,5216,11016,770,356
2437,3522,11017,5216,11017,770,356
2437,3522,11018,5216,11018,770,356
2436,3522,11019,5216,11019,770,356
2437,3522,11020,5216,11020,770,356
2438,3522,11021,5216,11021,770,356
2437,3522,11022,5216,11022,770,356
2436,3522,11023,5216,11023,770,356
2437,3522,11024,5216,11024,770,356
2438,3522,11025,5216,11025,770,356
2438,3522,11026,5216,11026,770,356
2438,3522,11027,5216,11027,770,356
2436,3522,11028,5216,11028,770,356
2437,3522,11029,5216,11029,770,356
2437,3522,11030,5216,11030,770,356
2438,3522,11031,5216,11031,770,356
2436,3522,11032,5216,11032,770,355
2436,3522,11033,5216,11033,770,355
2435,3522,11034,5216,11034,770,355
2435,3522,11035,5216,11035,770,355
2435,3522,11036,5216,11036,770,355
2435,3522,11037,5216,11037,770,355
2433,3522,11038,5216,11038,770,354
2433,3522,11039,5216,11039,770,354
2433,3522,11040,5216,11040,770,354
2434,3522,11041,5216,11041,770,354
2434,3522,11042,5216,11042,770,354
2434,3522,11043,5216,11043,770,354
2434,3522,11044,5216,11044,770,354
2434,3522,11045,5216,11045,770,354
2435,3522,11046,5216,11046,770,354
2436,3522,11047,5216,11047,770,354
2437,3522,11048,5216,11048,770,354
2437,3522,11049,5216,11049,770,354
2438,3522,11050,5216,11050,770,354
2438,3522,11051,5216,11051,770,354
2439,3522,11052,5216,11052,770,354
2439,3522,11053,5216,11053,770,354
2439,3522,11054,5216,11054,770,354
2439,3522,11055,5216,11055,770,354
2439,3522,11056,5216,11056,770,354
2440,3522,11057,5216,11057,770,354
2441,3522,11058,5216,11058,770,354
2441,3522,11059,5216,11059,770,354
2441,3522,11060,5216,11060,770,354
2441,3522,11061,5216,11061,770,354
2442,3522,11062,5216,11062,770,354
2442,3522,11063,5216,11063,770,354
2443,3522,11064,5216,11064,770,354
2443,3522,11065,5216,11065,770,354
2443,3522,11066,5216,11066,770,354
2444,3522,11067,5216,11067,770,354
2444,3522,11068,5216,11068,770,354
2443,3522,11069,5216,11069,770,354
2442,3522,11070,5216,11070,770,354
2442,3522,11071,5216,11071,770,354
2442,3522,11072,5216,11072,770,354
2442,3522,11073,5216,11073,770,354
2437,3522,11074,5216,11074,770,349
2437,3522,11075,5216,11075,770,349
2438,3522,11076,5216,11076,770,349
2436,3522,11077,5216,11077,770,349
2437,3522,11078,5216,11078,770,349
2437,3522,11079,5216,11079,770,349
2437,3522,11080,5216,11080,770,349
2437,3522,11081,5216,11081,770,349
2438,3522,11082,5216,11082,770,349
2438,3522,11083,5216,11083,770,349
2438,3522,11084,5216,11084,770,349
2439,3522,11085,5216,11085,770,349
2438,3522,11086,5216,11086,770,349
2438,3522,11087,5216,11087,770,349
2438,3522,11088,5216,11088,770,349
2438,3522,11089,5216,11089,770,349
2438,3522,11090,5216,11090,770,349
2438,3522,11091,5216,11091,770,349
2437,3522,11092,5216,11092,770,349
2438,3522,11093,5216,11093,770,349
2439,3522,11094,5216,11094,770,349
2439,3522,11095,5216,11095,770,349
2439,3522,11096,5216,11096,770,349
2439,3522,11097,5216,11097,770,349
2440,3522,11098,5216,11098,770,349
2438,3522,11099,5216,11099,770,349
2437,3522,11100,5216,11100,770,349
2437,3522,11101,5216,11101,770,349
2436,3522,11102,5216,11102,770,349
2436,3522,11103,5216,11103,770,349
2434,3522,11104,5216,11104,770,349
2434,3522,11105,5216,11105,770,349
2434,3522,11106,5216,11106,770,349
2434,3522,11107,5216,11107,770,349
2434,3522,11108,5216,11108,770,349
2434,3522,11109,5216,11109,770,349
2432,3522,11110,5216,11110,770,349
2432,3522,11111,5216,11111,770,349
2432,3522,11112,5216,11112,770,349
2432,3522,11113,5216,11113,770,349
2432,3522,11114,5216,11114,770,349
2432,3522,11115,5216,11115,770,349
2432,3522,11116,5216,11116,770,349
2432,3522,11117,5216,11117,770,349
2432,3522,11118,5216,11118,770,349
2431,3522,11119,5216,11119,770,349
2431,3522,11120,5216,11120,770,349
2431,3522,11121,5216,11121,770,349
2428,3522,11122,5216,11122,770,349
2428,3522,11123,5216,11123,770,349
2429,3522,11124,5216,11124,770,349
2430,3522,11125,5216,11125,770,349
2430,3522,11126,5216,11126,770,349
2430,3522,11127,5216,11127,770,349
2431,3522,11128,5216,11128,770,349
2431,3522,11129,5216,11129,770,349
2431,3522,11130,5216,11130,770,349
2432,3522,11131,5216,11131,770,349
2433,3522,11132,5216,11132,770,349
2433,3522,11133,5216,11133,770,349
2434,3522,11134,5216,11134,770,349
2434,3522,11135,5216,11135,770,349
2432,3522,11136,5216,11136,770,348
2430,3522,11137,5216,11137,770,348
2430,3522,11138,5216,11138,770,348
2428,3522,11139,5216,11139,770,348
2428,3522,11140,5216,11140,770,348
2428,3522,11141,5216,11141,770,348
2428,3522,11142,5216,11142,770,348
2429,3522,11143,5216,11143,770,348
2429,3522,11144,5216,11144,770,348
2429,3522,11145,5216,11145,770,348
2429,3522,11146,5216,11146,770,348
2430,3522,11147,5216,11147,770,348
2430,3522,11148,5216,11148,770,348
2431,3522,11149,5216,11149,770,348
2431,3522,11150,5216,11150,770,348
2431,3522,11151,5216,11151,770,348
2430,3522,11152,5216,11152,770,348
2430,3522,11153,5216,11153,770,348
2431,3522,11154,5216,11154,770,348
2431,3522,11155,5216,11155,770,348
2430,3522,11156,5216,11156,770,348
2430,3522,11157,5216,11157,770,348
2431,3522,11158,5216,11158,770,348
2431,3522,11159,5216,11159,770,348
2432,3522,11160,5216,11160,770,348
2433,3522,11161,5216,11161,770,348
2433,3522,11162,5216,11162,770,348
2433,3522,11163,5216,11163,770,348
2431,3522,11164,5216,11164,770,348
2432,3522,11165,5216,11165,770,348
2432,3522,11166,5216,11166,770,348
2432,3522,11167,5216,11167,770,348
2432,3522,11168,5216,11168,770,348
2433,3522,11169,5216,11169,770,348
2433,3522,11170,5216,11170,770,348
2433,3522,11171,5216,11171,770,348
2433,3522,11172,5216,11172,770,348
2431,3522,11173,5216,11173,770,348
2432,3522,11174,5216,11174,770,348
2431,3522,11175,5216,11175,770,348
2432,3522,11176,5216,11176,770,348
2429,3522,11177,5216,11177,770,348
2427,3522,11178,5216,11178,770,348
2428,3522,11179,5216,11179,770,348
2429,3522,11180,5216,11180,770,348
2429,3522,11181,5216,11181,770,348
2430,3522,11182,5216,11182,770,348
2430,3522,11183,5216,11183,770,348
2431,3522,11184,5216,11184,770,348
2431,3522,11185,5216,11185,770,348
2431,3522,11186,5216,11186,770,348
2431,3522,11187,5216,11187,770,348
2431,3522,11188,5216,11188,770,348
2431,3522,11189,5216,11189,770,348
2431,3522,11190,5216,11190,770,348
2432,3522,11191,5216,11191,770,348
2431,3522,11192,5216,11192,770,348
2431,3522,11193,5216,11193,770,348
2429,3522,11194,5216,11194,770,348
2427,3522,11195,5216,11195,770,348
2426,3522,11196,5216,11196,770,348
2426,3522,11197,5216,11197,770,348
2425,3522,11198,5216,11198,770,348
2424,3522,11199,5216,11199,770,348
2422,3522,11200,5216,11200,770,348
2422,3522,11201,5216,11201,770,348
2423,3522,11202,5216,11202,770,348
2423,3522,11203,5216,11203,770,348
2424,3522,11204,5216,11204,770,348
2424,3522,11205,5216,11205,770,348
2423,3522,11206,5216,11206,770,348
2423,3522,11207,5216,11207,770,348
2423,3522,11208,5216,11208,770,348
2422,3522,11209,5216,11209,770,348
2422,3522,11210,5216,11210,770,348
2423,3522,11211,5216,11211,770,348
2423,3522,11212,5216,11212,770,348
2424,3522,11213,5216,11213,770,348
2425,3522,11214,5216,11214,770,348
2425,3522,11215,5216,11215,770,348
2425,3522,11216,5216,11216,770,348
2425,3522,11217,5216,11217,770,348
2424,3522,11218,5216,11218,770,348
2424,3522,11219,5216,11219,770,348
2425,3522,11220,5216,11220,770,348
2421,3522,11221,5216,11221,770,347
2421,3522,11222,5216,11222,770,347
2421,3522,11223,5216,11223,770,347
2421,3522,11224,5216,11224,770,347
2421,3522,11225,5216,11225,770,347
2421,3522,11226,5216,11226,770,347
2420,3522,11227,5216,11227,770,347
2420,3522,11228,5216,11228,770,347
2419,3522,11229,5216,11229,770,347
2419,3522,11230,5216,11230,770,347
2420,3522,11231,5216,11231,770,347
2421,3522,11232,5216,11232,770,347
2421,3522,11233,5216,11233,770,347
2422,3522,11234,5216,11234,770,347
2422,3522,11235,5216,11235,770,347
2423,3522,11236,5216,11236,770,347
2424,3522,11237,5216,11237,770,347
2424,3522,11238,5216,11238,770,347
2424,3522,11239,5216,11239,770,347
2424,3522,11240,5216,11240,770,347
2422,3522,11241,5216,11241,770,347
2422,3522,11242,5216,11242,770,347
2421,3522,11243,5216,11243,770,347
2420,3522,11244,5216,11244,770,347
2421,3522,11245,5216,11245,770,347
2421,3522,11246,5216,11246,770,347
2417,3522,11247,5216,11247,770,344
2417,3522,11248,5216,11248,770,344
2416,3522,11249,5216,11249,770,344
2417,3522,11250,5216,11250,770,344
2418,3522,11251,5216,11251,770,344
2418,3522,11252,5216,11252,770,344
2418,3522,11253,5216,11253,770,344
2419,3522,11254,5216,11254,770,344
2417,3522,11255,5216,11255,770,344
2418,3522,11256,5216,11256,770,344
2419,3522,11257,5216,11257,770,344
2420,3522,11258,5216,11258,770,344
2420,3522,11259,5216,11259,770,344
2420,3522,11260,5216,11260,770,344
2421,3522,11261,5216,11261,770,344
2421,3522,11262,5216,11262,770,344
2422,3522,11263,5216,11263,770,344
2422,3522,11264,5216,11264,770,344
2422,3522,11265,5216,11265,770,344
2419,3522,11266,5216,11266,770,342
2418,3522,11267,5216,11267,770,342
2418,3522,11268,5216,11268,770,342
2418,3522,11269,5216,11269,770,342
2418,3522,11270,5216,11270,770,342
2418,3522,11271,5216,11271,770,342
2416,3522,11272,5216,11272,770,342
2417,3522,11273,5216,11273,770,342
2418,3522,11274,5216,11274,770,342
2418,3522,11275,5216,11275,770,342
2418,3522,11276,5216,11276,770,342
2418,3522,11277,5216,11277,770,342
2418,3522,11278,5216,11278,770,342
2418,3522,11279,5216,11279,770,342
2418,3522,11280,5216,11280,770,342
2419,3522,11281,5216,11281,770,342
2419,3522,11282,5216,11282,770,342
2420,3522,11283,5216,11283,770,342
2420,3522,11284,5216,11284,770,342
2420,3522,11285,5216,11285,770,342
2420,3522,11286,5216,11286,770,342
2420,3522,11287,5216,11287,770,342
2420,3522,11288,5216,11288,770,342
2420,3522,11289,5216,11289,770,342
2421,3522,11290,5216,11290,770,342
2419,3522,11291,5216,11291,770,342
2420,3522,11292,5216,11292,770,342
2418,3522,11293,5216,11293,770,342
2419,3522,11294,5216,11294,770,342
2420,3522,11295,5216,11295,770,342
2420,3522,11296,5216,11296,770,342
2421,3522,11297,5216,11297,770,342
2421,3522,11298,5216,11298,770,342
2422,3522,11299,5216,11299,770,342
2423,3522,11300,5216,11300,770,342
2424,3522,11301,5216,11301,770,342
2424,3522,11302,5216,11302,770,342
2424,3522,11303,5216,11303,770,342
2423,3522,11304,5216,11304,770,342
2424,3522,11305,5216,11305,770,342
2425,3522,11306,5216,11306,770,342
2424,3522,11307,5216,11307,770,342
2423,3522,11308,5216,11308,770,342
2423,3522,11309,5216,11309,770,342
2422,3522,11310,5216,11310,770,342
2422,3522,11311,5216,11311,770,342
2423,3522,11312,5216,11312,770,342
2422,3522,11313,5216,11313,770,342
2422,3522,11314,5216,11314,770,342
2423,3522,11315,5216,11315,770,342
2424,3522,11316,5216,11316,770,342
2422,3522,11317,5216,11317,770,342
2423,3522,11318,5216,11318,770,342
2423,3522,11319,5216,11319,770,342
2422,3522,11320,5216,11320,770,342
2418,3522,11321,5216,11321,770,341
2415,3522,11322,5216,11322,770,339
2416,3522,11323,5216,11323,770,339
2417,3522,11324,5216,11324,770,339
2418,3522,11325,5216,11325,770,339
2416,3522,11326,5216,11326,770,339
2416,3522,11327,5216,11327,770,339
2415,3522,11328,5216,11328,770,339
2413,3522,11329,5216,11329,770,339
2412,3522,11330,5216,11330,770,339
2413,3522,11331,5216,11331,770,339
2414,3522,11332,5216,11332,770,339
2413,3522,11333,5216,11333,770,339
2412,3522,11334,5216,11334,770,339
2410,3522,11335,5216,11335,770,339
2410,3522,11336,5216,11336,770,339
2409,3522,11337,5216,11337,770,339
2409,3522,11338,5216,11338,770,339
2409,3522,11339,5216,11339,770,339
2409,3522,11340,5216,11340,770,339
2409,3522,11341,5216,11341,770,339
2409,3522,11342,5216,11342,770,339
2408,3522,11343,5216,11343,770,339
2409,3522,11344,5216,11344,770,339
2410,3522,11345,5216,11345,770,339
2410,3522,11346,5216,11346,770,339
2409,3522,11347,5216,11347,770,339
2408,3522,11348,5216,11348,770,339
2408,3522,11349,5216,11349,770,339
2408,3522,11350,5216,11350,770,339
2409,3522,11351,5216,11351,770,339
2409,3522,11352,5216,11352,770,339
2408,3522,11353,5216,11353,770,339
2408,3522,11354,5216,11354,770,339
2408,3522,11355,5216,11355,770,339
2406,3522,11356,5216,11356,770,339
2406,3522,11357,5216,11357,770,339
2404,3522,11358,5216,11358,770,339
2404,3522,11359,5216,11359,770,339
2405,3522,11360,5216,11360,770,339
2406,3522,11361,5216,11361,770,339
2406,3522,11362,5216,11362,770,339
2407,3522,11363,5216,11363,770,339
2408,3522,11364,5216,11364,770,339
2407,3522,11365,5216,11365,770,339
2406,3522,11366,5216,11366,770,339
2406,3522,11367,5216,11367,770,339
2407,3522,11368,5216,11368,770,339
2408,3522,11369,5216,11369,770,339
2408,3522,11370,5216,11370,770,339
2407,3522,11371,5216,11371,770,339
2407,3522,11372,5216,11372,770,339
2406,3522,11373,5216,11373,770,339
2406,3522,11374,5216,11374,770,339
2406,3522,11375,5216,11375,770,339
2406,3522,11376,5216,11376,770,339
2407,3522,11377,5216,11377,770,339
2407,3522,11378,5216,11378,770,339
2408,3522,11379,5216,11379,770,339
2408,3522,11380,5216,11380,770,339
2408,3522,11381,5216,11381,770,339
2409,3522,11382,5216,11382,770,339
2409,3522,11383,5216,11383,770,339
2409,3522,11384,5216,11384,770,339
2409,3522,11385,5216,11385,770,339
2409,3522,11386,5216,11386,770,339
2409,3522,11387,5216,11387,770,339
2408,3522,11388,5216,11388,770,339
2408,3522,11389,5216,11389,770,339
2406,3522,11390,5216,11390,770,339
2406,3522,11391,5216,11391,770,339
2407,3522,11392,5216,11392,770,339
2406,3522,11393,5216,11393,770,339
2406,3522,11394,5216,11394,770,339
2406,3522,11395,5216,11395,770,339
2406,3522,11396,5216,11396,770,339
2407,3522,11397,5216,11397,770,339
2408,3522,11398,5216,11398,770,339
2408,3522,11399,5216,11399,770,339
2407,3522,11400,5216,11400,770,339
2408,3522,11401,5216,11401,770,339
2408,3522,11402,5216,11402,770,339
2408,3522,11403,5216,11403,770,339
2408,3522,11404,5216,11404,770,339
2408,3522,11405,5216,11405,770,339
2409,3522,11406,5216,11406,770,339
2408,3522,11407,5216,11407,770,339
2408,3522,11408,5216,11408,770,339
2407,3522,11409,5216,11409,770,339
2407,3522,11410,5216,11410,770,339
2407,3522,11411,5216,11411,770,339
2408,3522,11412,5216,11412,770,339
2408,3522,11413,5216,11413,770,339
2406,3522,11414,5216,11414,770,339
2406,3522,11415,5216,11415,770,339
2406,3522,11416,5216,11416,770,339
2405,3522,11417,5216,11417,770,339
2406,3522,11418,5216,11418,770,339
2407,3522,11419,5216,11419,770,339
2407,3522,11420,5216,11420,770,339
2408,3522,11421,5216,11421,770,339
2404,3522,11422,5216,11422,770,338
2404,3522,11423,5216,11423,770,338
2403,3522,11424,5216,11424,770,338
2404,3522,11425,5216,11425,770,338
2405,3522,11426,5216,11426,770,338
2406,3522,11427,5216,11427,770,338
2405,3522,11428,5216,11428,770,338
2405,3522,11429,5216,11429,770,338
2405,3522,11430,5216,11430,770,338
2406,3522,11431,5216,11431,770,338
2406,3522,11432,5216,11432,770,338
2406,3522,11433,5216,11433,770,338
2407,3522,11434,5216,11434,770,338
2408,3522,11435,5216,11435,770,338
2408,3522,11436,5216,11436,770,338
2407,3522,11437,5216,11437,770,338
2407,3522,11438,5216,11438,770,338
2407,3522,11439,5216,11439,770,338
2407,3522,11440,5216,11440,770,338
2406,3522,11441,5216,11441,770,338
2407,3522,11442,5216,11442,770,338
2407,3522,11443,5216,11443,770,338
2406,3522,11444,5216,11444,770,338
2407,3522,11445,5216,11445,770,338
2408,3522,11446,5216,11446,770,338
2409,3522,11447,5216,11447,770,338
2409,3522,11448,5216,11448,770,338
2408,3522,11449,5216,11449,770,338
2406,3522,11450,5216,11450,770,338
2406,3522,11451,5216,11451,770,338
2406,3522,11452,5216,11452,770,338
2405,3522,11453,5216,11453,770,338
2406,3522,11454,5216,11454,770,338
2406,3522,11455,5216,11455,770,338
2406,3522,11456,5216,11456,770,338
2406,3522,11457,5216,11457,770,338
2406,3522,11458,5216,11458,770,338
2406,3522,11459,5216,11459,770,338
2407,3522,11460,5216,11460,770,338
2407,3522,11461,5216,11461,770,338
2406,3522,11462,5216,11462,770,338
2405,3522,11463,5216,11463,770,338
2406,3522,11464,5216,11464,770,338
2404,3522,11465,5216,11465,770,338
2404,3522,11466,5216,11466,770,338
2405,3522,11467,5216,11467,770,338
2403,3522,11468,5216,11468,770,338
2404,3522,11469,5216,11469,770,338
2404,3522,11470,5216,11470,770,338
2403,3522,11471,5216,11471,770,338
2404,3522,11472,5216,11472,770,338
2404,3522,11473,5216,11473,770,338
2404,3522,11474,5216,11474,770,338
2403,3522,11475,5216,11475,770,338
2403,3522,11476,5216,11476,770,338
2403,3522,11477,5216,11477,770,338
2403,3522,11478,5216,11478,770,338
2403,3522,11479,5216,11479,770,338
2404,3522,11480,5216,11480,770,338
2403,3522,11481,5216,11481,770,338
2403,3522,11482,5216,11482,770,338
2403,3522,11483,5216,11483,770,338
2403,3522,11484,5216,11484,770,338
2403,3522,11485,5216,11485,770,338
2403,3522,11486,5216,11486,770,338
2404,3522,11487,5216,11487,770,338
2404,3522,11488,5216,11488,770,338
2404,3522,11489,5216,11489,770,338
2404,3522,11490,5216,11490,770,338
2404,3522,11491,5216,11491,770,338
2405,3522,11492,5216,11492,770,338
2405,3522,11493,5216,11493,770,338
2405,3522,11494,5216,11494,770,338
2405,3522,11495,5216,11495,770,338
2405,3522,11496,5216,11496,770,338
2405,3522,11497,5216,11497,770,338
2405,3522,11498,5216,11498,770,338
2405,3522,11499,5216,11499,770,338
2405,3522,11500,5216,11500,770,338
2406,3522,11501,5216,11501,770,338
2406,3522,11502,5216,11502,770,338
2406,3522,11503,5216,11503,770,338
2405,3522,11504,5216,11504,770,338
2405,3522,11505,5216,11505,770,338
2406,3522,11506,5216,11506,770,338
2403,3522,11507,5216,11507,770,338
2403,3522,11508,5216,11508,770,338
2401,3522,11509,5216,11509,770,338
2402,3522,11510,5216,11510,770,338
2403,3522,11511,5216,11511,770,338
2404,3522,11512,5216,11512,770,338
2404,3522,11513,5216,11513,770,338
2404,3522,11514,5216,11514,770,338
2404,3522,11515,5216,11515,770,338
2405,3522,11516,5216,11516,770,338
2404,3522,11517,5216,11517,770,338
2405,3522,11518,5216,11518,770,338
2404,3522,11519,5216,11519,770,338
2404,3522,11520,5216,11520,770,338
2399,3522,11521,5216,11521,770,336
2400,3522,11522,5216,11522,770,336
2399,3522,11523,5216,11523,770,336
2395,3522,11524,5216,11524,770,332
2396,3522,11525,5216,11525,770,332
2396,3522,11526,5216,11526,770,332
2396,3522,11527,5216,11527,770,332
2395,3522,11528,5216,11528,770,332
2395,3522,11529,5216,11529,770,332
2395,3522,11530,5216,11530,770,332
2396,3522,11531,5216,11531,770,332
2396,3522,11532,5216,11532,770,332
2395,3522,11533,5216,11533,770,332
2395,3522,11534,5216,11534,770,332
2394,3522,11535,5216,11535,770,332
2394,3522,11536,5216,11536,770,332
2393,3522,11537,5216,11537,770,331
2391,3522,11538,5216,11538,770,331
2391,3522,11539,5216,11539,770,331
2392,3522,11540,5216,11540,770,331
2392,3522,11541,5216,11541,770,331
2393,3522,11542,5216,11542,770,331
2393,3522,11543,5216,11543,770,331
2393,3522,11544,5216,11544,770,331
2394,3522,11545,5216,11545,770,331
2393,3522,11546,5216,11546,770,331
2393,3522,11547,5216,11547,770,331
2392,3522,11548,5216,11548,770,331
2392,3522,11549,5216,11549,770,331
2392,3522,11550,5216,11550,770,331
2392,3522,11551,5216,11551,770,331
2392,3522,11552,5216,11552,770,331
2392,3522,11553,5216,11553,770,331
2391,3522,11554,5216,11554,770,331
2391,3522,11555,5216,11555,770,331
2391,3522,11556,5216,11556,770,331
2391,3522,11557,5216,11557,770,331
2392,3522,11558,5216,11558,770,331
2392,3522,11559,5216,11559,770,331
2392,3522,11560,5216,11560,770,331
2392,3522,11561,5216,11561,770,331
2392,3522,11562,5216,11562,770,331
2392,3522,11563,5216,11563,770,331
2392,3522,11564,5216,11564,770,331
2393,3522,11565,5216,11565,770,331
2393,3522,11566,5216,11566,770,331
2394,3522,11567,5216,11567,770,331
2393,3522,11568,5216,11568,770,331
2394,3522,11569,5216,11569,770,331
2394,3522,11570,5216,11570,770,331
2395,3522,11571,5216,11571,770,331
2393,3522,11572,5216,11572,770,330
2393,3522,11573,5216,11573,770,330
2393,3522,11574,5216,11574,770,330
2393,3522,11575,5216,11575,770,330
2393,3522,11576,5216,11576,770,330
2392,3522,11577,5216,11577,770,330
2392,3522,11578,5216,11578,770,330
2392,3522,11579,5216,11579,770,330
2391,3522,11580,5216,11580,770,330
2391,3522,11581,5216,11581,770,330
2388,3522,11582,5216,11582,770,330
2388,3522,11583,5216,11583,770,330
2388,3522,11584,5216,11584,770,330
2388,3522,11585,5216,11585,770,330
2388,3522,11586,5216,11586,770,330
2388,3522,11587,5216,11587,770,330
2388,3522,11588,5216,11588,770,330
2389,3522,11589,5216,11589,770,330
2390,3522,11590,5216,11590,770,330
2390,3522,11591,5216,11591,770,330
2390,3522,11592,5216,11592,770,330
2390,3522,11593,5216,11593,770,330
2391,3522,11594,5216,11594,770,330
2391,3522,11595,5216,11595,770,330
2392,3522,11596,5216,11596,770,330
2392,3522,11597,5216,11597,770,330
2392,3522,11598,5216,11598,770,330
2391,3522,11599,5216,11599,770,330
2391,3522,11600,5216,11600,770,330
2392,3522,11601,5216,11601,770,330
2392,3522,11602,5216,11602,770,330
2393,3522,11603,5216,11603,770,330
2391,3522,11604,5216,11604,770,330
2389,3522,11605,5216,11605,770,330
2390,3522,11606,5216,11606,770,330
2391,3522,11607,5216,11607,770,330
2391,3522,11608,5216,11608,770,330
2389,3522,11609,5216,11609,770,330
2389,3522,11610,5216,11610,770,330
2389,3522,11611,5216,11611,770,330
2390,3522,11612,5216,11612,770,330
2388,3522,11613,5216,11613,770,330
2389,3522,11614,5216,11614,770,330
2388,3522,11615,5216,11615,770,330
2387,3522,11616,5216,11616,770,330
2387,3522,11617,5216,11617,770,330
2386,3522,11618,5216,11618,770,330
2384,3522,11619,5216,11619,770,329
2384,3522,11620,5216,11620,770,329
2384,3522,11621,5216,11621,770,329
2384,3522,11622,5216,11622,770,329
2384,3522,11623,5216,11623,770,329
2384,3522,11624,5216,11624,770,329
2381,3522,11625,5216,11625,770,328
2377,3522,11626,5216,11626,770,328
2377,3522,11627,5216,11627,770,328
2376,3522,11628,5216,11628,770,328
2377,3522,11629,5216,11629,770,328
2377,3522,11630,5216,11630,770,328
2374,3522,11631,5216,11631,770,327
2374,3522,11632,5216,11632,770,327
2374,3522,11633,5216,11633,770,327
2374,3522,11634,5216,11634,770,327
2374,3522,11635,5216,11635,770,327
2375,3522,11636,5216,11636,770,327
2373,3522,11637,5216,11637,770,327
2373,3522,11638,5216,11638,770,327
2372,3522,11639,5216,11639,770,327
2372,3522,11640,5216,11640,770,327
2372,3522,11641,5216,11641,770,327
2372,3522,11642,5216,11642,770,327
2372,3522,11643,5216,11643,770,327
2372,3522,11644,5216,11644,770,327
2372,3522,11645,5216,11645,770,327
2370,3522,11646,5216,11646,770,327
2371,3522,11647,5216,11647,770,327
2370,3522,11648,5216,11648,770,327
2368,3522,11649,5216,11649,770,327
2368,3522,11650,5216,11650,770,327
2368,3522,11651,5216,11651,770,327
2369,3522,11652,5216,11652,770,327
2370,3522,11653,5216,11653,770,327
2368,3522,11654,5216,11654,770,327
2367,3522,11655,5216,11655,770,327
2366,3522,11656,5216,11656,770,327
2362,3522,11657,5216,11657,770,326
2362,3522,11658,5216,11658,770,326
2362,3522,11659,5216,11659,770,326
2360,3522,11660,5216,11660,770,326
2358,3522,11661,5216,11661,770,326
2357,3522,11662,5216,11662,770,326
2356,3522,11663,5216,11663,770,326
2356,3522,11664,5216,11664,770,326
2356,3522,11665,5216,11665,770,326
2357,3522,11666,5216,11666,770,326
2357,3522,11667,5216,11667,770,326
2357,3522,11668,5216,11668,770,326
2358,3522,11669,5216,11669,770,326
2357,3522,11670,5216,11670,770,326
2357,3522,11671,5216,11671,770,326
2357,3522,11672,5216,11672,770,326
2357,3522,11673,5216,11673,770,326
2356,3522,11674,5216,11674,770,326
2356,3522,11675,5216,11675,770,326
2356,3522,11676,5216,11676,770,326
2357,3522,11677,5216,11677,770,326
2358,3522,11678,5216,11678,770,326
2358,3522,11679,5216,11679,770,326
2356,3522,11680,5216,11680,770,326
2357,3522,11681,5216,11681,770,326
2358,3522,11682,5216,11682,770,326
2357,3522,11683,5216,11683,770,326
2357,3522,11684,5216,11684,770,326
2358,3522,11685,5216,11685,770,326
2358,3522,11686,5216,11686,770,326
2358,3522,11687,5216,11687,770,326
2358,3522,11688,5216,11688,770,326
2358,3522,11689,5216,11689,770,326
2356,3522,11690,5216,11690,770,326
2355,3522,11691,5216,11691,770,326
2355,3522,11692,5216,11692,770,326
2355,3522,11693,5216,11693,770,326
2355,3522,11694,5216,11694,770,326
2356,3522,11695,5216,11695,770,326
2357,3522,11696,5216,11696,770,326
2352,3522,11697,5216,11697,770,326
2353,3522,11698,5216,11698,770,326
2354,3522,11699,5216,11699,770,326
2355,3522,11700,5216,11700,770,326
2355,3522,11701,5216,11701,770,326
2355,3522,11702,5216,11702,770,326
2355,3522,11703,5216,11703,770,326
2355,3522,11704,5216,11704,770,326
2355,3522,11705,5216,11705,770,326
2356,3522,11706,5216,11706,770,326
2356,3522,11707,5216,11707,770,326
2355,3522,11708,5216,11708,770,326
2355,3522,11709,5216,11709,770,326
2354,3522,11710,5216,11710,770,326
2354,3522,11711,5216,11711,770,326
2354,3522,11712,5216,11712,770,326
2354,3522,11713,5216,11713,770,326
2355,3522,11714,5216,11714,770,326
2355,3522,11715,5216,11715,770,326
2356,3522,11716,5216,11716,770,326
2356,3522,11717,5216,11717,770,326
2356,3522,11718,5216,11718,770,326
2356,3522,11719,5216,11719,770,326
2356,3522,11720,5216,11720,770,326
2356,3522,11721,5216,11721,770,326
2356,3522,11722,5216,11722,770,326
2357,3522,11723,5216,11723,770,326
2358,3522,11724,5216,11724,770,326
2354,3522,11725,5216,11725,770,324
2354,3522,11726,5216,11726,770,324
2354,3522,11727,5216,11727,770,324
2352,3522,11728,5216,11728,770,324
2351,3522,11729,5216,11729,770,324
2351,3522,11730,5216,11730,770,324
2351,3522,11731,5216,11731,770,324
2351,3522,11732,5216,11732,770,324
2351,3522,11733,5216,11733,770,324
2351,3522,11734,5216,11734,770,324
2351,3522,11735,5216,11735,770,324
2351,3522,11736,5216,11736,770,324
2351,3522,11737,5216,11737,770,324
2351,3522,11738,5216,11738,770,324
2351,3522,11739,5216,11739,770,324
2351,3522,11740,5216,11740,770,324
2351,3522,11741,5216,11741,770,324
2351,3522,11742,5216,11742,770,324
2351,3522,11743,5216,11743,770,324
2349,3522,11744,5216,11744,770,324
2349,3522,11745,5216,11745,770,324
2349,3522,11746,5216,11746,770,324
2350,3522,11747,5216,11747,770,324
2351,3522,11748,5216,11748,770,324
2351,3522,11749,5216,11749,770,324
2352,3522,11750,5216,11750,770,324
2352,3522,11751,5216,11751,770,324
2352,3522,11752,5216,11752,770,324
2352,3522,11753,5216,11753,770,324
2352,3522,11754,5216,11754,770,324
2352,3522,11755,5216,11755,770,324
2349,3522,11756,5216,11756,770,322
2349,3522,11757,5216,11757,770,322
2350,3522,11758,5216,11758,770,322
2350,3522,11759,5216,11759,770,322
2350,3522,11760,5216,11760,770,322
2350,3522,11761,5216,11761,770,322
2351,3522,11762,5216,11762,770,322
2350,3522,11763,5216,11763,770,321
2349,3522,11764,5216,11764,770,321
2348,3522,11765,5216,11765,770,321
2348,3522,11766,5216,11766,770,321
2348,3522,11767,5216,11767,770,321
2345,3522,11768,5216,11768,770,321
2342,3522,11769,5216,11769,770,320
2342,3522,11770,5216,11770,770,320
2342,3522,11771,5216,11771,770,320
2342,3522,11772,5216,11772,770,320
2342,3522,11773,5216,11773,770,320
2342,3522,11774,5216,11774,770,320
2342,3522,11775,5216,11775,770,320
2342,3522,11776,5216,11776,770,320
2342,3522,11777,5216,11777,770,320
2342,3522,11778,5216,11778,770,320
2342,3522,11779,5216,11779,770,320
2342,3522,11780,5216,11780,770,320
2342,3522,11781,5216,11781,770,320
2340,3522,11782,5216,11782,770,320
2340,3522,11783,5216,11783,770,320
2341,3522,11784,5216,11784,770,320
2342,3522,11785,5216,11785,770,320
2343,3522,11786,5216,11786,770,320
2344,3522,11787,5216,11787,770,320
2345,3522,11788,5216,11788,770,320
2340,3522,11789,5216,11789,770,317
2341,3522,11790,5216,11790,770,317
2341,3522,11791,5216,11791,770,317
2341,3522,11792,5216,11792,770,317
2341,3522,11793,5216,11793,770,317
2341,3522,11794,5216,11794,770,317
2341,3522,11795,5216,11795,770,317
2341,3522,11796,5216,11796,770,317
2341,3522,11797,5216,11797,770,317
2341,3522,11798,5216,11798,770,317
2341,3522,11799,5216,11799,770,317
2338,3522,11800,5216,11800,770,314
2339,3522,11801,5216,11801,770,314
2339,3522,11802,5216,11802,770,314
2340,3522,11803,5216,11803,770,314
2340,3522,11804,5216,11804,770,314
2340,3522,11805,5216,11805,770,314
2340,3522,11806,5216,11806,770,314
2338,3522,11807,5216,11807,770,313
2338,3522,11808,5216,11808,770,313
2335,3522,11809,5216,11809,770,313
2335,3522,11810,5216,11810,770,313
2335,3522,11811,5216,11811,770,313
2336,3522,11812,5216,11812,770,313
2337,3522,11813,5216,11813,770,313
2338,3522,11814,5216,11814,770,313
2336,3522,11815,5216,11815,770,313
2336,3522,11816,5216,11816,770,313
2337,3522,11817,5216,11817,770,313
2338,3522,11818,5216,11818,770,313
2337,3522,11819,5216,11819,770,312
2338,3522,11820,5216,11820,770,312
2338,3522,11821,5216,11821,770,312
2338,3522,11822,5216,11822,770,312
2338,3522,11823,5216,11823,770,312
2338,3522,11824,5216,11824,770,312
2338,3522,11825,5216,11825,770,312
2339,3522,11826,5216,11826,770,312
2339,3522,11827,5216,11827,770,312
2339,3522,11828,5216,11828,770,312
2338,3522,11829,5216,11829,770,312
2338,3522,11830,5216,11830,770,312
2338,3522,11831,5216,11831,770,312
2338,3522,11832,5216,11832,770,312
2339,3522,11833,5216,11833,770,312
2338,3522,11834,5216,11834,770,312
2339,3522,11835,5216,11835,770,312
2340,3522,11836,5216,11836,770,312
2340,3522,11837,5216,11837,770,312
2340,3522,11838,5216,11838,770,312
2340,3522,11839,5216,11839,770,312
2340,3522,11840,5216,11840,770,312
2339,3522,11841,5216,11841,770,312
2339,3522,11842,5216,11842,770,312
2340,3522,11843,5216,11843,770,312
2341,3522,11844,5216,11844,770,312
2342,3522,11845,5216,11845,770,312
2343,3522,11846,5216,11846,770,312
2343,3522,11847,5216,11847,770,312
2344,3522,11848,5216,11848,770,312
2345,3522,11849,5216,11849,770,312
2345,3522,11850,5216,11850,770,312
2346,3522,11851,5216,11851,770,312
2344,3522,11852,5216,11852,770,312
2345,3522,11853,5216,11853,770,312
2346,3522,11854,5216,11854,770,312
2343,3522,11855,5216,11855,770,312
2343,3522,11856,5216,11856,770,312
2343,3522,11857,5216,11857,770,312
2344,3522,11858,5216,11858,770,312
2344,3522,11859,5216,11859,770,312
2345,3522,11860,5216,11860,770,312
2345,3522,11861,5216,11861,770,312
2343,3522,11862,5216,11862,770,312
2344,3522,11863,5216,11863,770,312
2345,3522,11864,5216,11864,770,312
2345,3522,11865,5216,11865,770,312
2345,3522,11866,5216,11866,770,312
2344,3522,11867,5216,11867,770,312
2342,3522,11868,5216,11868,770,312
2341,3522,11869,5216,11869,770,312
2341,3522,11870,5216,11870,770,312
2341,3522,11871,5216,11871,770,312
2340,3522,11872,5216,11872,770,312
2340,3522,11873,5216,11873,770,312
2340,3522,11874,5216,11874,770,312
2340,3522,11875,5216,11875,770,312
2339,3522,11876,5216,11876,770,312
2338,3522,11877,5216,11877,770,312
2338,3522,11878,5216,11878,770,312
2339,3522,11879,5216,11879,770,312
2338,3522,11880,5216,11880,770,312
2338,3522,11881,5216,11881,770,312
2338,3522,11882,5216,11882,770,312
2337,3522,11883,5216,11883,770,312
2337,3522,11884,5216,11884,770,312
2336,3522,11885,5216,11885,770,312
2336,3522,11886,5216,11886,770,312
2337,3522,11887,5216,11887,770,312
2336,3522,11888,5216,11888,770,312
2336,3522,11889,5216,11889,770,312
2335,3522,11890,5216,11890,770,312
2334,3522,11891,5216,11891,770,311
2333,3522,11892,5216,11892,770,311
2331,3522,11893,5216,11893,770,311
2332,3522,11894,5216,11894,770,311
2333,3522,11895,5216,11895,770,311
2334,3522,11896,5216,11896,770,311
2334,3522,11897,5216,11897,770,311
2335,3522,11898,5216,11898,770,311
2335,3522,11899,5216,11899,770,311
2333,3522,11900,5216,11900,770,311
2333,3522,11901,5216,11901,770,311
2333,3522,11902,5216,11902,770,311
2333,3522,11903,5216,11903,770,311
2333,3522,11904,5216,11904,770,311
2334,3522,11905,5216,11905,770,311
2333,3522,11906,5216,11906,770,311
2333,3522,11907,5216,11907,770,311
2334,3522,11908,5216,11908,770,311
2334,3522,11909,5216,11909,770,311
2334,3522,11910,5216,11910,770,311
2334,3522,11911,5216,11911,770,311
2334,3522,11912,5216,11912,770,311
2334,3522,11913,5216,11913,770,311
2333,3522,11914,5216,11914,770,311
2334,3522,11915,5216,11915,770,311
2334,3522,11916,5216,11916,770,311
2335,3522,11917,5216,11917,770,311
2336,3522,11918,5216,11918,770,311
2337,3522,11919,5216,11919,770,311
2337,3522,11920,5216,11920,770,311
2338,3522,11921,5216,11921,770,311
2339,3522,11922,5216,11922,770,311
2339,3522,11923,5216,11923,770,311
2339,3522,11924,5216,11924,770,311
2339,3522,11925,5216,11925,770,311
2340,3522,11926,5216,11926,770,311
2340,3522,11927,5216,11927,770,311
2340,3522,11928,5216,11928,770,311
2340,3522,11929,5216,11929,770,311
2341,3522,11930,5216,11930,770,311
2342,3522,11931,5216,11931,770,311
2341,3522,11932,5216,11932,770,311
2339,3522,11933,5216,11933,770,311
2340,3522,11934,5216,11934,770,311
2341,3522,11935,5216,11935,770,311
2341,3522,11936,5216,11936,770,311
2341,3522,11937,5216,11937,770,311
2341,3522,11938,5216,11938,770,311
2341,3522,11939,5216,11939,770,311
2341,3522,11940,5216,11940,770,311
2338,3522,11941,5216,11941,770,310
2339,3522,11942,5216,11942,770,310
2340,3522,11943,5216,11943,770,310
2340,3522,11944,5216,11944,770,310
2340,3522,11945,5216,11945,770,310
2339,3522,11946,5216,11946,770,310
2339,3522,11947,5216,11947,770,310
2340,3522,11948,5216,11948,770,310
2339,3522,11949,5216,11949,770,310
2340,3522,11950,5216,11950,770,310
2340,3522,11951,5216,11951,770,310
2339,3522,11952,5216,11952,770,310
2339,3522,11953,5216,11953,770,310
2339,3522,11954,5216,11954,770,310
2339,3522,11955,5216,11955,770,310
2337,3522,11956,5216,11956,770,310
2337,3522,11957,5216,11957,770,310
2337,3522,11958,5216,11958,770,310
2337,3522,11959,5216,11959,770,310
2336,3522,11960,5216,11960,770,310
2336,3522,11961,5216,11961,770,310
2336,3522,11962,5216,11962,770,310
2336,3522,11963,5216,11963,770,310
2336,3522,11964,5216,11964,770,310
2336,3522,11965,5216,11965,770,310
2336,3522,11966,5216,11966,770,310
2335,3522,11967,5216,11967,770,310
2335,3522,11968,5216,11968,770,310
2335,3522,11969,5216,11969,770,310
2336,3522,11970,5216,11970,770,310
2336,3522,11971,5216,11971,770,310
2336,3522,11972,5216,11972,770,310
2337,3522,11973,5216,11973,770,310
2336,3522,11974,5216,11974,770,310
2336,3522,11975,5216,11975,770,310
2336,3522,11976,5216,11976,770,310
2336,3522,11977,5216,11977,770,310
2336,3522,11978,5216,11978,770,310
2337,3522,11979,5216,11979,770,310
2337,3522,11980,5216,11980,770,310
2336,3522,11981,5216,11981,770,310
2336,3522,11982,5216,11982,770,310
2337,3522,11983,5216,11983,770,310
2333,3522,11984,5216,11984,770,308
2334,3522,11985,5216,11985,770,308
2334,3522,11986,5216,11986,770,308
2334,3522,11987,5216,11987,770,308
2335,3522,11988,5216,11988,770,308
2335,3522,11989,5216,11989,770,308
2332,3522,11990,5216,11990,770,307
2333,3522,11991,5216,11991,770,307
2331,3522,11992,5216,11992,770,307
2332,3522,11993,5216,11993,770,307
2332,3522,11994,5216,11994,770,307
2333,3522,11995,5216,11995,770,307
2333,3522,11996,5216,11996,770,307
2333,3522,11997,5216,11997,770,307
2333,3522,11998,5216,11998,770,307
2329,3522,11999,5216,11999,770,306
2329,3522,12000,5216,12000,770,306
2330,3522,12001,5216,12001,770,306
2330,3522,12002,5216,12002,770,306
2330,3522,12003,5216,12003,770,306
2330,3522,12004,5216,12004,770,306
2331,3522,12005,5216,12005,770,306
2331,3522,12006,5216,12006,770,306
2332,3522,12007,5216,12007,770,306
2332,3522,12008,5216,12008,770,306
2332,3522,12009,5216,12009,770,306
2332,3522,12010,5216,12010,770,306
2333,3522,12011,5216,12011,770,306
2334,3522,12012,5216,12012,770,306
2335,3522,12013,5216,12013,770,306
2332,3522,12014,5216,12014,770,304
2328,3522,12015,5216,12015,770,304
2329,3522,12016,5216,12016,770,304
2328,3522,12017,5216,12017,770,304
2328,3522,12018,5216,12018,770,304
2328,3522,12019,5216,12019,770,304
2322,3522,12020,5216,12020,770,301
2322,3522,12021,5216,12021,770,301
2322,3522,12022,5216,12022,770,301
2318,3522,12023,5216,12023,770,301
2318,3522,12024,5216,12024,770,301
2317,3522,12025,5216,12025,770,301
2317,3522,12026,5216,12026,770,301
2317,3522,12027,5216,12027,770,301
2317,3522,12028,5216,12028,770,301
2316,3522,12029,5216,12029,770,301
2317,3522,12030,5216,12030,770,301
2317,3522,12031,5216,12031,770,301
2317,3522,12032,5216,12032,770,301
2317,3522,12033,5216,12033,770,301
2317,3522,12034,5216,12034,770,301
2316,3522,12035,5216,12035,770,301
2315,3522,12036,5216,12036,770,301
2315,3522,12037,5216,12037,770,301
2314,3522,12038,5216,12038,770,301
2314,3522,12039,5216,12039,770,301
2314,3522,12040,5216,12040,770,301
2314,3522,12041,5216,12041,770,301
2314,3522,12042,5216,12042,770,301
2314,3522,12043,5216,12043,770,301
2314,3522,12044,5216,12044,770,301
2314,3522,12045,5216,12045,770,301
2314,3522,12046,5216,12046,770,301
2315,3522,12047,5216,12047,770,301
2314,3522,12048,5216,12048,770,301
2314,3522,12049,5216,12049,770,301
2313,3522,12050,5216,12050,770,301
2314,3522,12051,5216,12051,770,301
2314,3522,12052,5216,12052,770,301
2312,3522,12053,5216,12053,770,301
2313,3522,12054,5216,12054,770,301
2313,3522,12055,5216,12055,770,301
2314,3522,12056,5216,12056,770,301
2315,3522,12057,5216,12057,770,301
2315,3522,12058,5216,12058,770,301
2315,3522,12059,5216,12059,770,301
2316,3522,12060,5216,12060,770,301
2316,3522,12061,5216,12061,770,301
2316,3522,12062,5216,12062,770,301
2317,3522,12063,5216,12063,770,301
2316,3522,12064,5216,12064,770,301
2316,3522,12065,5216,12065,770,301
2316,3522,12066,5216,12066,770,301
2317,3522,12067,5216,12067,770,301
2318,3522,12068,5216,12068,770,301
2317,3522,12069,5216,12069,770,301
2317,3522,12070,5216,12070,770,301
2316,3522,12071,5216,12071,770,301
2315,3522,12072,5216,12072,770,301
2315,3522,12073,5216,12073,770,301
2315,3522,12074,5216,12074,770,301
2315,3522,12075,5216,12075,770,301
2315,3522,12076,5216,12076,770,301
2313,3522,12077,5216,12077,770,299
2313,3522,12078,5216,12078,770,299
2313,3522,12079,5216,12079,770,299
2313,3522,12080,5216,12080,770,299
2312,3522,12081,5216,12081,770,299
2312,3522,12082,5216,12082,770,299
2312,3522,12083,5216,12083,770,299
2311,3522,12084,5216,12084,770,299
2311,3522,12085,5216,12085,770,299
2311,3522,12086,5216,12086,770,299
2311,3522,12087,5216,12087,770,299
2312,3522,12088,5216,12088,770,299
2313,3522,12089,5216,12089,770,299
2313,3522,12090,5216,12090,770,299
2312,3522,12091,5216,12091,770,299
2312,3522,12092,5216,12092,770,299
2313,3522,12093,5216,12093,770,299
2313,3522,12094,5216,12094,770,299
2313,3522,12095,5216,12095,770,299
2312,3522,12096,5216,12096,770,299
2310,3522,12097,5216,12097,770,298
2310,3522,12098,5216,12098,770,298
2310,3522,12099,5216,12099,770,298
2310,3522,12100,5216,12100,770,298
2311,3522,12101,5216,12101,770,298
2311,3522,12102,5216,12102,770,298
2311,3522,12103,5216,12103,770,298
2310,3522,12104,5216,12104,770,298
2309,3522,12105,5216,12105,770,298
2309,3522,12106,5216,12106,770,298
2310,3522,12107,5216,12107,770,298
2310,3522,12108,5216,12108,770,298
2309,3522,12109,5216,12109,770,298
2309,3522,12110,5216,12110,770,298
2310,3522,12111,5216,12111,770,298
2310,3522,12112,5216,12112,770,298
2310,3522,12113,5216,12113,770,298
2310,3522,12114,5216,12114,770,298
2308,3522,12115,5216,12115,770,298
2307,3522,12116,5216,12116,770,298
2308,3522,12117,5216,12117,770,298
2308,3522,12118,5216,12118,770,298
2309,3522,12119,5216,12119,770,298
2310,3522,12120,5216,12120,770,298
2310,3522,12121,5216,12121,770,298
2310,3522,12122,5216,12122,770,298
2310,3522,12123,5216,12123,770,298
2310,3522,12124,5216,12124,770,298
2311,3522,12125,5216,12125,770,298
2311,3522,12126,5216,12126,770,298
2311,3522,12127,5216,12127,770,298
2311,3522,12128,5216,12128,770,298
2312,3522,12129,5216,12129,770,298
2310,3522,12130,5216,12130,770,298
2310,3522,12131,5216,12131,770,298
2310,3522,12132,5216,12132,770,298
2310,3522,12133,5216,12133,770,298
2310,3522,12134,5216,12134,770,298
2310,3522,12135,5216,12135,770,298
2310,3522,12136,5216,12136,770,298
2310,3522,12137,5216,12137,770,298
2310,3522,12138,5216,12138,770,298
2310,3522,12139,5216,12139,770,298
2310,3522,12140,5216,12140,770,298
2310,3522,12141,5216,12141,770,298
2311,3522,12142,5216,12142,770,298
2311,3522,12143,5216,12143,770,298
2309,3522,12144,5216,12144,770,298
2308,3522,12145,5216,12145,770,298
2307,3522,12146,5216,12146,770,298
2306,3522,12147,5216,12147,770,298
2306,3522,12148,5216,12148,770,298
2306,3522,12149,5216,12149,770,298
2303,3522,12150,5216,12150,770,298
2303,3522,12151,5216,12151,770,298
2304,3522,12152,5216,12152,770,298
2305,3522,12153,5216,12153,770,298
2305,3522,12154,5216,12154,770,298
2305,3522,12155,5216,12155,770,298
2305,3522,12156,5216,12156,770,298
2306,3522,12157,5216,12157,770,298
2306,3522,12158,5216,12158,770,298
2307,3522,12159,5216,12159,770,298
2305,3522,12160,5216,12160,770,298
2306,3522,12161,5216,12161,770,298
2304,3522,12162,5216,12162,770,298
2303,3522,12163,5216,12163,770,298
2303,3522,12164,5216,12164,770,298
2302,3522,12165,5216,12165,770,298
2301,3522,12166,5216,12166,770,298
2302,3522,12167,5216,12167,770,298
2302,3522,12168,5216,12168,770,298
2303,3522,12169,5216,12169,770,298
2303,3522,12170,5216,12170,770,298
2304,3522,12171,5216,12171,770,298
2304,3522,12172,5216,12172,770,298
2305,3522,12173,5216,12173,770,298
2305,3522,12174,5216,12174,770,298
2305,3522,12175,5216,12175,770,298
2305,3522,12176,5216,12176,770,298
2304,3522,12177,5216,12177,770,298
2304,3522,12178,5216,12178,770,298
2305,3522,12179,5216,12179,770,298
2305,3522,12180,5216,12180,770,298
2305,3522,12181,5216,12181,770,298
2305,3522,12182,5216,12182,770,298
2305,3522,12183,5216,12183,770,298
2306,3522,12184,5216,12184,770,298
2306,3522,12185,5216,12185,770,298
2305,3522,12186,5216,12186,770,298
2305,3522,12187,5216,12187,770,298
2305,3522,12188,5216,12188,770,298
2304,3522,12189,5216,12189,770,298
2302,3522,12190,5216,12190,770,298
2302,3522,12191,5216,12191,770,298
2301,3522,12192,5216,12192,770,298
2301,3522,12193,5216,12193,770,298
2299,3522,12194,5216,12194,770,298
2299,3522,12195,5216,12195,770,298
2298,3522,12196,5216,12196,770,298
2298,3522,12197,5216,12197,770,298
2298,3522,12198,5216,12198,770,298
2298,3522,12199,5216,12199,770,298
2298,3522,12200,5216,12200,770,298
2298,3522,12201,5216,12201,770,298
2297,3522,12202,5216,12202,770,298
2297,3522,12203,5216,12203,770,298
2298,3522,12204,5216,12204,770,298
2298,3522,12205,5216,12205,770,298
2298,3522,12206,5216,12206,770,298
2299,3522,12207,5216,12207,770,298
2298,3522,12208,5216,12208,770,298
2299,3522,12209,5216,12209,770,298
2299,3522,12210,5216,12210,770,298
2299,3522,12211,5216,12211,770,298
2299,3522,12212,5216,12212,770,298
2300,3522,12213,5216,12213,770,298
2300,3522,12214,5216,12214,770,298
2301,3522,12215,5216,12215,770,298
2301,3522,12216,5216,12216,770,298
2301,3522,12217,5216,12217,770,298
2301,3522,12218,5216,12218,770,298
2301,3522,12219,5216,12219,770,298
2302,3522,12220,5216,12220,770,298
2302,3522,12221,5216,12221,770,298
2301,3522,12222,5216,12222,770,298
2301,3522,12223,5216,12223,770,298
2300,3522,12224,5216,12224,770,298
2300,3522,12225,5216,12225,770,298
2300,3522,12226,5216,12226,770,298
2300,3522,12227,5216,12227,770,298
2298,3522,12228,5216,12228,770,297
2299,3522,12229,5216,12229,770,297
2300,3522,12230,5216,12230,770,297
2300,3522,12231,5216,12231,770,297
2299,3522,12232,5216,12232,770,297
2300,3522,12233,5216,12233,770,297
2301,3522,12234,5216,12234,770,297
2301,3522,12235,5216,12235,770,297
2301,3522,12236,5216,12236,770,297
2299,3522,12237,5216,12237,770,295
2299,3522,12238,5216,12238,770,295
2300,3522,12239,5216,12239,770,295
2300,3522,12240,5216,12240,770,295
2298,3522,12241,5216,12241,770,295
2298,3522,12242,5216,12242,770,295
2299,3522,12243,5216,12243,770,295
2298,3522,12244,5216,12244,770,295
2298,3522,12245,5216,12245,770,295
2298,3522,12246,5216,12246,770,295
2298,3522,12247,5216,12247,770,295
2299,3522,12248,5216,12248,770,295
2298,3522,12249,5216,12249,770,295
2297,3522,12250,5216,12250,770,295
2298,3522,12251,5216,12251,770,295
2298,3522,12252,5216,12252,770,295
2298,3522,12253,5216,12253,770,295
2298,3522,12254,5216,12254,770,295
2298,3522,12255,5216,12255,770,295
2299,3522,12256,5216,12256,770,295
2300,3522,12257,5216,12257,770,295
2296,3522,12258,5216,12258,770,295
2297,3522,12259,5216,12259,770,295
2297,3522,12260,5216,12260,770,295
2297,3522,12261,5216,12261,770,295
2297,3522,12262,5216,12262,770,295
2297,3522,12263,5216,12263,770,295
2295,3522,12264,5216,12264,770,295
2295,3522,12265,5216,12265,770,295
2295,3522,12266,5216,12266,770,295
2295,3522,12267,5216,12267,770,295
2296,3522,12268,5216,12268,770,295
2295,3522,12269,5216,12269,770,295
2296,3522,12270,5216,12270,770,295
2296,3522,12271,5216,12271,770,295
2297,3522,12272,5216,12272,770,295
2296,3522,12273,5216,12273,770,295
2295,3522,12274,5216,12274,770,295
2294,3522,12275,5216,12275,770,295
2294,3522,12276,5216,12276,770,295
2290,3522,12277,5216,12277,770,295
2290,3522,12278,5216,12278,770,295
2291,3522,12279,5216,12279,770,295
2288,3522,12280,5216,12280,770,295
2288,3522,12281,5216,12281,770,295
2288,3522,12282,5216,12282,770,295
2288,3522,12283,5216,12283,770,295
2288,3522,12284,5216,12284,770,295
2289,3522,12285,5216,12285,770,295
2289,3522,12286,5216,12286,770,295
2289,3522,12287,5216,12287,770,295
2289,3522,12288,5216,12288,770,295
2288,3522,12289,5216,12289,770,295
2288,3522,12290,5216,12290,770,295
2287,3522,12291,5216,12291,770,295
2288,3522,12292,5216,12292,770,295
2288,3522,12293,5216,12293,770,295
2289,3522,12294,5216,12294,770,295
2289,3522,12295,5216,12295,770,295
2288,3522,12296,5216,12296,770,295
2286,3522,12297,5216,12297,770,295
2286,3522,12298,5216,12298,770,295
2286,3522,12299,5216,12299,770,295
2286,3522,12300,5216,12300,770,295
2286,3522,12301,5216,12301,770,295
2286,3522,12302,5216,12302,770,295
2286,3522,12303,5216,12303,770,295
2286,3522,12304,5216,12304,770,295
2285,3522,12305,5216,12305,770,295
2284,3522,12306,5216,12306,770,295
2284,3522,12307,5216,12307,770,295
2285,3522,12308,5216,12308,770,295
2284,3522,12309,5216,12309,770,295
2285,3522,12310,5216,12310,770,295
2286,3522,12311,5216,12311,770,295
2286,3522,12312,5216,12312,770,295
2285,3522,12313,5216,12313,770,295
2285,3522,12314,5216,12314,770,295
2285,3522,12315,5216,12315,770,295
2284,3522,12316,5216,12316,770,295
2283,3522,12317,5216,12317,770,295
2283,3522,12318,5216,12318,770,295
2283,3522,12319,5216,12319,770,295
2284,3522,12320,5216,12320,770,295
2284,3522,12321,5216,12321,770,295
2284,3522,12322,5216,12322,770,295
2284,3522,12323,5216,12323,770,295
2284,3522,12324,5216,12324,770,295
2283,3522,12325,5216,12325,770,295
2283,3522,12326,5216,12326,770,295
2283,3522,12327,5216,12327,770,295
2283,3522,12328,5216,12328,770,295
2283,3522,12329,5216,12329,770,295
2283,3522,12330,5216,12330,770,295
2283,3522,12331,5216,12331,770,295
2284,3522,12332,5216,12332,770,295
2284,3522,12333,5216,12333,770,295
2285,3522,12334,5216,12334,770,295
2286,3522,12335,5216,12335,770,295
2285,3522,12336,5216,12336,770,295
2285,3522,12337,5216,12337,770,295
2285,3522,12338,5216,12338,770,295
2285,3522,12339,5216,12339,770,295
2285,3522,12340,5216,12340,770,295
2285,3522,12341,5216,12341,770,295
2286,3522,12342,5216,12342,770,295
2287,3522,12343,5216,12343,770,295
2286,3522,12344,5216,12344,770,295
2286,3522,12345,5216,12345,770,295
2286,3522,12346,5216,12346,770,295
2286,3522,12347,5216,12347,770,295
2286,3522,12348,5216,12348,770,295
2286,3522,12349,5216,12349,770,295
2286,3522,12350,5216,12350,770,295
2286,3522,12351,5216,12351,770,295
2286,3522,12352,5216,12352,770,295
2286,3522,12353,5216,12353,770,295
2285,3522,12354,5216,12354,770,295
2285,3522,12355,5216,12355,770,295
2284,3522,12356,5216,12356,770,295
2284,3522,12357,5216,12357,770,295
2281,3522,12358,5216,12358,770,294
2281,3522,12359,5216,12359,770,294
2281,3522,12360,5216,12360,770,294
2281,3522,12361,5216,12361,770,294
2281,3522,12362,5216,12362,770,294
2281,3522,12363,5216,12363,770,294
2281,3522,12364,5216,12364,770,294
2281,3522,12365,5216,12365,770,294
2281,3522,12366,5216,12366,770,294
2281,3522,12367,5216,12367,770,294
2281,3522,12368,5216,12368,770,294
2282,3522,12369,5216,12369,770,294
2282,3522,12370,5216,12370,770,294
2282,3522,12371,5216,12371,770,294
2283,3522,12372,5216,12372,770,294
2283,3522,12373,5216,12373,770,294
2283,3522,12374,5216,12374,770,294
2281,3522,12375,5216,12375,770,294
2281,3522,12376,5216,12376,770,294
2281,3522,12377,5216,12377,770,294
2280,3522,12378,5216,12378,770,294
2279,3522,12379,5216,12379,770,294
2279,3522,12380,5216,12380,770,294
2278,3522,12381,5216,12381,770,294
2278,3522,12382,5216,12382,770,294
2278,3522,12383,5216,12383,770,294
2278,3522,12384,5216,12384,770,294
2278,3522,12385,5216,12385,770,294
2277,3522,12386,5216,12386,770,294
2278,3522,12387,5216,12387,770,294
2277,3522,12388,5216,12388,770,294
2277,3522,12389,5216,12389,770,294
2277,3522,12390,5216,12390,770,294
2274,3522,12391,5216,12391,770,291
2274,3522,12392,5216,12392,770,291
2274,3522,12393,5216,12393,770,291
2273,3522,12394,5216,12394,770,291
2273,3522,12395,5216,12395,770,291
2271,3522,12396,5216,12396,770,291
2271,3522,12397,5216,12397,770,291
2267,3522,12398,5216,12398,770,289
2265,3522,12399,5216,12399,770,289
2265,3522,12400,5216,12400,770,289
2265,3522,12401,5216,12401,770,289
2264,3522,12402,5216,12402,770,289
2264,3522,12403,5216,12403,770,289
2265,3522,12404,5216,12404,770,289
2265,3522,12405,5216,12405,770,289
2265,3522,12406,5216,12406,770,289
2265,3522,12407,5216,12407,770,289
2265,3522,12408,5216,12408,770,289
2266,3522,12409,5216,12409,770,289
2266,3522,12410,5216,12410,770,289
2267,3522,12411,5216,12411,770,289
2267,3522,12412,5216,12412,770,289
2267,3522,12413,5216,12413,770,289
2267,3522,12414,5216,12414,770,289
2267,3522,12415,5216,12415,770,289
2268,3522,12416,5216,12416,770,289
2269,3522,12417,5216,12417,770,289
2270,3522,12418,5216,12418,770,289
2270,3522,12419,5216,12419,770,289
2268,3522,12420,5216,12420,770,289
2266,3522,12421,5216,12421,770,289
2266,3522,12422,5216,12422,770,289
2263,3522,12423,5216,12423,770,289
2264,3522,12424,5216,12424,770,289
2265,3522,12425,5216,12425,770,289
2262,3522,12426,5216,12426,770,288
2262,3522,12427,5216,12427,770,288
2263,3522,12428,5216,12428,770,288
2263,3522,12429,5216,12429,770,288
2263,3522,12430,5216,12430,770,288
2264,3522,12431,5216,12431,770,288
2264,3522,12432,5216,12432,770,288
2264,3522,12433,5216,12433,770,288
2263,3522,12434,5216,12434,770,288
2263,3522,12435,5216,12435,770,288
2262,3522,12436,5216,12436,770,288
2263,3522,12437,5216,12437,770,288
2264,3522,12438,5216,12438,770,288
2262,3522,12439,5216,12439,770,288
2261,3522,12440,5216,12440,770,288
2261,3522,12441,5216,12441,770,288
2261,3522,12442,5216,12442,770,288
2256,3522,12443,5216,12443,770,286
2256,3522,12444,5216,12444,770,286
2257,3522,12445,5216,12445,770,286
2257,3522,12446,5216,12446,770,286
2257,3522,12447,5216,12447,770,286
2257,3522,12448,5216,12448,770,286
2257,3522,12449,5216,12449,770,286
2257,3522,12450,5216,12450,770,286
2254,3522,12451,5216,12451,770,285
2254,3522,12452,5216,12452,770,285
2254,3522,12453,5216,12453,770,285
2252,3522,12454,5216,12454,770,285
2252,3522,12455,5216,12455,770,285
2251,3522,12456,5216,12456,770,285
2252,3522,12457,5216,12457,770,285
2252,3522,12458,5216,12458,770,285
2253,3522,12459,5216,12459,770,285
2251,3522,12460,5216,12460,770,285
2251,3522,12461,5216,12461,770,285
2251,3522,12462,5216,12462,770,285
2251,3522,12463,5216,12463,770,285
2251,3522,12464,5216,12464,770,285
2251,3522,12465,5216,12465,770,285
2251,3522,12466,5216,12466,770,285
2252,3522,12467,5216,12467,770,285
2252,3522,12468,5216,12468,770,285
2253,3522,12469,5216,12469,770,285
2253,3522,12470,5216,12470,770,285
2253,3522,12471,5216,12471,770,285
2252,3522,12472,5216,12472,770,285
2252,3522,12473,5216,12473,770,285
2252,3522,12474,5216,12474,770,285
2253,3522,12475,5216,12475,770,285
2251,3522,12476,5216,12476,770,285
2252,3522,12477,5216,12477,770,285
2251,3522,12478,5216,12478,770,285
2251,3522,12479,5216,12479,770,285
2251,3522,12480,5216,12480,770,285
2252,3522,12481,5216,12481,770,285
2253,3522,12482,5216,12482,770,285
2252,3522,12483,5216,12483,770,285
2253,3522,12484,5216,12484,770,285
2253,3522,12485,5216,12485,770,285
2254,3522,12486,5216,12486,770,285
2254,3522,12487,5216,12487,770,285
2254,3522,12488,5216,12488,770,285
2255,3522,12489,5216,12489,770,285
2255,3522,12490,5216,12490,770,285
2256,3522,12491,5216,12491,770,285
2256,3522,12492,5216,12492,770,285
2257,3522,12493,5216,12493,770,285
2257,3522,12494,5216,12494,770,285
2257,3522,12495,5216,12495,770,285
2252,3522,12496,5216,12496,770,281
2251,3522,12497,5216,12497,770,281
2251,3522,12498,5216,12498,770,281
2252,3522,12499,5216,12499,770,281
2251,3522,12500,5216,12500,770,281
2252,3522,12501,5216,12501,770,281
2252,3522,12502,5216,12502,770,281
2252,3522,12503,5216,12503,770,281
2252,3522,12504,5216,12504,770,281
2252,3522,12505,5216,12505,770,281
2252,3522,12506,5216,12506,770,281
2252,3522,12507,5216,12507,770,281
2252,3522,12508,5216,12508,770,281
2252,3522,12509,5216,12509,770,281
2252,3522,12510,5216,12510,770,281
2252,3522,12511,5216,12511,770,281
2252,3522,12512,5216,12512,770,281
2251,3522,12513,5216,12513,770,281
2252,3522,12514,5216,12514,770,281
2252,3522,12515,5216,12515,770,281
2252,3522,12516,5216,12516,770,281
2253,3522,12517,5216,12517,770,281
2253,3522,12518,5216,12518,770,281
2253,3522,12519,5216,12519,770,281
2253,3522,12520,5216,12520,770,281
2253,3522,12521,5216,12521,770,281
2254,3522,12522,5216,12522,770,281
2255,3522,12523,5216,12523,770,281
2255,3522,12524,5216,12524,770,281
2255,3522,12525,5216,12525,770,281
2255,3522,12526,5216,12526,770,281
2253,3522,12527,5216,12527,770,281
2254,3522,12528,5216,12528,770,281
2251,3522,12529,5216,12529,770,281
2252,3522,12530,5216,12530,770,281
2252,3522,12531,5216,12531,770,281
2251,3522,12532,5216,12532,770,281
2251,3522,12533,5216,12533,770,281
2251,3522,12534,5216,12534,770,281
2251,3522,12535,5216,12535,770,281
2250,3522,12536,5216,12536,770,281
2251,3522,12537,5216,12537,770,281
2249,3522,12538,5216,12538,770,281
2249,3522,12539,5216,12539,770,281
2249,3522,12540,5216,12540,770,281
2249,3522,12541,5216,12541,770,281
2249,3522,12542,5216,12542,770,281
2249,3522,12543,5216,12543,770,281
2250,3522,12544,5216,12544,770,281
2251,3522,12545,5216,12545,770,281
2252,3522,12546,5216,12546,770,281
2252,3522,12547,5216,12547,770,281
2252,3522,12548,5216,12548,770,281
2252,3522,12549,5216,12549,770,281
2252,3522,12550,5216,12550,770,281
2252,3522,12551,5216,12551,770,281
2252,3522,12552,5216,12552,770,281
2252,3522,12553,5216,12553,770,281
2252,3522,12554,5216,12554,770,281
2252,3522,12555,5216,12555,770,281
2252,3522,12556,5216,12556,770,281
2253,3522,12557,5216,12557,770,281
2253,3522,12558,5216,12558,770,281
2253,3522,12559,5216,12559,770,281
2252,3522,12560,5216,12560,770,281
2252,3522,12561,5216,12561,770,281
2252,3522,12562,5216,12562,770,281
2252,3522,12563,5216,12563,770,281
2252,3522,12564,5216,12564,770,281
2251,3522,12565,5216,12565,770,281
2249,3522,12566,5216,12566,770,281
2249,3522,12567,5216,12567,770,281
2249,3522,12568,5216,12568,770,281
2249,3522,12569,5216,12569,770,281
2246,3522,12570,5216,12570,770,281
2247,3522,12571,5216,12571,770,281
2246,3522,12572,5216,12572,770,281
2244,3522,12573,5216,12573,770,280
2245,3522,12574,5216,12574,770,280
2245,3522,12575,5216,12575,770,280
2246,3522,12576,5216,12576,770,280
2247,3522,12577,5216,12577,770,280
2247,3522,12578,5216,12578,770,280
2247,3522,12579,5216,12579,770,280
2245,3522,12580,5216,12580,770,280
2246,3522,12581,5216,12581,770,280
2246,3522,12582,5216,12582,770,280
2246,3522,12583,5216,12583,770,280
2247,3522,12584,5216,12584,770,280
2245,3522,12585,5216,12585,770,279
2245,3522,12586,5216,12586,770,279
2245,3522,12587,5216,12587,770,279
2245,3522,12588,5216,12588,770,279
2245,3522,12589,5216,12589,770,279
2245,3522,12590,5216,12590,770,279
2245,3522,12591,5216,12591,770,279
2245,3522,12592,5216,12592,770,279
2244,3522,12593,5216,12593,770,279
2245,3522,12594,5216,12594,770,279
2240,3522,12595,5216,12595,770,276
2241,3522,12596,5216,12596,770,276
2241,3522,12597,5216,12597,770,276
2241,3522,12598,5216,12598,770,276
2241,3522,12599,5216,12599,770,276
2241,3522,12600,5216,12600,770,276
2241,3522,12601,5216,12601,770,276
2241,3522,12602,5216,12602,770,276
2241,3522,12603,5216,12603,770,276
2241,3522,12604,5216,12604,770,276
2241,3522,12605,5216,12605,770,276
2241,3522,12606,5216,12606,770,276
2241,3522,12607,5216,12607,770,276
2239,3522,12608,5216,12608,770,276
2237,3522,12609,5216,12609,770,276
2238,3522,12610,5216,12610,770,276
2238,3522,12611,5216,12611,770,276
2239,3522,12612,5216,12612,770,276
2239,3522,12613,5216,12613,770,276
2239,3522,12614,5216,12614,770,276
2239,3522,12615,5216,12615,770,276
2239,3522,12616,5216,12616,770,276
2239,3522,12617,5216,12617,770,276
2239,3522,12618,5216,12618,770,276
2239,3522,12619,5216,12619,770,276
2240,3522,12620,5216,12620,770,276
2240,3522,12621,5216,12621,770,276
2240,3522,12622,5216,12622,770,276
2241,3522,12623,5216,12623,770,276
2241,3522,12624,5216,12624,770,276
2240,3522,12625,5216,12625,770,276
2240,3522,12626,5216,12626,770,276
2240,3522,12627,5216,12627,770,276
2240,3522,12628,5216,12628,770,276
2241,3522,12629,5216,12629,770,276
2240,3522,12630,5216,12630,770,276
2241,3522,12631,5216,12631,770,276
2242,3522,12632,5216,12632,770,276
2241,3522,12633,5216,12633,770,275
2241,3522,12634,5216,12634,770,275
2241,3522,12635,5216,12635,770,275
2241,3522,12636,5216,12636,770,275
2241,3522,12637,5216,12637,770,275
2242,3522,12638,5216,12638,770,275
2243,3522,12639,5216,12639,770,275
2243,3522,12640,5216,12640,770,275
2244,3522,12641,5216,12641,770,275
2244,3522,12642,5216,12642,770,275
2243,3522,12643,5216,12643,770,275
2244,3522,12644,5216,12644,770,275
2245,3522,12645,5216,12645,770,275
2246,3522,12646,5216,12646,770,275
2246,3522,12647,5216,12647,770,275
2246,3522,12648,5216,12648,770,275
2247,3522,12649,5216,12649,770,275
2247,3522,12650,5216,12650,770,275
2246,3522,12651,5216,12651,770,275
2244,3522,12652,5216,12652,770,275
2245,3522,12653,5216,12653,770,275
2245,3522,12654,5216,12654,770,275
2245,3522,12655,5216,12655,770,275
2245,3522,12656,5216,12656,770,275
2244,3522,12657,5216,12657,770,275
2245,3522,12658,5216,12658,770,275
2244,3522,12659,5216,12659,770,275
2244,3522,12660,5216,12660,770,275
2242,3522,12661,5216,12661,770,275
2241,3522,12662,5216,12662,770,275
2241,3522,12663,5216,12663,770,275
2241,3522,12664,5216,12664,770,275
2241,3522,12665,5216,12665,770,275
2240,3522,12666,5216,12666,770,275
2240,3522,12667,5216,12667,770,275
2241,3522,12668,5216,12668,770,275
2241,3522,12669,5216,12669,770,275
2241,3522,12670,5216,12670,770,275
2241,3522,12671,5216,12671,770,275
2241,3522,12672,5216,12672,770,275
2242,3522,12673,5216,12673,770,275
2242,3522,12674,5216,12674,770,275
2242,3522,12675,5216,12675,770,275
2242,3522,12676,5216,12676,770,275
2242,3522,12677,5216,12677,770,275
2242,3522,12678,5216,12678,770,275
2243,3522,12679,5216,12679,770,275
2243,3522,12680,5216,12680,770,275
2241,3522,12681,5216,12681,770,274
2242,3522,12682,5216,12682,770,274
2241,3522,12683,5216,12683,770,274
2242,3522,12684,5216,12684,770,274
2242,3522,12685,5216,12685,770,274
2242,3522,12686,5216,12686,770,274
2242,3522,12687,5216,12687,770,274
2242,3522,12688,5216,12688,770,274
2243,3522,12689,5216,12689,770,274
2243,3522,12690,5216,12690,770,274
2244,3522,12691,5216,12691,770,274
2244,3522,12692,5216,12692,770,274
2245,3522,12693,5216,12693,770,274
2245,3522,12694,5216,12694,770,274
2245,3522,12695,5216,12695,770,274
2245,3522,12696,5216,12696,770,274
2245,3522,12697,5216,12697,770,274
2245,3522,12698,5216,12698,770,274
2245,3522,12699,5216,12699,770,274
2245,3522,12700,5216,12700,770,274
2246,3522,12701,5216,12701,770,274
2246,3522,12702,5216,12702,770,274
2246,3522,12703,5216,12703,770,274
2246,3522,12704,5216,12704,770,274
2246,3522,12705,5216,12705,770,274
2246,3522,12706,5216,12706,770,274
2246,3522,12707,5216,12707,770,274
2247,3522,12708,5216,12708,770,274
2245,3522,12709,5216,12709,770,274
2244,3522,12710,5216,12710,770,274
2244,3522,12711,5216,12711,770,274
2245,3522,12712,5216,12712,770,274
2246,3522,12713,5216,12713,770,274
2246,3522,12714,5216,12714,770,274
2245,3522,12715,5216,12715,770,274
2246,3522,12716,5216,12716,770,274
2246,3522,12717,5216,12717,770,274
2245,3522,12718,5216,12718,770,274
2245,3522,12719,5216,12719,770,274
2246,3522,12720,5216,12720,770,274
2246,3522,12721,5216,12721,770,274
2245,3522,12722,5216,12722,770,274
2244,3522,12723,5216,12723,770,274
2244,3522,12724,5216,12724,770,274
2244,3522,12725,5216,12725,770,274
2238,3522,12726,5216,12726,770,272
2238,3522,12727,5216,12727,770,272
2238,3522,12728,5216,12728,770,272
2238,3522,12729,5216,12729,770,272
2238,3522,12730,5216,12730,770,272
2239,3522,12731,5216,12731,770,272
2239,3522,12732,5216,12732,770,272
2239,3522,12733,5216,12733,770,272
2239,3522,12734,5216,12734,770,272
2239,3522,12735,5216,12735,770,272
2239,3522,12736,5216,12736,770,272
2239,3522,12737,5216,12737,770,272
2238,3522,12738,5216,12738,770,272
2237,3522,12739,5216,12739,770,272
2237,3522,12740,5216,12740,770,272
2237,3522,12741,5216,12741,770,272
2238,3522,12742,5216,12742,770,272
2239,3522,12743,5216,12743,770,272
2239,3522,12744,5216,12744,770,272
2239,3522,12745,5216,12745,770,272
2239,3522,12746,5216,12746,770,272
2239,3522,12747,5216,12747,770,272
2239,3522,12748,5216,12748,770,272
2240,3522,12749,5216,12749,770,272
2240,3522,12750,5216,12750,770,272
2241,3522,12751,5216,12751,770,272
2240,3522,12752,5216,12752,770,272
2239,3522,12753,5216,12753,770,271
2239,3522,12754,5216,12754,770,271
2239,3522,12755,5216,12755,770,271
2238,3522,12756,5216,12756,770,271
2238,3522,12757,5216,12757,770,271
2238,3522,12758,5216,12758,770,271
2238,3522,12759,5216,12759,770,271
2238,3522,12760,5216,12760,770,271
2238,3522,12761,5216,12761,770,271
2237,3522,12762,5216,12762,770,271
2235,3522,12763,5216,12763,770,271
2234,3522,12764,5216,12764,770,271
2235,3522,12765,5216,12765,770,271
2235,3522,12766,5216,12766,770,271
2234,3522,12767,5216,12767,770,271
2235,3522,12768,5216,12768,770,271
2235,3522,12769,5216,12769,770,271
2235,3522,12770,5216,12770,770,271
2234,3522,12771,5216,12771,770,271
2233,3522,12772,5216,12772,770,271
2234,3522,12773,5216,12773,770,271
2235,3522,12774,5216,12774,770,271
2236,3522,12775,5216,12775,770,271
2236,3522,12776,5216,12776,770,271
2237,3522,12777,5216,12777,770,271
2236,3522,12778,5216,12778,770,271
2237,3522,12779,5216,12779,770,271
2237,3522,12780,5216,12780,770,271
2236,3522,12781,5216,12781,770,271
2236,3522,12782,5216,12782,770,271
2236,3522,12783,5216,12783,770,271
2235,3522,12784,5216,12784,770,271
2235,3522,12785,5216,12785,770,271
2236,3522,12786,5216,12786,770,271
2236,3522,12787,5216,12787,770,271
2237,3522,12788,5216,12788,770,271
2237,3522,12789,5216,12789,770,271
2234,3522,12790,5216,12790,770,269
2233,3522,12791,5216,12791,770,269
2233,3522,12792,5216,12792,770,269
2233,3522,12793,5216,12793,770,269
2233,3522,12794,5216,12794,770,269
2228,3522,12795,5216,12795,770,265
2228,3522,12796,5216,12796,770,265
2228,3522,12797,5216,12797,770,265
2229,3522,12798,5216,12798,770,265
2230,3522,12799,5216,12799,770,265
2230,3522,12800,5216,12800,770,265
2230,3522,12801,5216,12801,770,265
2229,3522,12802,5216,12802,770,265
2229,3522,12803,5216,12803,770,265
2226,3522,12804,5216,12804,770,264
2227,3522,12805,5216,12805,770,264
2228,3522,12806,5216,12806,770,264
2229,3522,12807,5216,12807,770,264
2229,3522,12808,5216,12808,770,264
2229,3522,12809,5216,12809,770,264
2230,3522,12810,5216,12810,770,264
2231,3522,12811,5216,12811,770,264
2231,3522,12812,5216,12812,770,264
2231,3522,12813,5216,12813,770,264
2231,3522,12814,5216,12814,770,264
2229,3522,12815,5216,12815,770,264
2230,3522,12816,5216,12816,770,264
2230,3522,12817,5216,12817,770,264
2230,3522,12818,5216,12818,770,264
2230,3522,12819,5216,12819,770,264
2229,3522,12820,5216,12820,770,264
2229,3522,12821,5216,12821,770,264
2229,3522,12822,5216,12822,770,264
2229,3522,12823,5216,12823,770,264
2229,3522,12824,5216,12824,770,264
2230,3522,12825,5216,12825,770,264
2230,3522,12826,5216,12826,770,264
2230,3522,12827,5216,12827,770,264
2230,3522,12828,5216,12828,770,264
2231,3522,12829,5216,12829,770,264
2231,3522,12830,5216,12830,770,264
2232,3522,12831,5216,12831,770,264
2232,3522,12832,5216,12832,770,264
2232,3522,12833,5216,12833,770,264
2233,3522,12834,5216,12834,770,264
2233,3522,12835,5216,12835,770,264
2233,3522,12836,5216,12836,770,264
2234,3522,12837,5216,12837,770,264
2234,3522,12838,5216,12838,770,264
2234,3522,12839,5216,12839,770,264
2234,3522,12840,5216,12840,770,264
2234,3522,12841,5216,12841,770,264
2235,3522,12842,5216,12842,770,264
2235,3522,12843,5216,12843,770,264
2235,3522,12844,5216,12844,770,264
2235,3522,12845,5216,12845,770,264
2235,3522,12846,5216,12846,770,264
2235,3522,12847,5216,12847,770,264
2235,3522,12848,5216,12848,770,264
2235,3522,12849,5216,12849,770,264
2235,3522,12850,5216,12850,770,264
2235,3522,12851,5216,12851,770,264
2236,3522,12852,5216,12852,770,264
2235,3522,12853,5216,12853,770,264
2229,3522,12854,5216,12854,770,263
2228,3522,12855,5216,12855,770,263
2227,3522,12856,5216,12856,770,263
2227,3522,12857,5216,12857,770,263
2227,3522,12858,5216,12858,770,263
2226,3522,12859,5216,12859,770,263
2225,3522,12860,5216,12860,770,263
2225,3522,12861,5216,12861,770,263
2226,3522,12862,5216,12862,770,263
2226,3522,12863,5216,12863,770,263
2226,3522,12864,5216,12864,770,263
2226,3522,12865,5216,12865,770,263
2226,3522,12866,5216,12866,770,263
2226,3522,12867,5216,12867,770,263
2225,3522,12868,5216,12868,770,263
2226,3522,12869,5216,12869,770,263
2226,3522,12870,5216,12870,770,263
2225,3522,12871,5216,12871,770,263
2225,3522,12872,5216,12872,770,263
2226,3522,12873,5216,12873,770,263
2226,3522,12874,5216,12874,770,263
2226,3522,12875,5216,12875,770,263
2227,3522,12876,5216,12876,770,263
2227,3522,12877,5216,12877,770,263
2227,3522,12878,5216,12878,770,263
2226,3522,12879,5216,12879,770,263
2225,3522,12880,5216,12880,770,262
2222,3522,12881,5216,12881,770,261
2222,3522,12882,5216,12882,770,261
2221,3522,12883,5216,12883,770,261
2221,3522,12884,5216,12884,770,261
2221,3522,12885,5216,12885,770,261
2222,3522,12886,5216,12886,770,261
2223,3522,12887,5216,12887,770,261
2224,3522,12888,5216,12888,770,261
2223,3522,12889,5216,12889,770,261
2223,3522,12890,5216,12890,770,261
2223,3522,12891,5216,12891,770,261
2224,3522,12892,5216,12892,770,261
2225,3522,12893,5216,12893,770,261
2224,3522,12894,5216,12894,770,261
2224,3522,12895,5216,12895,770,261
2225,3522,12896,5216,12896,770,261
2225,3522,12897,5216,12897,770,261
2225,3522,12898,5216,12898,770,261
2225,3522,12899,5216,12899,770,261
2226,3522,12900,5216,12900,770,261
2226,3522,12901,5216,12901,770,261
2226,3522,12902,5216,12902,770,261
2225,3522,12903,5216,12903,770,261
2224,3522,12904,5216,12904,770,261
2225,3522,12905,5216,12905,770,261
2226,3522,12906,5216,12906,770,261
2226,3522,12907,5216,12907,770,261
2226,3522,12908,5216,12908,770,261
2227,3522,12909,5216,12909,770,261
2226,3522,12910,5216,12910,770,261
2225,3522,12911,5216,12911,770,261
2225,3522,12912,5216,12912,770,261
2225,3522,12913,5216,12913,770,261
2224,3522,12914,5216,12914,770,261
2225,3522,12915,5216,12915,770,261
2225,3522,12916,5216,12916,770,261
2225,3522,12917,5216,12917,770,261
2225,3522,12918,5216,12918,770,261
2226,3522,12919,5216,12919,770,261
2226,3522,12920,5216,12920,770,261
2226,3522,12921,5216,12921,770,261
2226,3522,12922,5216,12922,770,261
2226,3522,12923,5216,12923,770,261
2225,3522,12924,5216,12924,770,261
2225,3522,12925,5216,12925,770,261
2224,3522,12926,5216,12926,770,261
2225,3522,12927,5216,12927,770,261
2225,3522,12928,5216,12928,770,261
2226,3522,12929,5216,12929,770,261
2227,3522,12930,5216,12930,770,261
2227,3522,12931,5216,12931,770,261
2225,3522,12932,5216,12932,770,261
2225,3522,12933,5216,12933,770,261
2225,3522,12934,5216,12934,770,261
2226,3522,12935,5216,12935,770,261
2224,3522,12936,5216,12936,770,261
2224,3522,12937,5216,12937,770,261
2225,3522,12938,5216,12938,770,261
2225,3522,12939,5216,12939,770,261
2226,3522,12940,5216,12940,770,261
2226,3522,12941,5216,12941,770,261
2226,3522,12942,5216,12942,770,261
2227,3522,12943,5216,12943,770,261
2227,3522,12944,5216,12944,770,261
2227,3522,12945,5216,12945,770,261
2227,3522,12946,5216,12946,770,261
2225,3522,12947,5216,12947,770,261
2225,3522,12948,5216,12948,770,261
2225,3522,12949,5216,12949,770,261
2225,3522,12950,5216,12950,770,261
2225,3522,12951,5216,12951,770,261
2225,3522,12952,5216,12952,770,261
2225,3522,12953,5216,12953,770,261
2226,3522,12954,5216,12954,770,261
2226,3522,12955,5216,12955,770,261
2226,3522,12956,5216,12956,770,261
2226,3522,12957,5216,12957,770,261
2225,3522,12958,5216,12958,770,261
2225,3522,12959,5216,12959,770,261
2226,3522,12960,5216,12960,770,261
2225,3522,12961,5216,12961,770,261
2226,3522,12962,5216,12962,770,261
2226,3522,12963,5216,12963,770,261
2227,3522,12964,5216,12964,770,261
2227,3522,12965,5216,12965,770,261
2228,3522,12966,5216,12966,770,261
2224,3522,12967,5216,12967,770,261
2223,3522,12968,5216,12968,770,261
2223,3522,12969,5216,12969,770,261
2224,3522,12970,5216,12970,770,261
2224,3522,12971,5216,12971,770,261
2224,3522,12972,5216,12972,770,261
2224,3522,12973,5216,12973,770,261
2222,3522,12974,5216,12974,770,261
2221,3522,12975,5216,12975,770,261
2220,3522,12976,5216,12976,770,261
2220,3522,12977,5216,12977,770,261
2219,3522,12978,5216,12978,770,261
2219,3522,12979,5216,12979,770,261
2219,3522,12980,5216,12980,770,261
2219,3522,12981,5216,12981,770,261
2220,3522,12982,5216,12982,770,261
2219,3522,12983,5216,12983,770,261
2220,3522,12984,5216,12984,770,261
2219,3522,12985,5216,12985,770,261
2219,3522,12986,5216,12986,770,261
2218,3522,12987,5216,12987,770,261
2217,3522,12988,5216,12988,770,261
2218,3522,12989,5216,12989,770,261
2218,3522,12990,5216,12990,770,261
2217,3522,12991,5216,12991,770,261
2216,3522,12992,5216,12992,770,261
2216,3522,12993,5216,12993,770,261
2216,3522,12994,5216,12994,770,261
2216,3522,12995,5216,12995,770,261
2215,3522,12996,5216,12996,770,261
2215,3522,12997,5216,12997,770,261
2215,3522,12998,5216,12998,770,261
2214,3522,12999,5216,12999,770,261
2214,3522,13000,5216,13000,770,261
2214,3522,13001,5216,13001,770,261
2215,3522,13002,5216,13002,770,261
2215,3522,13003,5216,13003,770,261
2212,3522,13004,5216,13004,770,260
2211,3522,13005,5216,13005,770,260
2211,3522,13006,5216,13006,770,260
2210,3522,13007,5216,13007,770,260
2210,3522,13008,5216,13008,770,260
2205,3522,13009,5216,13009,770,259
2206,3522,13010,5216,13010,770,259
2207,3522,13011,5216,13011,770,259
2205,3522,13012,5216,13012,770,257
2205,3522,13013,5216,13013,770,257
2205,3522,13014,5216,13014,770,257
2205,3522,13015,5216,13015,770,257
2204,3522,13016,5216,13016,770,257
2204,3522,13017,5216,13017,770,257
2204,3522,13018,5216,13018,770,257
2203,3522,13019,5216,13019,770,257
2203,3522,13020,5216,13020,770,257
2203,3522,13021,5216,13021,770,257
2203,3522,13022,5216,13022,770,257
2203,3522,13023,5216,13023,770,257
2204,3522,13024,5216,13024,770,257
2201,3522,13025,5216,13025,770,256
2202,3522,13026,5216,13026,770,256
2203,3522,13027,5216,13027,770,256
2203,3522,13028,5216,13028,770,256
2203,3522,13029,5216,13029,770,256
2203,3522,13030,5216,13030,770,256
2204,3522,13031,5216,13031,770,256
2204,3522,13032,5216,13032,770,256
2205,3522,13033,5216,13033,770,256
2205,3522,13034,5216,13034,770,256
2205,3522,13035,5216,13035,770,256
2205,3522,13036,5216,13036,770,256
2206,3522,13037,5216,13037,770,256
2206,3522,13038,5216,13038,770,256
2206,3522,13039,5216,13039,770,256
2203,3522,13040,5216,13040,770,256
2202,3522,13041,5216,13041,770,256
2202,3522,13042,5216,13042,770,256
2201,3522,13043,5216,13043,770,256
2201,3522,13044,5216,13044,770,256
2201,3522,13045,5216,13045,770,256
2202,3522,13046,5216,13046,770,256
2202,3522,13047,5216,13047,770,256
2202,3522,13048,5216,13048,770,256
2202,3522,13049,5216,13049,770,256
2200,3522,13050,5216,13050,770,256
2200,3522,13051,5216,13051,770,256
2200,3522,13052,5216,13052,770,256
2200,3522,13053,5216,13053,770,256
2200,3522,13054,5216,13054,770,256
2200,3522,13055,5216,13055,770,256
2200,3522,13056,5216,13056,770,256
2201,3522,13057,5216,13057,770,256
2199,3522,13058,5216,13058,770,256
2197,3522,13059,5216,13059,770,256
2197,3522,13060,5216,13060,770,256
2197,3522,13061,5216,13061,770,256
2197,3522,13062,5216,13062,770,256
2197,3522,13063,5216,13063,770,256
2198,3522,13064,5216,13064,770,256
2199,3522,13065,5216,13065,770,256
2199,3522,13066,5216,13066,770,256
2198,3522,13067,5216,13067,770,256
2195,3522,13068,5216,13068,770,256
2195,3522,13069,5216,13069,770,256
2195,3522,13070,5216,13070,770,256
2195,3522,13071,5216,13071,770,256
2196,3522,13072,5216,13072,770,256
2196,3522,13073,5216,13073,770,256
2195,3522,13074,5216,13074,770,256
2196,3522,13075,5216,13075,770,256
2196,3522,13076,5216,13076,770,256
2195,3522,13077,5216,13077,770,256
2195,3522,13078,5216,13078,770,256
2195,3522,13079,5216,13079,770,256
2195,3522,13080,5216,13080,770,256
2195,3522,13081,5216,13081,770,256
2195,3522,13082,5216,13082,770,256
2195,3522,13083,5216,13083,770,256
2195,3522,13084,5216,13084,770,256
2195,3522,13085,5216,13085,770,256
2195,3522,13086,5216,13086,770,256
2195,3522,13087,5216,13087,770,256
2195,3522,13088,5216,13088,770,256
2195,3522,13089,5216,13089,770,256
2195,3522,13090,5216,13090,770,256
2195,3522,13091,5216,13091,770,256
2196,3522,13092,5216,13092,770,256
2196,3522,13093,5216,13093,770,256
2196,3522,13094,5216,13094,770,256
2197,3522,13095,5216,13095,770,256
2198,3522,13096,5216,13096,770,256
2198,3522,13097,5216,13097,770,256
2198,3522,13098,5216,13098,770,256
2196,3522,13099,5216,13099,770,256
2197,3522,13100,5216,13100,770,256
2197,3522,13101,5216,13101,770,256
2197,3522,13102,5216,13102,770,256
2198,3522,13103,5216,13103,770,256
2199,3522,13104,5216,13104,770,256
2199,3522,13105,5216,13105,770,256
2200,3522,13106,5216,13106,770,256
2200,3522,13107,5216,13107,770,256
2201,3522,13108,5216,13108,770,256
2200,3522,13109,5216,13109,770,256
2201,3522,13110,5216,13110,770,256
2201,3522,13111,5216,13111,770,256
2201,3522,13112,5216,13112,770,256
2201,3522,13113,5216,13113,770,256
2200,3522,13114,5216,13114,770,256
2201,3522,13115,5216,13115,770,256
2201,3522,13116,5216,13116,770,256
2200,3522,13117,5216,13117,770,256
2200,3522,13118,5216,13118,770,256
2200,3522,13119,5216,13119,770,256
2200,3522,13120,5216,13120,770,256
2200,3522,13121,5216,13121,770,256
2200,3522,13122,5216,13122,770,256
2199,3522,13123,5216,13123,770,256
2199,3522,13124,5216,13124,770,256
2199,3522,13125,5216,13125,770,256
2199,3522,13126,5216,13126,770,256
2199,3522,13127,5216,13127,770,256
2199,3522,13128,5216,13128,770,256
2199,3522,13129,5216,13129,770,256
2199,3522,13130,5216,13130,770,256
2199,3522,13131,5216,13131,770,256
2199,3522,13132,5216,13132,770,256
2197,3522,13133,5216,13133,770,254
2197,3522,13134,5216,13134,770,254
2197,3522,13135,5216,13135,770,254
2197,3522,13136,5216,13136,770,254
2197,3522,13137,5216,13137,770,254
2197,3522,13138,5216,13138,770,254
2197,3522,13139,5216,13139,770,254
2197,3522,13140,5216,13140,770,254
2197,3522,13141,5216,13141,770,254
2197,3522,13142,5216,13142,770,254
2198,3522,13143,5216,13143,770,254
2198,3522,13144,5216,13144,770,254
2198,3522,13145,5216,13145,770,254
2197,3522,13146,5216,13146,770,254
2197,3522,13147,5216,13147,770,254
2197,3522,13148,5216,13148,770,254
2197,3522,13149,5216,13149,770,254
2197,3522,13150,5216,13150,770,254
2197,3522,13151,5216,13151,770,254
2197,3522,13152,5216,13152,770,254
2198,3522,13153,5216,13153,770,254
2198,3522,13154,5216,13154,770,254
2198,3522,13155,5216,13155,770,254
2197,3522,13156,5216,13156,770,254
2196,3522,13157,5216,13157,770,254
2195,3522,13158,5216,13158,770,254
2196,3522,13159,5216,13159,770,254
2196,3522,13160,5216,13160,770,254
2196,3522,13161,5216,13161,770,254
2195,3522,13162,5216,13162,770,254
2195,3522,13163,5216,13163,770,254
2196,3522,13164,5216,13164,770,254
2196,3522,13165,5216,13165,770,254
2194,3522,13166,5216,13166,770,254
2194,3522,13167,5216,13167,770,254
2194,3522,13168,5216,13168,770,254
2195,3522,13169,5216,13169,770,254
2196,3522,13170,5216,13170,770,254
2196,3522,13171,5216,13171,770,254
2196,3522,13172,5216,13172,770,254
2196,3522,13173,5216,13173,770,254
2196,3522,13174,5216,13174,770,254
2195,3522,13175,5216,13175,770,254
2195,3522,13176,5216,13176,770,254
2195,3522,13177,5216,13177,770,254
2195,3522,13178,5216,13178,770,254
2195,3522,13179,5216,13179,770,254
2195,3522,13180,5216,13180,770,254
2195,3522,13181,5216,13181,770,254
2196,3522,13182,5216,13182,770,254
2195,3522,13183,5216,13183,770,254
2194,3522,13184,5216,13184,770,253
2195,3522,13185,5216,13185,770,253
2195,3522,13186,5216,13186,770,253
2195,3522,13187,5216,13187,770,253
2195,3522,13188,5216,13188,770,253
2194,3522,13189,5216,13189,770,253
2194,3522,13190,5216,13190,770,253
2194,3522,13191,5216,13191,770,253
2192,3522,13192,5216,13192,770,253
2192,3522,13193,5216,13193,770,253
2192,3522,13194,5216,13194,770,253
2191,3522,13195,5216,13195,770,253
2190,3522,13196,5216,13196,770,253
2190,3522,13197,5216,13197,770,253
2190,3522,13198,5216,13198,770,253
2190,3522,13199,5216,13199,770,253
2190,3522,13200,5216,13200,770,253
2190,3522,13201,5216,13201,770,253
2190,3522,13202,5216,13202,770,253
2190,3522,13203,5216,13203,770,253
2189,3522,13204,5216,13204,770,253
2188,3522,13205,5216,13205,770,253
2188,3522,13206,5216,13206,770,253
2187,3522,13207,5216,13207,770,253
2187,3522,13208,5216,13208,770,253
2187,3522,13209,5216,13209,770,253
2186,3522,13210,5216,13210,770,253
2186,3522,13211,5216,13211,770,253
2187,3522,13212,5216,13212,770,253
2187,3522,13213,5216,13213,770,253
2186,3522,13214,5216,13214,770,253
2186,3522,13215,5216,13215,770,253
2186,3522,13216,5216,13216,770,253
2187,3522,13217,5216,13217,770,253
2188,3522,13218,5216,13218,770,253
2189,3522,13219,5216,13219,770,253
2190,3522,13220,5216,13220,770,253
2190,3522,13221,5216,13221,770,253
2190,3522,13222,5216,13222,770,253
2190,3522,13223,5216,13223,770,253
2190,3522,13224,5216,13224,770,253
2190,3522,13225,5216,13225,770,253
2190,3522,13226,5216,13226,770,253
2191,3522,13227,5216,13227,770,253
2192,3522,13228,5216,13228,770,253
2192,3522,13229,5216,13229,770,253
2191,3522,13230,5216,13230,770,253
2191,3522,13231,5216,13231,770,253
2192,3522,13232,5216,13232,770,253
2192,3522,13233,5216,13233,770,253
2192,3522,13234,5216,13234,770,253
2192,3522,13235,5216,13235,770,253
2192,3522,13236,5216,13236,770,253
2193,3522,13237,5216,13237,770,253
2193,3522,13238,5216,13238,770,253
2191,3522,13239,5216,13239,770,251
2191,3522,13240,5216,13240,770,251
2191,3522,13241,5216,13241,770,251
2191,3522,13242,5216,13242,770,251
2191,3522,13243,5216,13243,770,251
2191,3522,13244,5216,13244,770,251
2192,3522,13245,5216,13245,770,251
2192,3522,13246,5216,13246,770,251
2192,3522,13247,5216,13247,770,251
2192,3522,13248,5216,13248,770,251
2192,3522,13249,5216,13249,770,251
2191,3522,13250,5216,13250,770,251
2192,3522,13251,5216,13251,770,251
2192,3522,13252,5216,13252,770,251
2192,3522,13253,5216,13253,770,251
2192,3522,13254,5216,13254,770,251
2192,3522,13255,5216,13255,770,251
2192,3522,13256,5216,13256,770,251
2192,3522,13257,5216,13257,770,251
2192,3522,13258,5216,13258,770,251
2192,3522,13259,5216,13259,770,251
2191,3522,13260,5216,13260,770,251
2191,3522,13261,5216,13261,770,251
2190,3522,13262,5216,13262,770,251
2190,3522,13263,5216,13263,770,251
2189,3522,13264,5216,13264,770,251
2190,3522,13265,5216,13265,770,251
2189,3522,13266,5216,13266,770,251
2189,3522,13267,5216,13267,770,251
2188,3522,13268,5216,13268,770,251
2187,3522,13269,5216,13269,770,251
2187,3522,13270,5216,13270,770,251
2187,3522,13271,5216,13271,770,251
2187,3522,13272,5216,13272,770,251
2187,3522,13273,5216,13273,770,251
2184,3522,13274,5216,13274,770,251
2184,3522,13275,5216,13275,770,251
2185,3522,13276,5216,13276,770,251
2185,3522,13277,5216,13277,770,251
2185,3522,13278,5216,13278,770,251
2185,3522,13279,5216,13279,770,251
2184,3522,13280,5216,13280,770,251
2183,3522,13281,5216,13281,770,251
2181,3522,13282,5216,13282,770,251
2181,3522,13283,5216,13283,770,251
2181,3522,13284,5216,13284,770,251
2181,3522,13285,5216,13285,770,251
2181,3522,13286,5216,13286,770,251
2181,3522,13287,5216,13287,770,251
2181,3522,13288,5216,13288,770,251
2181,3522,13289,5216,13289,770,251
2181,3522,13290,5216,13290,770,251
2182,3522,13291,5216,13291,770,251
2179,3522,13292,5216,13292,770,250
2178,3522,13293,5216,13293,770,250
2177,3522,13294,5216,13294,770,250
2177,3522,13295,5216,13295,770,250
2175,3522,13296,5216,13296,770,250
2171,3522,13297,5216,13297,770,248
2171,3522,13298,5216,13298,770,248
2171,3522,13299,5216,13299,770,248
2170,3522,13300,5216,13300,770,248
2170,3522,13301,5216,13301,770,248
2170,3522,13302,5216,13302,770,248
2169,3522,13303,5216,13303,770,248
2169,3522,13304,5216,13304,770,248
2170,3522,13305,5216,13305,770,248
2170,3522,13306,5216,13306,770,248
2171,3522,13307,5216,13307,770,248
2172,3522,13308,5216,13308,770,248
2172,3522,13309,5216,13309,770,248
2171,3522,13310,5216,13310,770,248
2171,3522,13311,5216,13311,770,248
2172,3522,13312,5216,13312,770,248
2172,3522,13313,5216,13313,770,248
2173,3522,13314,5216,13314,770,248
2174,3522,13315,5216,13315,770,248
2174,3522,13316,5216,13316,770,248
2174,3522,13317,5216,13317,770,248
2173,3522,13318,5216,13318,770,248
2173,3522,13319,5216,13319,770,248
2173,3522,13320,5216,13320,770,248
2172,3522,13321,5216,13321,770,248
2173,3522,13322,5216,13322,770,248
2174,3522,13323,5216,13323,770,248
2175,3522,13324,5216,13324,770,248
2175,3522,13325,5216,13325,770,248
2175,3522,13326,5216,13326,770,248
2176,3522,13327,5216,13327,770,248
2176,3522,13328,5216,13328,770,248
2176,3522,13329,5216,13329,770,248
2176,3522,13330,5216,13330,770,248
2177,3522,13331,5216,13331,770,248
2177,3522,13332,5216,13332,770,248
2178,3522,13333,5216,13333,770,248
2178,3522,13334,5216,13334,770,248
2178,3522,13335,5216,13335,770,248
2177,3522,13336,5216,13336,770,248
2176,3522,13337,5216,13337,770,248
2176,3522,13338,5216,13338,770,248
2176,3522,13339,5216,13339,770,248
2176,3522,13340,5216,13340,770,248
2176,3522,13341,5216,13341,770,248
2176,3522,13342,5216,13342,770,248
2177,3522,13343,5216,13343,770,248
2177,3522,13344,5216,13344,770,248
2177,3522,13345,5216,13345,770,248
2177,3522,13346,5216,13346,770,248
2178,3522,13347,5216,13347,770,248
2178,3522,13348,5216,13348,770,248
2179,3522,13349,5216,13349,770,248
2179,3522,13350,5216,13350,770,248
2179,3522,13351,5216,13351,770,248
2179,3522,13352,5216,13352,770,248
2179,3522,13353,5216,13353,770,248
2179,3522,13354,5216,13354,770,248
2179,3522,13355,5216,13355,770,248
2178,3522,13356,5216,13356,770,248
2178,3522,13357,5216,13357,770,248
2178,3522,13358,5216,13358,770,248
2178,3522,13359,5216,13359,770,248
2178,3522,13360,5216,13360,770,248
2177,3522,13361,5216,13361,770,248
2177,3522,13362,5216,13362,770,248
2178,3522,13363,5216,13363,770,248
2178,3522,13364,5216,13364,770,248
2179,3522,13365,5216,13365,770,248
2179,3522,13366,5216,13366,770,248
2178,3522,13367,5216,13367,770,247
2177,3522,13368,5216,13368,770,247
2177,3522,13369,5216,13369,770,247
2177,3522,13370,5216,13370,770,247
2177,3522,13371,5216,13371,770,247
2177,3522,13372,5216,13372,770,247
2176,3522,13373,5216,13373,770,247
2175,3522,13374,5216,13374,770,246
2174,3522,13375,5216,13375,770,246
2174,3522,13376,5216,13376,770,246
2174,3522,13377,5216,13377,770,246
2173,3522,13378,5216,13378,770,246
2173,3522,13379,5216,13379,770,246
2173,3522,13380,5216,13380,770,246
2173,3522,13381,5216,13381,770,246
2173,3522,13382,5216,13382,770,246
2174,3522,13383,5216,13383,770,246
2174,3522,13384,5216,13384,770,246
2174,3522,13385,5216,13385,770,246
2174,3522,13386,5216,13386,770,246
2174,3522,13387,5216,13387,770,246
2173,3522,13388,5216,13388,770,246
2173,3522,13389,5216,13389,770,246
2174,3522,13390,5216,13390,770,246
2174,3522,13391,5216,13391,770,246
2174,3522,13392,5216,13392,770,246
2174,3522,13393,5216,13393,770,246
2171,3522,13394,5216,13394,770,245
2171,3522,13395,5216,13395,770,245
2171,3522,13396,5216,13396,770,245
2171,3522,13397,5216,13397,770,245
2170,3522,13398,5216,13398,770,244
2171,3522,13399,5216,13399,770,244
2171,3522,13400,5216,13400,770,244
2170,3522,13401,5216,13401,770,244
2171,3522,13402,5216,13402,770,244
2171,3522,13403,5216,13403,770,244
2171,3522,13404,5216,13404,770,244
2171,3522,13405,5216,13405,770,244
2169,3522,13406,5216,13406,770,244
2169,3522,13407,5216,13407,770,244
2169,3522,13408,5216,13408,770,244
2169,3522,13409,5216,13409,770,244
2169,3522,13410,5216,13410,770,244
2168,3522,13411,5216,13411,770,244
2169,3522,13412,5216,13412,770,244
2168,3522,13413,5216,13413,770,244
2166,3522,13414,5216,13414,770,243
2165,3522,13415,5216,13415,770,243
2164,3522,13416,5216,13416,770,243
2164,3522,13417,5216,13417,770,243
2164,3522,13418,5216,13418,770,243
2160,3522,13419,5216,13419,770,241
2160,3522,13420,5216,13420,770,241
2160,3522,13421,5216,13421,770,241
2161,3522,13422,5216,13422,770,241
2162,3522,13423,5216,13423,770,241
2162,3522,13424,5216,13424,770,241
2162,3522,13425,5216,13425,770,241
2162,3522,13426,5216,13426,770,241
2163,3522,13427,5216,13427,770,241
2163,3522,13428,5216,13428,770,241
2163,3522,13429,5216,13429,770,241
2162,3522,13430,5216,13430,770,241
2162,3522,13431,5216,13431,770,241
2162,3522,13432,5216,13432,770,241
2162,3522,13433,5216,13433,770,241
2162,3522,13434,5216,13434,770,241
2162,3522,13435,5216,13435,770,241
2162,3522,13436,5216,13436,770,241
2162,3522,13437,5216,13437,770,241
2162,3522,13438,5216,13438,770,241
2163,3522,13439,5216,13439,770,241
2162,3522,13440,5216,13440,770,241
2162,3522,13441,5216,13441,770,241
2162,3522,13442,5216,13442,770,241
2162,3522,13443,5216,13443,770,241
2159,3522,13444,5216,13444,770,241
2159,3522,13445,5216,13445,770,241
2159,3522,13446,5216,13446,770,241
2158,3522,13447,5216,13447,770,241
2158,3522,13448,5216,13448,770,241
2158,3522,13449,5216,13449,770,241
2159,3522,13450,5216,13450,770,241
2159,3522,13451,5216,13451,770,241
2160,3522,13452,5216,13452,770,241
2160,3522,13453,5216,13453,770,241
2159,3522,13454,5216,13454,770,241
2159,3522,13455,5216,13455,770,241
2159,3522,13456,5216,13456,770,241
2159,3522,13457,5216,13457,770,241
2159,3522,13458,5216,13458,770,241
2160,3522,13459,5216,13459,770,241
2160,3522,13460,5216,13460,770,241
2160,3522,13461,5216,13461,770,241
2160,3522,13462,5216,13462,770,241
2159,3522,13463,5216,13463,770,241
2159,3522,13464,5216,13464,770,241
2159,3522,13465,5216,13465,770,241
2158,3522,13466,5216,13466,770,241
2159,3522,13467,5216,13467,770,241
2159,3522,13468,5216,13468,770,241
2159,3522,13469,5216,13469,770,241
2159,3522,13470,5216,13470,770,241
2158,3522,13471,5216,13471,770,241
2156,3522,13472,5216,13472,770,241
2156,3522,13473,5216,13473,770,241
2155,3522,13474,5216,13474,770,241
2155,3522,13475,5216,13475,770,241
2156,3522,13476,5216,13476,770,241
2154,3522,13477,5216,13477,770,241
2155,3522,13478,5216,13478,770,241
2156,3522,13479,5216,13479,770,241
2156,3522,13480,5216,13480,770,241
2156,3522,13481,5216,13481,770,241
2157,3522,13482,5216,13482,770,241
2157,3522,13483,5216,13483,770,241
2157,3522,13484,5216,13484,770,241
2157,3522,13485,5216,13485,770,241
2158,3522,13486,5216,13486,770,241
2157,3522,13487,5216,13487,770,241
2157,3522,13488,5216,13488,770,241
2157,3522,13489,5216,13489,770,241
2157,3522,13490,5216,13490,770,241
2158,3522,13491,5216,13491,770,241
2156,3522,13492,5216,13492,770,241
2156,3522,13493,5216,13493,770,241
2156,3522,13494,5216,13494,770,241
2156,3522,13495,5216,13495,770,241
2155,3522,13496,5216,13496,770,241
2153,3522,13497,5216,13497,770,241
2153,3522,13498,5216,13498,770,241
2152,3522,13499,5216,13499,770,241
2152,3522,13500,5216,13500,770,241
2153,3522,13501,5216,13501,770,241
2153,3522,13502,5216,13502,770,241
2152,3522,13503,5216,13503,770,241
2152,3522,13504,5216,13504,770,241
2152,3522,13505,5216,13505,770,241
2152,3522,13506,5216,13506,770,241
2152,3522,13507,5216,13507,770,241
2152,3522,13508,5216,13508,770,241
2152,3522,13509,5216,13509,770,241
2153,3522,13510,5216,13510,770,241
2153,3522,13511,5216,13511,770,241
2153,3522,13512,5216,13512,770,241
2153,3522,13513,5216,13513,770,241
2153,3522,13514,5216,13514,770,241
2153,3522,13515,5216,13515,770,241
2154,3522,13516,5216,13516,770,241
2153,3522,13517,5216,13517,770,241
2153,3522,13518,5216,13518,770,241
2153,3522,13519,5216,13519,770,241
2153,3522,13520,5216,13520,770,241
2152,3522,13521,5216,13521,770,241
2152,3522,13522,5216,13522,770,241
2152,3522,13523,5216,13523,770,241
2153,3522,13524,5216,13524,770,241
2151,3522,13525,5216,13525,770,241
2150,3522,13526,5216,13526,770,241
2150,3522,13527,5216,13527,770,241
2149,3522,13528,5216,13528,770,241
2149,3522,13529,5216,13529,770,241
2149,3522,13530,5216,13530,770,241
2149,3522,13531,5216,13531,770,241
2149,3522,13532,5216,13532,770,241
2149,3522,13533,5216,13533,770,241
2149,3522,13534,5216,13534,770,241
2149,3522,13535,5216,13535,770,241
2150,3522,13536,5216,13536,770,241
2150,3522,13537,5216,13537,770,241
2150,3522,13538,5216,13538,770,241
2151,3522,13539,5216,13539,770,241
2150,3522,13540,5216,13540,770,241
2149,3522,13541,5216,13541,770,241
2150,3522,13542,5216,13542,770,241
2150,3522,13543,5216,13543,770,241
2150,3522,13544,5216,13544,770,241
2150,3522,13545,5216,13545,770,241
2151,3522,13546,5216,13546,770,241
2150,3522,13547,5216,13547,770,241
2150,3522,13548,5216,13548,770,241
2151,3522,13549,5216,13549,770,241
2150,3522,13550,5216,13550,770,241
2150,3522,13551,5216,13551,770,241
2151,3522,13552,5216,13552,770,241
2151,3522,13553,5216,13553,770,241
2151,3522,13554,5216,13554,770,241
2149,3522,13555,5216,13555,770,241
2149,3522,13556,5216,13556,770,241
2149,3522,13557,5216,13557,770,241
2149,3522,13558,5216,13558,770,241
2150,3522,13559,5216,13559,770,241
2150,3522,13560,5216,13560,770,241
2149,3522,13561,5216,13561,770,241
2150,3522,13562,5216,13562,770,241
2150,3522,13563,5216,13563,770,241
2150,3522,13564,5216,13564,770,241
2150,3522,13565,5216,13565,770,241
2151,3522,13566,5216,13566,770,241
2151,3522,13567,5216,13567,770,241
2150,3522,13568,5216,13568,770,240
2151,3522,13569,5216,13569,770,240
2152,3522,13570,5216,13570,770,240
2148,3522,13571,5216,13571,770,239
2147,3522,13572,5216,13572,770,239
2147,3522,13573,5216,13573,770,239
2147,3522,13574,5216,13574,770,239
2148,3522,13575,5216,13575,770,239
2147,3522,13576,5216,13576,770,239
2148,3522,13577,5216,13577,770,239
2148,3522,13578,5216,13578,770,239
2149,3522,13579,5216,13579,770,239
2148,3522,13580,5216,13580,770,239
2148,3522,13581,5216,13581,770,239
2148,3522,13582,5216,13582,770,239
2148,3522,13583,5216,13583,770,239
2148,3522,13584,5216,13584,770,239
2148,3522,13585,5216,13585,770,239
2149,3522,13586,5216,13586,770,239
2150,3522,13587,5216,13587,770,239
2150,3522,13588,5216,13588,770,239
2151,3522,13589,5216,13589,770,239
2152,3522,13590,5216,13590,770,239
2152,3522,13591,5216,13591,770,239
2152,3522,13592,5216,13592,770,239
2152,3522,13593,5216,13593,770,239
2149,3522,13594,5216,13594,770,239
2149,3522,13595,5216,13595,770,239
2149,3522,13596,5216,13596,770,239
2148,3522,13597,5216,13597,770,239
2148,3522,13598,5216,13598,770,239
2149,3522,13599,5216,13599,770,239
2149,3522,13600,5216,13600,770,239
2148,3522,13601,5216,13601,770,239
2149,3522,13602,5216,13602,770,239
2149,3522,13603,5216,13603,770,239
2149,3522,13604,5216,13604,770,239
2149,3522,13605,5216,13605,770,239
2149,3522,13606,5216,13606,770,239
2148,3522,13607,5216,13607,770,239
2147,3522,13608,5216,13608,770,239
2148,3522,13609,5216,13609,770,239
2148,3522,13610,5216,13610,770,239
2148,3522,13611,5216,13611,770,239
2147,3522,13612,5216,13612,770,239
2145,3522,13613,5216,13613,770,239
2145,3522,13614,5216,13614,770,239
2145,3522,13615,5216,13615,770,239
2145,3522,13616,5216,13616,770,239
2145,3522,13617,5216,13617,770,239
2146,3522,13618,5216,13618,770,239
2146,3522,13619,5216,13619,770,239
2147,3522,13620,5216,13620,770,239
2147,3522,13621,5216,13621,770,239
2147,3522,13622,5216,13622,770,239
2147,3522,13623,5216,13623,770,239
2145,3522,13624,5216,13624,770,239
2145,3522,13625,5216,13625,770,239
2146,3522,13626,5216,13626,770,239
2147,3522,13627,5216,13627,770,239
2148,3522,13628,5216,13628,770,239
2149,3522,13629,5216,13629,770,239
2149,3522,13630,5216,13630,770,239
2148,3522,13631,5216,13631,770,239
2148,3522,13632,5216,13632,770,239
2149,3522,13633,5216,13633,770,239
2149,3522,13634,5216,13634,770,239
2149,3522,13635,5216,13635,770,239
2149,3522,13636,5216,13636,770,239
2148,3522,13637,5216,13637,770,239
2148,3522,13638,5216,13638,770,239
2148,3522,13639,5216,13639,770,239
2149,3522,13640,5216,13640,770,239
2149,3522,13641,5216,13641,770,239
2149,3522,13642,5216,13642,770,239
2150,3522,13643,5216,13643,770,239
2151,3522,13644,5216,13644,770,239
2151,3522,13645,5216,13645,770,239
2151,3522,13646,5216,13646,770,239
2151,3522,13647,5216,13647,770,239
2152,3522,13648,5216,13648,770,239
2153,3522,13649,5216,13649,770,239
2153,3522,13650,5216,13650,770,239
2153,3522,13651,5216,13651,770,239
2153,3522,13652,5216,13652,770,239
2154,3522,13653,5216,13653,770,239
2154,3522,13654,5216,13654,770,239
2155,3522,13655,5216,13655,770,239
2155,3522,13656,5216,13656,770,239
2155,3522,13657,5216,13657,770,239
2155,3522,13658,5216,13658,770,239
2155,3522,13659,5216,13659,770,239
2155,3522,13660,5216,13660,770,239
2155,3522,13661,5216,13661,770,239
2155,3522,13662,5216,13662,770,239
2155,3522,13663,5216,13663,770,239
2155,3522,13664,5216,13664,770,239
2151,3522,13665,5216,13665,770,237
2150,3522,13666,5216,13666,770,237
2150,3522,13667,5216,13667,770,237
2150,3522,13668,5216,13668,770,237
2150,3522,13669,5216,13669,770,237
2150,3522,13670,5216,13670,770,237
2149,3522,13671,5216,13671,770,237
2149,3522,13672,5216,13672,770,237
2149,3522,13673,5216,13673,770,237
2149,3522,13674,5216,13674,770,237
2149,3522,13675,5216,13675,770,237
2149,3522,13676,5216,13676,770,237
2149,3522,13677,5216,13677,770,237
2149,3522,13678,5216,13678,770,237
2148,3522,13679,5216,13679,770,237
2149,3522,13680,5216,13680,770,237
2149,3522,13681,5216,13681,770,237
2149,3522,13682,5216,13682,770,237
2149,3522,13683,5216,13683,770,237
2150,3522,13684,5216,13684,770,237
2150,3522,13685,5216,13685,770,237
2151,3522,13686,5216,13686,770,237
2150,3522,13687,5216,13687,770,237
2151,3522,13688,5216,13688,770,237
2151,3522,13689,5216,13689,770,237
2151,3522,13690,5216,13690,770,237
2151,3522,13691,5216,13691,770,237
2150,3522,13692,5216,13692,770,237
2150,3522,13693,5216,13693,770,237
2150,3522,13694,5216,13694,770,237
2149,3522,13695,5216,13695,770,237
2148,3522,13696,5216,13696,770,237
2148,3522,13697,5216,13697,770,237
2149,3522,13698,5216,13698,770,237
2149,3522,13699,5216,13699,770,237
2150,3522,13700,5216,13700,770,237
2150,3522,13701,5216,13701,770,237
2150,3522,13702,5216,13702,770,237
2151,3522,13703,5216,13703,770,237
2151,3522,13704,5216,13704,770,237
2149,3522,13705,5216,13705,770,236
2149,3522,13706,5216,13706,770,236
2149,3522,13707,5216,13707,770,236
2149,3522,13708,5216,13708,770,236
2149,3522,13709,5216,13709,770,236
2150,3522,13710,5216,13710,770,236
2150,3522,13711,5216,13711,770,236
2149,3522,13712,5216,13712,770,236
2149,3522,13713,5216,13713,770,236
2149,3522,13714,5216,13714,770,236
2150,3522,13715,5216,13715,770,236
2150,3522,13716,5216,13716,770,236
2150,3522,13717,5216,13717,770,236
2150,3522,13718,5216,13718,770,236
2151,3522,13719,5216,13719,770,236
2151,3522,13720,5216,13720,770,236
2152,3522,13721,5216,13721,770,236
2151,3522,13722,5216,13722,770,236
2151,3522,13723,5216,13723,770,236
2149,3522,13724,5216,13724,770,236
2150,3522,13725,5216,13725,770,236
2150,3522,13726,5216,13726,770,236
2150,3522,13727,5216,13727,770,236
2150,3522,13728,5216,13728,770,236
2150,3522,13729,5216,13729,770,236
2150,3522,13730,5216,13730,770,236
2148,3522,13731,5216,13731,770,235
2147,3522,13732,5216,13732,770,235
2148,3522,13733,5216,13733,770,235
2148,3522,13734,5216,13734,770,235
2147,3522,13735,5216,13735,770,235
2146,3522,13736,5216,13736,770,235
2146,3522,13737,5216,13737,770,235
2146,3522,13738,5216,13738,770,235
2146,3522,13739,5216,13739,770,235
2147,3522,13740,5216,13740,770,235
2148,3522,13741,5216,13741,770,235
2148,3522,13742,5216,13742,770,235
2148,3522,13743,5216,13743,770,235
2147,3522,13744,5216,13744,770,235
2147,3522,13745,5216,13745,770,235
2147,3522,13746,5216,13746,770,235
2147,3522,13747,5216,13747,770,235
2148,3522,13748,5216,13748,770,235
2148,3522,13749,5216,13749,770,235
2148,3522,13750,5216,13750,770,235
2148,3522,13751,5216,13751,770,235
2148,3522,13752,5216,13752,770,235
2148,3522,13753,5216,13753,770,235
2146,3522,13754,5216,13754,770,235
2146,3522,13755,5216,13755,770,235
2146,3522,13756,5216,13756,770,235
2145,3522,13757,5216,13757,770,235
2145,3522,13758,5216,13758,770,235
2145,3522,13759,5216,13759,770,235
2144,3522,13760,5216,13760,770,234
2144,3522,13761,5216,13761,770,234
2144,3522,13762,5216,13762,770,234
2142,3522,13763,5216,13763,770,233
2142,3522,13764,5216,13764,770,233
2142,3522,13765,5216,13765,770,233
2142,3522,13766,5216,13766,770,233
2141,3522,13767,5216,13767,770,233
2142,3522,13768,5216,13768,770,233
2142,3522,13769,5216,13769,770,233
2142,3522,13770,5216,13770,770,233
2142,3522,13771,5216,13771,770,233
2142,3522,13772,5216,13772,770,233
2143,3522,13773,5216,13773,770,233
2142,3522,13774,5216,13774,770,233
2142,3522,13775,5216,13775,770,233
2142,3522,13776,5216,13776,770,233
2142,3522,13777,5216,13777,770,233
2142,3522,13778,5216,13778,770,233
2142,3522,13779,5216,13779,770,233
2142,3522,13780,5216,13780,770,233
2143,3522,13781,5216,13781,770,233
2143,3522,13782,5216,13782,770,233
2143,3522,13783,5216,13783,770,233
2143,3522,13784,5216,13784,770,233
2144,3522,13785,5216,13785,770,233
2144,3522,13786,5216,13786,770,233
2144,3522,13787,5216,13787,770,233
2145,3522,13788,5216,13788,770,233
2145,3522,13789,5216,13789,770,233
2144,3522,13790,5216,13790,770,233
2144,3522,13791,5216,13791,770,233
2141,3522,13792,5216,13792,770,233
2142,3522,13793,5216,13793,770,233
2141,3522,13794,5216,13794,770,233
2142,3522,13795,5216,13795,770,233
2141,3522,13796,5216,13796,770,233
2142,3522,13797,5216,13797,770,233
2143,3522,13798,5216,13798,770,233
2144,3522,13799,5216,13799,770,233
2144,3522,13800,5216,13800,770,233
2145,3522,13801,5216,13801,770,233
2145,3522,13802,5216,13802,770,233
2146,3522,13803,5216,13803,770,233
2147,3522,13804,5216,13804,770,233
2147,3522,13805,5216,13805,770,233
2148,3522,13806,5216,13806,770,233
2148,3522,13807,5216,13807,770,233
2148,3522,13808,5216,13808,770,233
2148,3522,13809,5216,13809,770,233
2148,3522,13810,5216,13810,770,233
2149,3522,13811,5216,13811,770,233
2149,3522,13812,5216,13812,770,233
2149,3522,13813,5216,13813,770,233
2149,3522,13814,5216,13814,770,233
2149,3522,13815,5216,13815,770,233
2149,3522,13816,5216,13816,770,233
2150,3522,13817,5216,13817,770,233
2151,3522,13818,5216,13818,770,233
2151,3522,13819,5216,13819,770,233
2152,3522,13820,5216,13820,770,233
2152,3522,13821,5216,13821,770,233
2152,3522,13822,5216,13822,770,233
2152,3522,13823,5216,13823,770,233
2153,3522,13824,5216,13824,770,233
2154,3522,13825,5216,13825,770,233
2154,3522,13826,5216,13826,770,233
2154,3522,13827,5216,13827,770,233
2154,3522,13828,5216,13828,770,233
2155,3522,13829,5216,13829,770,233
2155,3522,13830,5216,13830,770,233
2155,3522,13831,5216,13831,770,233
2156,3522,13832,5216,13832,770,233
2156,3522,13833,5216,13833,770,233
2156,3522,13834,5216,13834,770,233
2156,3522,13835,5216,13835,770,233
2156,3522,13836,5216,13836,770,233
2155,3522,13837,5216,13837,770,233
2155,3522,13838,5216,13838,770,233
2156,3522,13839,5216,13839,770,233
2156,3522,13840,5216,13840,770,233
2156,3522,13841,5216,13841,770,233
2157,3522,13842,5216,13842,770,233
2157,3522,13843,5216,13843,770,233
2158,3522,13844,5216,13844,770,233
2158,3522,13845,5216,13845,770,233
2158,3522,13846,5216,13846,770,233
2158,3522,13847,5216,13847,770,233
2158,3522,13848,5216,13848,770,233
2157,3522,13849,5216,13849,770,233
2156,3522,13850,5216,13850,770,233
2157,3522,13851,5216,13851,770,233
2156,3522,13852,5216,13852,770,233
2155,3522,13853,5216,13853,770,233
2154,3522,13854,5216,13854,770,233
2154,3522,13855,5216,13855,770,233
2155,3522,13856,5216,13856,770,233
2153,3522,13857,5216,13857,770,233
2154,3522,13858,5216,13858,770,233
2155,3522,13859,5216,13859,770,233
2153,3522,13860,5216,13860,770,233
2151,3522,13861,5216,13861,770,233
2152,3522,13862,5216,13862,770,233
2152,3522,13863,5216,13863,770,233
2151,3522,13864,5216,13864,770,233
2151,3522,13865,5216,13865,770,233
2151,3522,13866,5216,13866,770,233
2151,3522,13867,5216,13867,770,233
2150,3522,13868,5216,13868,770,233
2150,3522,13869,5216,13869,770,233
2149,3522,13870,5216,13870,770,233
2149,3522,13871,5216,13871,770,233
2147,3522,13872,5216,13872,770,233
2146,3522,13873,5216,13873,770,233
2144,3522,13874,5216,13874,770,233
2143,3522,13875,5216,13875,770,233
2143,3522,13876,5216,13876,770,233
2143,3522,13877,5216,13877,770,233
2143,3522,13878,5216,13878,770,233
2143,3522,13879,5216,13879,770,233
2144,3522,13880,5216,13880,770,233
2144,3522,13881,5216,13881,770,233
2144,3522,13882,5216,13882,770,233
2144,3522,13883,5216,13883,770,233
2145,3522,13884,5216,13884,770,233
2145,3522,13885,5216,13885,770,233
2145,3522,13886,5216,13886,770,233
2145,3522,13887,5216,13887,770,233
2145,3522,13888,5216,13888,770,233
2146,3522,13889,5216,13889,770,233
2146,3522,13890,5216,13890,770,233
2146,3522,13891,5216,13891,770,233
2146,3522,13892,5216,13892,770,233
2145,3522,13893,5216,13893,770,233
2144,3522,13894,5216,13894,770,233
2144,3522,13895,5216,13895,770,233
2144,3522,13896,5216,13896,770,233
2143,3522,13897,5216,13897,770,233
2144,3522,13898,5216,13898,770,233
2143,3522,13899,5216,13899,770,233
2143,3522,13900,5216,13900,770,233
2143,3522,13901,5216,13901,770,233
2143,3522,13902,5216,13902,770,233
2142,3522,13903,5216,13903,770,233
2142,3522,13904,5216,13904,770,233
2142,3522,13905,5216,13905,770,233
2143,3522,13906,5216,13906,770,233
2143,3522,13907,5216,13907,770,233
2143,3522,13908,5216,13908,770,233
2144,3522,13909,5216,13909,770,233
2144,3522,13910,5216,13910,770,233
2144,3522,13911,5216,13911,770,233
2145,3522,13912,5216,13912,770,233
2145,3522,13913,5216,13913,770,233
2145,3522,13914,5216,13914,770,233
2145,3522,13915,5216,13915,770,233
2144,3522,13916,5216,13916,770,233
2145,3522,13917,5216,13917,770,233
2144,3522,13918,5216,13918,770,232
2145,3522,13919,5216,13919,770,232
2144,3522,13920,5216,13920,770,232
2144,3522,13921,5216,13921,770,232
2144,3522,13922,5216,13922,770,232
2143,3522,13923,5216,13923,770,232
2144,3522,13924,5216,13924,770,232
2145,3522,13925,5216,13925,770,232
2144,3522,13926,5216,13926,770,232
2145,3522,13927,5216,13927,770,232
2145,3522,13928,5216,13928,770,232
2144,3522,13929,5216,13929,770,232
2144,3522,13930,5216,13930,770,232
2144,3522,13931,5216,13931,770,232
2144,3522,13932,5216,13932,770,232
2144,3522,13933,5216,13933,770,232
2145,3522,13934,5216,13934,770,232
2146,3522,13935,5216,13935,770,232
2147,3522,13936,5216,13936,770,232
2147,3522,13937,5216,13937,770,232
2147,3522,13938,5216,13938,770,232
2147,3522,13939,5216,13939,770,232
2148,3522,13940,5216,13940,770,232
2148,3522,13941,5216,13941,770,232
2148,3522,13942,5216,13942,770,232
2148,3522,13943,5216,13943,770,232
2147,3522,13944,5216,13944,770,231
2148,3522,13945,5216,13945,770,231
2149,3522,13946,5216,13946,770,231
2149,3522,13947,5216,13947,770,231
2149,3522,13948,5216,13948,770,231
2149,3522,13949,5216,13949,770,231
2150,3522,13950,5216,13950,770,231
2150,3522,13951,5216,13951,770,231
2151,3522,13952,5216,13952,770,231
2152,3522,13953,5216,13953,770,231
2152,3522,13954,5216,13954,770,231
2150,3522,13955,5216,13955,770,231
2150,3522,13956,5216,13956,770,231
2150,3522,13957,5216,13957,770,231
2150,3522,13958,5216,13958,770,231
2150,3522,13959,5216,13959,770,231
2151,3522,13960,5216,13960,770,231
2152,3522,13961,5216,13961,770,231
2153,3522,13962,5216,13962,770,231
2152,3522,13963,5216,13963,770,231
2151,3522,13964,5216,13964,770,231
2151,3522,13965,5216,13965,770,231
2151,3522,13966,5216,13966,770,231
2150,3522,13967,5216,13967,770,231
2150,3522,13968,5216,13968,770,231
2149,3522,13969,5216,13969,770,231
2149,3522,13970,5216,13970,770,231
2148,3522,13971,5216,13971,770,231
2148,3522,13972,5216,13972,770,231
2149,3522,13973,5216,13973,770,231
2149,3522,13974,5216,13974,770,231
2149,3522,13975,5216,13975,770,231
2149,3522,13976,5216,13976,770,231
2149,3522,13977,5216,13977,770,231
2149,3522,13978,5216,13978,770,231
2149,3522,13979,5216,13979,770,231
2149,3522,13980,5216,13980,770,231
2149,3522,13981,5216,13981,770,231
2149,3522,13982,5216,13982,770,231
2148,3522,13983,5216,13983,770,231
2148,3522,13984,5216,13984,770,231
2148,3522,13985,5216,13985,770,231
2148,3522,13986,5216,13986,770,231
2149,3522,13987,5216,13987,770,231
2150,3522,13988,5216,13988,770,231
2150,3522,13989,5216,13989,770,231
2150,3522,13990,5216,13990,770,231
2150,3522,13991,5216,13991,770,231
2150,3522,13992,5216,13992,770,231
2150,3522,13993,5216,13993,770,231
2151,3522,13994,5216,13994,770,231
2152,3522,13995,5216,13995,770,231
2153,3522,13996,5216,13996,770,231
2153,3522,13997,5216,13997,770,231
2153,3522,13998,5216,13998,770,231
2154,3522,13999,5216,13999,770,231
2153,3522,14000,5216,14000,770,231
2154,3522,14001,5216,14001,770,231
2154,3522,14002,5216,14002,770,231
2155,3522,14003,5216,14003,770,231
2153,3522,14004,5216,14004,770,230
2153,3522,14005,5216,14005,770,230
2154,3522,14006,5216,14006,770,230
2153,3522,14007,5216,14007,770,230
2153,3522,14008,5216,14008,770,230
2153,3522,14009,5216,14009,770,230
2153,3522,14010,5216,14010,770,230
2154,3522,14011,5216,14011,770,230
2154,3522,14012,5216,14012,770,230
2154,3522,14013,5216,14013,770,230
2155,3522,14014,5216,14014,770,230
2154,3522,14015,5216,14015,770,230
2154,3522,14016,5216,14016,770,230
2154,3522,14017,5216,14017,770,230
2155,3522,14018,5216,14018,770,230
2155,3522,14019,5216,14019,770,230
2156,3522,14020,5216,14020,770,230
2156,3522,14021,5216,14021,770,230
2156,3522,14022,5216,14022,770,230
2156,3522,14023,5216,14023,770,230
2156,3522,14024,5216,14024,770,230
2156,3522,14025,5216,14025,770,230
2157,3522,14026,5216,14026,770,230
2157,3522,14027,5216,14027,770,230
2157,3522,14028,5216,14028,770,230
2156,3522,14029,5216,14029,770,230
2156,3522,14030,5216,14030,770,230
2155,3522,14031,5216,14031,770,230
2155,3522,14032,5216,14032,770,230
2156,3522,14033,5216,14033,770,230
2157,3522,14034,5216,14034,770,230
2156,3522,14035,5216,14035,770,230
2156,3522,14036,5216,14036,770,230
2156,3522,14037,5216,14037,770,230
2156,3522,14038,5216,14038,770,230
2156,3522,14039,5216,14039,770,230
2155,3522,14040,5216,14040,770,230
2155,3522,14041,5216,14041,770,230
2155,3522,14042,5216,14042,770,230
2154,3522,14043,5216,14043,770,230
2154,3522,14044,5216,14044,770,230
2154,3522,14045,5216,14045,770,230
2154,3522,14046,5216,14046,770,230
2154,3522,14047,5216,14047,770,230
2154,3522,14048,5216,14048,770,230
2154,3522,14049,5216,14049,770,230
2154,3522,14050,5216,14050,770,230
2155,3522,14051,5216,14051,770,230
2156,3522,14052,5216,14052,770,230
2157,3522,14053,5216,14053,770,230
2158,3522,14054,5216,14054,770,230
2158,3522,14055,5216,14055,770,230
2158,3522,14056,5216,14056,770,230
2158,3522,14057,5216,14057,770,230
2157,3522,14058,5216,14058,770,229
2157,3522,14059,5216,14059,770,229
2157,3522,14060,5216,14060,770,229
2157,3522,14061,5216,14061,770,229
2158,3522,14062,5216,14062,770,229
2158,3522,14063,5216,14063,770,229
2157,3522,14064,5216,14064,770,229
2157,3522,14065,5216,14065,770,229
2157,3522,14066,5216,14066,770,229
2157,3522,14067,5216,14067,770,229
2157,3522,14068,5216,14068,770,229
2157,3522,14069,5216,14069,770,229
2158,3522,14070,5216,14070,770,229
2157,3522,14071,5216,14071,770,229
2157,3522,14072,5216,14072,770,229
2156,3522,14073,5216,14073,770,229
2155,3522,14074,5216,14074,770,229
2156,3522,14075,5216,14075,770,229
2156,3522,14076,5216,14076,770,229
2155,3522,14077,5216,14077,770,229
2155,3522,14078,5216,14078,770,229
2155,3522,14079,5216,14079,770,229
2155,3522,14080,5216,14080,770,229
2155,3522,14081,5216,14081,770,229
2155,3522,14082,5216,14082,770,229
2155,3522,14083,5216,14083,770,229
2156,3522,14084,5216,14084,770,229
2156,3522,14085,5216,14085,770,229
2155,3522,14086,5216,14086,770,229
2155,3522,14087,5216,14087,770,229
2155,3522,14088,5216,14088,770,229
2155,3522,14089,5216,14089,770,229
2155,3522,14090,5216,14090,770,229
2155,3522,14091,5216,14091,770,229
2154,3522,14092,5216,14092,770,229
2154,3522,14093,5216,14093,770,229
2154,3522,14094,5216,14094,770,229
2155,3522,14095,5216,14095,770,229
2155,3522,14096,5216,14096,770,229
2155,3522,14097,5216,14097,770,229
2154,3522,14098,5216,14098,770,229
2155,3522,14099,5216,14099,770,229
2155,3522,14100,5216,14100,770,229
2155,3522,14101,5216,14101,770,229
2155,3522,14102,5216,14102,770,229
2155,3522,14103,5216,14103,770,229
2156,3522,14104,5216,14104,770,229
2156,3522,14105,5216,14105,770,229
2156,3522,14106,5216,14106,770,229
2156,3522,14107,5216,14107,770,229
2156,3522,14108,5216,14108,770,229
2156,3522,14109,5216,14109,770,229
2157,3522,14110,5216,14110,770,229
2157,3522,14111,5216,14111,770,229
2157,3522,14112,5216,14112,770,229
2157,3522,14113,5216,14113,770,229
2157,3522,14114,5216,14114,770,229
2157,3522,14115,5216,14115,770,229
2157,3522,14116,5216,14116,770,229
2158,3522,14117,5216,14117,770,229
2157,3522,14118,5216,14118,770,229
2158,3522,14119,5216,14119,770,229
2157,3522,14120,5216,14120,770,229
2157,3522,14121,5216,14121,770,229
2157,3522,14122,5216,14122,770,229
2158,3522,14123,5216,14123,770,229
2158,3522,14124,5216,14124,770,229
2159,3522,14125,5216,14125,770,229
2159,3522,14126,5216,14126,770,229
2159,3522,14127,5216,14127,770,229
2159,3522,14128,5216,14128,770,229
2159,3522,14129,5216,14129,770,229
2159,3522,14130,5216,14130,770,229
2159,3522,14131,5216,14131,770,229
2160,3522,14132,5216,14132,770,229
2158,3522,14133,5216,14133,770,229
2158,3522,14134,5216,14134,770,229
2158,3522,14135,5216,14135,770,229
2158,3522,14136,5216,14136,770,229
2157,3522,14137,5216,14137,770,229
2156,3522,14138,5216,14138,770,229
2156,3522,14139,5216,14139,770,229
2157,3522,14140,5216,14140,770,229
2156,3522,14141,5216,14141,770,229
2157,3522,14142,5216,14142,770,229
2157,3522,14143,5216,14143,770,229
2157,3522,14144,5216,14144,770,229
2158,3522,14145,5216,14145,770,229
2158,3522,14146,5216,14146,770,229
2158,3522,14147,5216,14147,770,229
2158,3522,14148,5216,14148,770,229
2156,3522,14149,5216,14149,770,229
2156,3522,14150,5216,14150,770,229
2157,3522,14151,5216,14151,770,229
2158,3522,14152,5216,14152,770,229
2158,3522,14153,5216,14153,770,229
2158,3522,14154,5216,14154,770,229
2158,3522,14155,5216,14155,770,229
2158,3522,14156,5216,14156,770,229
2158,3522,14157,5216,14157,770,229
2159,3522,14158,5216,14158,770,229
2159,3522,14159,5216,14159,770,229
2160,3522,14160,5216,14160,770,229
2160,3522,14161,5216,14161,770,229
2160,3522,14162,5216,14162,770,229
2160,3522,14163,5216,14163,770,229
2160,3522,14164,5216,14164,770,229
2160,3522,14165,5216,14165,770,229
2160,3522,14166,5216,14166,770,229
2160,3522,14167,5216,14167,770,229
2160,3522,14168,5216,14168,770,229
2159,3522,14169,5216,14169,770,229
2159,3522,14170,5216,14170,770,229
2159,3522,14171,5216,14171,770,229
2159,3522,14172,5216,14172,770,229
2159,3522,14173,5216,14173,770,229
2158,3522,14174,5216,14174,770,229
2159,3522,14175,5216,14175,770,229
2159,3522,14176,5216,14176,770,229
2160,3522,14177,5216,14177,770,229
2159,3522,14178,5216,14178,770,229
2160,3522,14179,5216,14179,770,229
2160,3522,14180,5216,14180,770,229
2160,3522,14181,5216,14181,770,229
2159,3522,14182,5216,14182,770,229
2159,3522,14183,5216,14183,770,229
2159,3522,14184,5216,14184,770,229
2159,3522,14185,5216,14185,770,229
2159,3522,14186,5216,14186,770,229
2159,3522,14187,5216,14187,770,229
2159,3522,14188,5216,14188,770,229
2158,3522,14189,5216,14189,770,229
2158,3522,14190,5216,14190,770,229
2159,3522,14191,5216,14191,770,229
2155,3522,14192,5216,14192,770,227
2155,3522,14193,5216,14193,770,227
2155,3522,14194,5216,14194,770,227
2156,3522,14195,5216,14195,770,227
2156,3522,14196,5216,14196,770,227
2156,3522,14197,5216,14197,770,227
2157,3522,14198,5216,14198,770,227
2155,3522,14199,5216,14199,770,227
2154,3522,14200,5216,14200,770,227
2154,3522,14201,5216,14201,770,227
2151,3522,14202,5216,14202,770,227
2152,3522,14203,5216,14203,770,227
2152,3522,14204,5216,14204,770,227
2153,3522,14205,5216,14205,770,227
2153,3522,14206,5216,14206,770,227
2154,3522,14207,5216,14207,770,227
2154,3522,14208,5216,14208,770,227
2154,3522,14209,5216,14209,770,227
2154,3522,14210,5216,14210,770,227
2154,3522,14211,5216,14211,770,227
2151,3522,14212,5216,14212,770,225
2151,3522,14213,5216,14213,770,225
2152,3522,14214,5216,14214,770,225
2153,3522,14215,5216,14215,770,225
2153,3522,14216,5216,14216,770,225
2153,3522,14217,5216,14217,770,225
2153,3522,14218,5216,14218,770,225
2153,3522,14219,5216,14219,770,225
2153,3522,14220,5216,14220,770,225
2154,3522,14221,5216,14221,770,225
2155,3522,14222,5216,14222,770,225
2151,3522,14223,5216,14223,770,223
2150,3522,14224,5216,14224,770,223
2148,3522,14225,5216,14225,770,223
2148,3522,14226,5216,14226,770,223
2148,3522,14227,5216,14227,770,223
2147,3522,14228,5216,14228,770,223
2147,3522,14229,5216,14229,770,223
2146,3522,14230,5216,14230,770,223
2147,3522,14231,5216,14231,770,223
2148,3522,14232,5216,14232,770,223
2148,3522,14233,5216,14233,770,223
2149,3522,14234,5216,14234,770,223
2149,3522,14235,5216,14235,770,223
2146,3522,14236,5216,14236,770,223
2145,3522,14237,5216,14237,770,223
2145,3522,14238,5216,14238,770,223
2146,3522,14239,5216,14239,770,223
2146,3522,14240,5216,14240,770,223
2146,3522,14241,5216,14241,770,223
2146,3522,14242,5216,14242,770,223
2146,3522,14243,5216,14243,770,223
2147,3522,14244,5216,14244,770,223
2147,3522,14245,5216,14245,770,223
2148,3522,14246,5216,14246,770,223
2148,3522,14247,5216,14247,770,223
2148,3522,14248,5216,14248,770,223
2147,3522,14249,5216,14249,770,223
2147,3522,14250,5216,14250,770,223
2148,3522,14251,5216,14251,770,223
2146,3522,14252,5216,14252,770,222
2146,3522,14253,5216,14253,770,222
2146,3522,14254,5216,14254,770,222
2144,3522,14255,5216,14255,770,221
2144,3522,14256,5216,14256,770,221
2141,3522,14257,5216,14257,770,219
2141,3522,14258,5216,14258,770,219
2141,3522,14259,5216,14259,770,219
2140,3522,14260,5216,14260,770,219
2140,3522,14261,5216,14261,770,219
2140,3522,14262,5216,14262,770,219
2138,3522,14263,5216,14263,770,219
2138,3522,14264,5216,14264,770,219
2138,3522,14265,5216,14265,770,219
2138,3522,14266,5216,14266,770,219
2138,3522,14267,5216,14267,770,219
2138,3522,14268,5216,14268,770,219
2138,3522,14269,5216,14269,770,219
2138,3522,14270,5216,14270,770,219
2139,3522,14271,5216,14271,770,219
2139,3522,14272,5216,14272,770,219
2140,3522,14273,5216,14273,770,219
2141,3522,14274,5216,14274,770,219
2141,3522,14275,5216,14275,770,219
2141,3522,14276,5216,14276,770,219
2141,3522,14277,5216,14277,770,219
2139,3522,14278,5216,14278,770,219
2139,3522,14279,5216,14279,770,219
2139,3522,14280,5216,14280,770,219
2140,3522,14281,5216,14281,770,219
2137,3522,14282,5216,14282,770,218
2137,3522,14283,5216,14283,770,218
2137,3522,14284,5216,14284,770,218
2137,3522,14285,5216,14285,770,218
2137,3522,14286,5216,14286,770,218
2138,3522,14287,5216,14287,770,218
2139,3522,14288,5216,14288,770,218
2139,3522,14289,5216,14289,770,218
2140,3522,14290,5216,14290,770,218
2140,3522,14291,5216,14291,770,218
2140,3522,14292,5216,14292,770,218
2141,3522,14293,5216,14293,770,218
2141,3522,14294,5216,14294,770,218
2141,3522,14295,5216,14295,770,218
2141,3522,14296,5216,14296,770,218
2138,3522,14297,5216,14297,770,218
2138,3522,14298,5216,14298,770,218
2137,3522,14299,5216,14299,770,218
2136,3522,14300,5216,14300,770,218
2134,3522,14301,5216,14301,770,218
2133,3522,14302,5216,14302,770,218
2133,3522,14303,5216,14303,770,218
2133,3522,14304,5216,14304,770,218
2133,3522,14305,5216,14305,770,218
2133,3522,14306,5216,14306,770,218
2134,3522,14307,5216,14307,770,218
2133,3522,14308,5216,14308,770,218
2133,3522,14309,5216,14309,770,218
2134,3522,14310,5216,14310,770,218
2133,3522,14311,5216,14311,770,218
2133,3522,14312,5216,14312,770,218
2133,3522,14313,5216,14313,770,218
2131,3522,14314,5216,14314,770,217
2131,3522,14315,5216,14315,770,217
2131,3522,14316,5216,14316,770,217
2131,3522,14317,5216,14317,770,217
2131,3522,14318,5216,14318,770,217
2132,3522,14319,5216,14319,770,217
2133,3522,14320,5216,14320,770,217
2133,3522,14321,5216,14321,770,217
2132,3522,14322,5216,14322,770,217
2132,3522,14323,5216,14323,770,217
2131,3522,14324,5216,14324,770,217
2131,3522,14325,5216,14325,770,217
2131,3522,14326,5216,14326,770,217
2129,3522,14327,5216,14327,770,217
2130,3522,14328,5216,14328,770,217
2129,3522,14329,5216,14329,770,217
2129,3522,14330,5216,14330,770,217
2128,3522,14331,5216,14331,770,217
2128,3522,14332,5216,14332,770,217
2128,3522,14333,5216,14333,770,217
2128,3522,14334,5216,14334,770,217
2128,3522,14335,5216,14335,770,217
2128,3522,14336,5216,14336,770,217
2128,3522,14337,5216,14337,770,217
2128,3522,14338,5216,14338,770,217
2128,3522,14339,5216,14339,770,217
2129,3522,14340,5216,14340,770,217
2130,3522,14341,5216,14341,770,217
2131,3522,14342,5216,14342,770,217
2132,3522,14343,5216,14343,770,217
2133,3522,14344,5216,14344,770,217
2134,3522,14345,5216,14345,770,217
2134,3522,14346,5216,14346,770,217
2134,3522,14347,5216,14347,770,217
2135,3522,14348,5216,14348,770,217
2134,3522,14349,5216,14349,770,217
2134,3522,14350,5216,14350,770,217
2134,3522,14351,5216,14351,770,217
2134,3522,14352,5216,14352,770,217
2134,3522,14353,5216,14353,770,217
2133,3522,14354,5216,14354,770,217
2133,3522,14355,5216,14355,770,217
2132,3522,14356,5216,14356,770,217
2132,3522,14357,5216,14357,770,217
2132,3522,14358,5216,14358,770,217
2132,3522,14359,5216,14359,770,217
2132,3522,14360,5216,14360,770,217
2132,3522,14361,5216,14361,770,217
2132,3522,14362,5216,14362,770,217
2132,3522,14363,5216,14363,770,217
2132,3522,14364,5216,14364,770,217
2132,3522,14365,5216,14365,770,217
2132,3522,14366,5216,14366,770,217
2132,3522,14367,5216,14367,770,217
2131,3522,14368,5216,14368,770,217
2131,3522,14369,5216,14369,770,217
2131,3522,14370,5216,14370,770,217
2130,3522,14371,5216,14371,770,217
2129,3522,14372,5216,14372,770,217
2129,3522,14373,5216,14373,770,217
2129,3522,14374,5216,14374,770,217
2129,3522,14375,5216,14375,770,217
2130,3522,14376,5216,14376,770,217
2130,3522,14377,5216,14377,770,217
2129,3522,14378,5216,14378,770,217
2130,3522,14379,5216,14379,770,217
2130,3522,14380,5216,14380,770,217
2130,3522,14381,5216,14381,770,217
2130,3522,14382,5216,14382,770,217
2129,3522,14383,5216,14383,770,217
2129,3522,14384,5216,14384,770,217
2129,3522,14385,5216,14385,770,217
2129,3522,14386,5216,14386,770,217
2129,3522,14387,5216,14387,770,217
2129,3522,14388,5216,14388,770,217
2129,3522,14389,5216,14389,770,217
2129,3522,14390,5216,14390,770,217
2128,3522,14391,5216,14391,770,217
2129,3522,14392,5216,14392,770,217
2130,3522,14393,5216,14393,770,217
2130,3522,14394,5216,14394,770,217
2130,3522,14395,5216,14395,770,217
2130,3522,14396,5216,14396,770,217
2131,3522,14397,5216,14397,770,217
2131,3522,14398,5216,14398,770,217
2131,3522,14399,5216,14399,770,217
2131,3522,14400,5216,14400,770,217
2131,3522,14401,5216,14401,770,217
2131,3522,14402,5216,14402,770,217
2130,3522,14403,5216,14403,770,217
2130,3522,14404,5216,14404,770,217
2130,3522,14405,5216,14405,770,217
2130,3522,14406,5216,14406,770,217
2130,3522,14407,5216,14407,770,217
2131,3522,14408,5216,14408,770,217
2130,3522,14409,5216,14409,770,217
2130,3522,14410,5216,14410,770,217
2130,3522,14411,5216,14411,770,217
2125,3522,14412,5216,14412,770,212
2125,3522,14413,5216,14413,770,212
2125,3522,14414,5216,14414,770,212
2125,3522,14415,5216,14415,770,212
2125,3522,14416,5216,14416,770,212
2124,3522,14417,5216,14417,770,212
2124,3522,14418,5216,14418,770,212
2124,3522,14419,5216,14419,770,212
2124,3522,14420,5216,14420,770,212
2124,3522,14421,5216,14421,770,212
2123,3522,14422,5216,14422,770,211
2122,3522,14423,5216,14423,770,211
2122,3522,14424,5216,14424,770,211
2123,3522,14425,5216,14425,770,211
2123,3522,14426,5216,14426,770,211
2124,3522,14427,5216,14427,770,211
2124,3522,14428,5216,14428,770,211
2124,3522,14429,5216,14429,770,211
2125,3522,14430,5216,14430,770,211
2123,3522,14431,5216,14431,770,211
2122,3522,14432,5216,14432,770,211
2123,3522,14433,5216,14433,770,211
2122,3522,14434,5216,14434,770,211
2122,3522,14435,5216,14435,770,211
2122,3522,14436,5216,14436,770,211
2122,3522,14437,5216,14437,770,211
2121,3522,14438,5216,14438,770,211
2121,3522,14439,5216,14439,770,211
2121,3522,14440,5216,14440,770,211
2122,3522,14441,5216,14441,770,211
2123,3522,14442,5216,14442,770,211
2123,3522,14443,5216,14443,770,211
2123,3522,14444,5216,14444,770,211
2124,3522,14445,5216,14445,770,211
2125,3522,14446,5216,14446,770,211
2125,3522,14447,5216,14447,770,211
2125,3522,14448,5216,14448,770,211
2123,3522,14449,5216,14449,770,210
2122,3522,14450,5216,14450,770,210
2122,3522,14451,5216,14451,770,210
2123,3522,14452,5216,14452,770,210
2123,3522,14453,5216,14453,770,210
2123,3522,14454,5216,14454,770,210
2123,3522,14455,5216,14455,770,210
2124,3522,14456,5216,14456,770,210
2124,3522,14457,5216,14457,770,210
2124,3522,14458,5216,14458,770,210
2124,3522,14459,5216,14459,770,210
2122,3522,14460,5216,14460,770,210
2123,3522,14461,5216,14461,770,210
2123,3522,14462,5216,14462,770,210
2122,3522,14463,5216,14463,770,210
2122,3522,14464,5216,14464,770,210
2122,3522,14465,5216,14465,770,210
2122,3522,14466,5216,14466,770,210
2121,3522,14467,5216,14467,770,210
2121,3522,14468,5216,14468,770,210
2121,3522,14469,5216,14469,770,210
2121,3522,14470,5216,14470,770,210
2121,3522,14471,5216,14471,770,210
2120,3522,14472,5216,14472,770,210
2121,3522,14473,5216,14473,770,210
2121,3522,14474,5216,14474,770,210
2122,3522,14475,5216,14475,770,210
2122,3522,14476,5216,14476,770,210
2122,3522,14477,5216,14477,770,210
2122,3522,14478,5216,14478,770,210
2122,3522,14479,5216,14479,770,210
2122,3522,14480,5216,14480,770,210
2122,3522,14481,5216,14481,770,210
2123,3522,14482,5216,14482,770,210
2123,3522,14483,5216,14483,770,210
2122,3522,14484,5216,14484,770,210
2122,3522,14485,5216,14485,770,210
2122,3522,14486,5216,14486,770,210
2122,3522,14487,5216,14487,770,210
2121,3522,14488,5216,14488,770,210
2122,3522,14489,5216,14489,770,210
2122,3522,14490,5216,14490,770,210
2121,3522,14491,5216,14491,770,210
2120,3522,14492,5216,14492,770,210
2117,3522,14493,5216,14493,770,209
2117,3522,14494,5216,14494,770,209
2117,3522,14495,5216,14495,770,209
2117,3522,14496,5216,14496,770,209
2117,3522,14497,5216,14497,770,209
2117,3522,14498,5216,14498,770,209
2116,3522,14499,5216,14499,770,209
2116,3522,14500,5216,14500,770,209
2117,3522,14501,5216,14501,770,209
2117,3522,14502,5216,14502,770,209
2116,3522,14503,5216,14503,770,209
2115,3522,14504,5216,14504,770,209
2114,3522,14505,5216,14505,770,209
2114,3522,14506,5216,14506,770,209
2112,3522,14507,5216,14507,770,209
2113,3522,14508,5216,14508,770,209
2113,3522,14509,5216,14509,770,209
2112,3522,14510,5216,14510,770,209
2109,3522,14511,5216,14511,770,209
2110,3522,14512,5216,14512,770,209
2110,3522,14513,5216,14513,770,209
2110,3522,14514,5216,14514,770,209
2110,3522,14515,5216,14515,770,209
2110,3522,14516,5216,14516,770,209
2110,3522,14517,5216,14517,770,209
2110,3522,14518,5216,14518,770,209
2110,3522,14519,5216,14519,770,209
2110,3522,14520,5216,14520,770,209
2110,3522,14521,5216,14521,770,209
2111,3522,14522,5216,14522,770,209
2111,3522,14523,5216,14523,770,209
2111,3522,14524,5216,14524,770,209
2112,3522,14525,5216,14525,770,209
2112,3522,14526,5216,14526,770,209
2112,3522,14527,5216,14527,770,209
2112,3522,14528,5216,14528,770,209
2112,3522,14529,5216,14529,770,209
2112,3522,14530,5216,14530,770,209
2112,3522,14531,5216,14531,770,209
2111,3522,14532,5216,14532,770,208
2112,3522,14533,5216,14533,770,208
2112,3522,14534,5216,14534,770,208
2113,3522,14535,5216,14535,770,208
2114,3522,14536,5216,14536,770,208
2115,3522,14537,5216,14537,770,208
2115,3522,14538,5216,14538,770,208
2115,3522,14539,5216,14539,770,208
2115,3522,14540,5216,14540,770,208
2114,3522,14541,5216,14541,770,208
2114,3522,14542,5216,14542,770,208
2112,3522,14543,5216,14543,770,208
2112,3522,14544,5216,14544,770,208
2110,3522,14545,5216,14545,770,207
2111,3522,14546,5216,14546,770,207
2111,3522,14547,5216,14547,770,207
2111,3522,14548,5216,14548,770,207
2111,3522,14549,5216,14549,770,207
2111,3522,14550,5216,14550,770,207
2111,3522,14551,5216,14551,770,207
2111,3522,14552,5216,14552,770,207
2111,3522,14553,5216,14553,770,207
2109,3522,14554,5216,14554,770,206
2109,3522,14555,5216,14555,770,206
2109,3522,14556,5216,14556,770,206
2110,3522,14557,5216,14557,770,206
2111,3522,14558,5216,14558,770,206
2112,3522,14559,5216,14559,770,206
2113,3522,14560,5216,14560,770,206
2113,3522,14561,5216,14561,770,206
2113,3522,14562,5216,14562,770,206
2113,3522,14563,5216,14563,770,206
2113,3522,14564,5216,14564,770,206
2113,3522,14565,5216,14565,770,206
2114,3522,14566,5216,14566,770,206
2114,3522,14567,5216,14567,770,206
2115,3522,14568,5216,14568,770,206
2115,3522,14569,5216,14569,770,206
2113,3522,14570,5216,14570,770,206
2114,3522,14571,5216,14571,770,206
2114,3522,14572,5216,14572,770,206
2114,3522,14573,5216,14573,770,206
2114,3522,14574,5216,14574,770,206
2115,3522,14575,5216,14575,770,206
2115,3522,14576,5216,14576,770,206
2115,3522,14577,5216,14577,770,206
2115,3522,14578,5216,14578,770,206
2115,3522,14579,5216,14579,770,206
2116,3522,14580,5216,14580,770,206
2117,3522,14581,5216,14581,770,206
2117,3522,14582,5216,14582,770,206
2117,3522,14583,5216,14583,770,206
2117,3522,14584,5216,14584,770,206
2117,3522,14585,5216,14585,770,206
2116,3522,14586,5216,14586,770,206
2117,3522,14587,5216,14587,770,206
2117,3522,14588,5216,14588,770,206
2117,3522,14589,5216,14589,770,206
2118,3522,14590,5216,14590,770,206
2119,3522,14591,5216,14591,770,206
2119,3522,14592,5216,14592,770,206
2119,3522,14593,5216,14593,770,206
2119,3522,14594,5216,14594,770,206
2119,3522,14595,5216,14595,770,206
2119,3522,14596,5216,14596,770,206
2119,3522,14597,5216,14597,770,206
2119,3522,14598,5216,14598,770,206
2120,3522,14599,5216,14599,770,206
2120,3522,14600,5216,14600,770,206
2120,3522,14601,5216,14601,770,206
2120,3522,14602,5216,14602,770,206
2118,3522,14603,5216,14603,770,206
2118,3522,14604,5216,14604,770,206
2118,3522,14605,5216,14605,770,206
2117,3522,14606,5216,14606,770,206
2116,3522,14607,5216,14607,770,206
2112,3522,14608,5216,14608,770,205
2111,3522,14609,5216,14609,770,205
2111,3522,14610,5216,14610,770,205
2112,3522,14611,5216,14611,770,205
2112,3522,14612,5216,14612,770,205
2112,3522,14613,5216,14613,770,205
2113,3522,14614,5216,14614,770,205
2112,3522,14615,5216,14615,770,205
2111,3522,14616,5216,14616,770,205
2111,3522,14617,5216,14617,770,205
2111,3522,14618,5216,14618,770,205
2111,3522,14619,5216,14619,770,205
2111,3522,14620,5216,14620,770,205
2111,3522,14621,5216,14621,770,205
2111,3522,14622,5216,14622,770,205
2111,3522,14623,5216,14623,770,205
2111,3522,14624,5216,14624,770,205
2111,3522,14625,5216,14625,770,205
2112,3522,14626,5216,14626,770,205
2110,3522,14627,5216,14627,770,205
2110,3522,14628,5216,14628,770,205
2108,3522,14629,5216,14629,770,205
2108,3522,14630,5216,14630,770,205
2108,3522,14631,5216,14631,770,205
2108,3522,14632,5216,14632,770,205
2108,3522,14633,5216,14633,770,205
2108,3522,14634,5216,14634,770,205
2108,3522,14635,5216,14635,770,205
2108,3522,14636,5216,14636,770,205
2108,3522,14637,5216,14637,770,205
2108,3522,14638,5216,14638,770,205
2108,3522,14639,5216,14639,770,205
2109,3522,14640,5216,14640,770,205
2105,3522,14641,5216,14641,770,205
2105,3522,14642,5216,14642,770,205
2103,3522,14643,5216,14643,770,205
2103,3522,14644,5216,14644,770,205
2103,3522,14645,5216,14645,770,205
2101,3522,14646,5216,14646,770,205
2101,3522,14647,5216,14647,770,205
2102,3522,14648,5216,14648,770,205
2102,3522,14649,5216,14649,770,205
2102,3522,14650,5216,14650,770,205
2102,3522,14651,5216,14651,770,205
2102,3522,14652,5216,14652,770,205
2102,3522,14653,5216,14653,770,205
2103,3522,14654,5216,14654,770,205
2103,3522,14655,5216,14655,770,205
2103,3522,14656,5216,14656,770,205
2103,3522,14657,5216,14657,770,205
2104,3522,14658,5216,14658,770,205
2104,3522,14659,5216,14659,770,205
2104,3522,14660,5216,14660,770,205
2104,3522,14661,5216,14661,770,205
2104,3522,14662,5216,14662,770,205
2104,3522,14663,5216,14663,770,205
2104,3522,14664,5216,14664,770,205
2103,3522,14665,5216,14665,770,205
2103,3522,14666,5216,14666,770,205
2103,3522,14667,5216,14667,770,205
2103,3522,14668,5216,14668,770,205
2103,3522,14669,5216,14669,770,205
2103,3522,14670,5216,14670,770,205
2103,3522,14671,5216,14671,770,205
2103,3522,14672,5216,14672,770,205
2103,3522,14673,5216,14673,770,205
2103,3522,14674,5216,14674,770,205
2103,3522,14675,5216,14675,770,205
2103,3522,14676,5216,14676,770,205
2104,3522,14677,5216,14677,770,205
2104,3522,14678,5216,14678,770,205
2104,3522,14679,5216,14679,770,205
2104,3522,14680,5216,14680,770,205
2104,3522,14681,5216,14681,770,205
2104,3522,14682,5216,14682,770,205
2104,3522,14683,5216,14683,770,205
2104,3522,14684,5216,14684,770,205
2105,3522,14685,5216,14685,770,205
2106,3522,14686,5216,14686,770,205
2104,3522,14687,5216,14687,770,205
2104,3522,14688,5216,14688,770,205
2104,3522,14689,5216,14689,770,205
2102,3522,14690,5216,14690,770,205
2102,3522,14691,5216,14691,770,205
2102,3522,14692,5216,14692,770,205
2102,3522,14693,5216,14693,770,205
2102,3522,14694,5216,14694,770,205
2102,3522,14695,5216,14695,770,205
2103,3522,14696,5216,14696,770,205
2103,3522,14697,5216,14697,770,205
2102,3522,14698,5216,14698,770,205
2102,3522,14699,5216,14699,770,205
2102,3522,14700,5216,14700,770,205
2103,3522,14701,5216,14701,770,205
2102,3522,14702,5216,14702,770,205
2102,3522,14703,5216,14703,770,205
2101,3522,14704,5216,14704,770,205
2101,3522,14705,5216,14705,770,205
2101,3522,14706,5216,14706,770,205
2102,3522,14707,5216,14707,770,205
2102,3522,14708,5216,14708,770,205
2103,3522,14709,5216,14709,770,205
2102,3522,14710,5216,14710,770,205
2102,3522,14711,5216,14711,770,205
2102,3522,14712,5216,14712,770,205
2102,3522,14713,5216,14713,770,205
2102,3522,14714,5216,14714,770,205
2102,3522,14715,5216,14715,770,205
2101,3522,14716,5216,14716,770,205
2099,3522,14717,5216,14717,770,204
2099,3522,14718,5216,14718,770,204
2097,3522,14719,5216,14719,770,204
2093,3522,14720,5216,14720,770,204
2093,3522,14721,5216,14721,770,204
2092,3522,14722,5216,14722,770,204
2092,3522,14723,5216,14723,770,204
2091,3522,14724,5216,14724,770,204
2089,3522,14725,5216,14725,770,204
2089,3522,14726,5216,14726,770,204
2089,3522,14727,5216,14727,770,204
2089,3522,14728,5216,14728,770,204
2090,3522,14729,5216,14729,770,204
2088,3522,14730,5216,14730,770,204
2085,3522,14731,5216,14731,770,204
2086,3522,14732,5216,14732,770,204
2087,3522,14733,5216,14733,770,204
2087,3522,14734,5216,14734,770,204
2087,3522,14735,5216,14735,770,204
2087,3522,14736,5216,14736,770,204
2087,3522,14737,5216,14737,770,204
2087,3522,14738,5216,14738,770,204
2087,3522,14739,5216,14739,770,204
2088,3522,14740,5216,14740,770,204
2088,3522,14741,5216,14741,770,204
2088,3522,14742,5216,14742,770,204
2088,3522,14743,5216,14743,770,204
2088,3522,14744,5216,14744,770,204
2088,3522,14745,5216,14745,770,204
2088,3522,14746,5216,14746,770,204
2089,3522,14747,5216,14747,770,204
2088,3522,14748,5216,14748,770,204
2088,3522,14749,5216,14749,770,204
2089,3522,14750,5216,14750,770,204
2090,3522,14751,5216,14751,770,204
2090,3522,14752,5216,14752,770,204
2090,3522,14753,5216,14753,770,204
2090,3522,14754,5216,14754,770,204
2090,3522,14755,5216,14755,770,204
2090,3522,14756,5216,14756,770,204
2090,3522,14757,5216,14757,770,204
2087,3522,14758,5216,14758,770,202
2087,3522,14759,5216,14759,770,202
2087,3522,14760,5216,14760,770,202
2088,3522,14761,5216,14761,770,202
2085,3522,14762,5216,14762,770,202
2085,3522,14763,5216,14763,770,202
2086,3522,14764,5216,14764,770,202
2087,3522,14765,5216,14765,770,202
2088,3522,14766,5216,14766,770,202
2088,3522,14767,5216,14767,770,202
2088,3522,14768,5216,14768,770,202
2088,3522,14769,5216,14769,770,202
2088,3522,14770,5216,14770,770,202
2088,3522,14771,5216,14771,770,202
2089,3522,14772,5216,14772,770,202
2090,3522,14773,5216,14773,770,202
2090,3522,14774,5216,14774,770,202
2090,3522,14775,5216,14775,770,202
2091,3522,14776,5216,14776,770,202
2091,3522,14777,5216,14777,770,202
2092,3522,14778,5216,14778,770,202
2092,3522,14779,5216,14779,770,202
2092,3522,14780,5216,14780,770,202
2093,3522,14781,5216,14781,770,202
2093,3522,14782,5216,14782,770,202
2091,3522,14783,5216,14783,770,202
2090,3522,14784,5216,14784,770,202
2090,3522,14785,5216,14785,770,202
2088,3522,14786,5216,14786,770,202
2088,3522,14787,5216,14787,770,202
2088,3522,14788,5216,14788,770,202
2086,3522,14789,5216,14789,770,201
2086,3522,14790,5216,14790,770,201
2086,3522,14791,5216,14791,770,201
2087,3522,14792,5216,14792,770,201
2087,3522,14793,5216,14793,770,201
2086,3522,14794,5216,14794,770,201
2085,3522,14795,5216,14795,770,201
2086,3522,14796,5216,14796,770,201
2086,3522,14797,5216,14797,770,201
2086,3522,14798,5216,14798,770,201
2086,3522,14799,5216,14799,770,201
2086,3522,14800,5216,14800,770,201
2085,3522,14801,5216,14801,770,201
2086,3522,14802,5216,14802,770,201
2086,3522,14803,5216,14803,770,201
2085,3522,14804,5216,14804,770,201
2085,3522,14805,5216,14805,770,201
2085,3522,14806,5216,14806,770,201
2086,3522,14807,5216,14807,770,201
2086,3522,14808,5216,14808,770,201
2086,3522,14809,5216,14809,770,201
2086,3522,14810,5216,14810,770,201
2087,3522,14811,5216,14811,770,201
2087,3522,14812,5216,14812,770,201
2087,3522,14813,5216,14813,770,201
2087,3522,14814,5216,14814,770,201
2087,3522,14815,5216,14815,770,201
2087,3522,14816,5216,14816,770,201
2087,3522,14817,5216,14817,770,201
2086,3522,14818,5216,14818,770,201
2086,3522,14819,5216,14819,770,201
2086,3522,14820,5216,14820,770,201
2085,3522,14821,5216,14821,770,201
2085,3522,14822,5216,14822,770,201
2085,3522,14823,5216,14823,770,201
2084,3522,14824,5216,14824,770,201
2084,3522,14825,5216,14825,770,201
2084,3522,14826,5216,14826,770,201
2084,3522,14827,5216,14827,770,201
2084,3522,14828,5216,14828,770,201
2084,3522,14829,5216,14829,770,201
2079,3522,14830,5216,14830,770,196
2078,3522,14831,5216,14831,770,196
2078,3522,14832,5216,14832,770,196
2076,3522,14833,5216,14833,770,196
2075,3522,14834,5216,14834,770,196
2075,3522,14835,5216,14835,770,196
2076,3522,14836,5216,14836,770,196
2076,3522,14837,5216,14837,770,196
2076,3522,14838,5216,14838,770,196
2077,3522,14839,5216,14839,770,196
2078,3522,14840,5216,14840,770,196
2078,3522,14841,5216,14841,770,196
2078,3522,14842,5216,14842,770,196
2078,3522,14843,5216,14843,770,196
2079,3522,14844,5216,14844,770,196
2079,3522,14845,5216,14845,770,196
2080,3522,14846,5216,14846,770,196
2081,3522,14847,5216,14847,770,196
2081,3522,14848,5216,14848,770,196
2081,3522,14849,5216,14849,770,196
2080,3522,14850,5216,14850,770,196
2081,3522,14851,5216,14851,770,196
2081,3522,14852,5216,14852,770,196
2082,3522,14853,5216,14853,770,196
2082,3522,14854,5216,14854,770,196
2082,3522,14855,5216,14855,770,196
2082,3522,14856,5216,14856,770,196
2082,3522,14857,5216,14857,770,196
2081,3522,14858,5216,14858,770,196
2082,3522,14859,5216,14859,770,196
2082,3522,14860,5216,14860,770,196
2082,3522,14861,5216,14861,770,196
2082,3522,14862,5216,14862,770,196
2082,3522,14863,5216,14863,770,196
2082,3522,14864,5216,14864,770,196
2083,3522,14865,5216,14865,770,196
2084,3522,14866,5216,14866,770,196
2084,3522,14867,5216,14867,770,196
2084,3522,14868,5216,14868,770,196
2084,3522,14869,5216,14869,770,196
2085,3522,14870,5216,14870,770,196
2085,3522,14871,5216,14871,770,196
2085,3522,14872,5216,14872,770,196
2086,3522,14873,5216,14873,770,196
2085,3522,14874,5216,14874,770,196
2084,3522,14875,5216,14875,770,196
2083,3522,14876,5216,14876,770,196
2083,3522,14877,5216,14877,770,196
2083,3522,14878,5216,14878,770,196
2084,3522,14879,5216,14879,770,196
2085,3522,14880,5216,14880,770,196
2085,3522,14881,5216,14881,770,196
2085,3522,14882,5216,14882,770,196
2085,3522,14883,5216,14883,770,196
2084,3522,14884,5216,14884,770,196
2084,3522,14885,5216,14885,770,196
2084,3522,14886,5216,14886,770,196
2084,3522,14887,5216,14887,770,196
2084,3522,14888,5216,14888,770,196
2084,3522,14889,5216,14889,770,196
2083,3522,14890,5216,14890,770,196
2082,3522,14891,5216,14891,770,196
2082,3522,14892,5216,14892,770,196
2082,3522,14893,5216,14893,770,196
2082,3522,14894,5216,14894,770,196
2082,3522,14895,5216,14895,770,196
2082,3522,14896,5216,14896,770,196
2083,3522,14897,5216,14897,770,196
2083,3522,14898,5216,14898,770,196
2083,3522,14899,5216,14899,770,196
2084,3522,14900,5216,14900,770,196
2084,3522,14901,5216,14901,770,196
2081,3522,14902,5216,14902,770,196
2081,3522,14903,5216,14903,770,196
2080,3522,14904,5216,14904,770,196
2080,3522,14905,5216,14905,770,196
2080,3522,14906,5216,14906,770,196
2080,3522,14907,5216,14907,770,196
2080,3522,14908,5216,14908,770,196
2080,3522,14909,5216,14909,770,196
2080,3522,14910,5216,14910,770,196
2081,3522,14911,5216,14911,770,196
2081,3522,14912,5216,14912,770,196
2080,3522,14913,5216,14913,770,196
2080,3522,14914,5216,14914,770,196
2078,3522,14915,5216,14915,770,196
2078,3522,14916,5216,14916,770,196
2078,3522,14917,5216,14917,770,196
2079,3522,14918,5216,14918,770,196
2076,3522,14919,5216,14919,770,196
2076,3522,14920,5216,14920,770,196
2077,3522,14921,5216,14921,770,196
2077,3522,14922,5216,14922,770,196
2077,3522,14923,5216,14923,770,196
2077,3522,14924,5216,14924,770,196
2078,3522,14925,5216,14925,770,196
2078,3522,14926,5216,14926,770,196
2078,3522,14927,5216,14927,770,196
2078,3522,14928,5216,14928,770,196
2078,3522,14929,5216,14929,770,196
2078,3522,14930,5216,14930,770,196
2079,3522,14931,5216,14931,770,196
2079,3522,14932,5216,14932,770,196
2079,3522,14933,5216,14933,770,196
2079,3522,14934,5216,14934,770,196
2079,3522,14935,5216,14935,770,196
2079,3522,14936,5216,14936,770,196
2080,3522,14937,5216,14937,770,196
2080,3522,14938,5216,14938,770,196
2081,3522,14939,5216,14939,770,196
2080,3522,14940,5216,14940,770,196
2080,3522,14941,5216,14941,770,196
2080,3522,14942,5216,14942,770,196
2081,3522,14943,5216,14943,770,196
2081,3522,14944,5216,14944,770,196
2081,3522,14945,5216,14945,770,196
2081,3522,14946,5216,14946,770,196
2081,3522,14947,5216,14947,770,196
2081,3522,14948,5216,14948,770,196
2081,3522,14949,5216,14949,770,196
2082,3522,14950,5216,14950,770,196
2081,3522,14951,5216,14951,770,196
2081,3522,14952,5216,14952,770,196
2081,3522,14953,5216,14953,770,196
2082,3522,14954,5216,14954,770,196
2082,3522,14955,5216,14955,770,196
2082,3522,14956,5216,14956,770,196
2081,3522,14957,5216,14957,770,196
2080,3522,14958,5216,14958,770,196
2079,3522,14959,5216,14959,770,196
2079,3522,14960,5216,14960,770,196
2080,3522,14961,5216,14961,770,196
2080,3522,14962,5216,14962,770,196
2081,3522,14963,5216,14963,770,196
2080,3522,14964,5216,14964,770,196
2079,3522,14965,5216,14965,770,196
2079,3522,14966,5216,14966,770,196
2079,3522,14967,5216,14967,770,196
2079,3522,14968,5216,14968,770,196
2079,3522,14969,5216,14969,770,196
2079,3522,14970,5216,14970,770,196
2079,3522,14971,5216,14971,770,196
2078,3522,14972,5216,14972,770,195
2078,3522,14973,5216,14973,770,195
2078,3522,14974,5216,14974,770,195
2078,3522,14975,5216,14975,770,195
2078,3522,14976,5216,14976,770,195
2078,3522,14977,5216,14977,770,195
2078,3522,14978,5216,14978,770,195
2078,3522,14979,5216,14979,770,195
2078,3522,14980,5216,14980,770,195
2078,3522,14981,5216,14981,770,195
2079,3522,14982,5216,14982,770,195
2079,3522,14983,5216,14983,770,195
2080,3522,14984,5216,14984,770,195
2080,3522,14985,5216,14985,770,195
2080,3522,14986,5216,14986,770,195
2081,3522,14987,5216,14987,770,195
2081,3522,14988,5216,14988,770,195
2080,3522,14989,5216,14989,770,195
2080,3522,14990,5216,14990,770,195
2081,3522,14991,5216,14991,770,195
2081,3522,14992,5216,14992,770,195
2082,3522,14993,5216,14993,770,195
2083,3522,14994,5216,14994,770,195
2082,3522,14995,5216,14995,770,195
2082,3522,14996,5216,14996,770,195
2082,3522,14997,5216,14997,770,195
2083,3522,14998,5216,14998,770,195
2083,3522,14999,5216,14999,770,195
2084,3522,15000,5216,15000,770,195
2085,3522,15001,5216,15001,770,195
2085,3522,15002,5216,15002,770,195
2085,3522,15003,5216,15003,770,195
2085,3522,15004,5216,15004,770,195
2085,3522,15005,5216,15005,770,195
2086,3522,15006,5216,15006,770,195
2086,3522,15007,5216,15007,770,195
2086,3522,15008,5216,15008,770,195
2082,3522,15009,5216,15009,770,192
2082,3522,15010,5216,15010,770,192
2080,3522,15011,5216,15011,770,192
2075,3522,15012,5216,15012,770,189
2075,3522,15013,5216,15013,770,189
2075,3522,15014,5216,15014,770,189
2075,3522,15015,5216,15015,770,189
2075,3522,15016,5216,15016,770,189
2076,3522,15017,5216,15017,770,189
2076,3522,15018,5216,15018,770,189
2076,3522,15019,5216,15019,770,189
2076,3522,15020,5216,15020,770,189
2077,3522,15021,5216,15021,770,189
2076,3522,15022,5216,15022,770,189
2076,3522,15023,5216,15023,770,189
2076,3522,15024,5216,15024,770,189
2076,3522,15025,5216,15025,770,189
2076,3522,15026,5216,15026,770,189
2076,3522,15027,5216,15027,770,189
2074,3522,15028,5216,15028,770,189
2074,3522,15029,5216,15029,770,189
2074,3522,15030,5216,15030,770,189
2074,3522,15031,5216,15031,770,189
2074,3522,15032,5216,15032,770,189
2075,3522,15033,5216,15033,770,189
2075,3522,15034,5216,15034,770,189
2076,3522,15035,5216,15035,770,189
2076,3522,15036,5216,15036,770,189
2077,3522,15037,5216,15037,770,189
2077,3522,15038,5216,15038,770,189
2077,3522,15039,5216,15039,770,189
2075,3522,15040,5216,15040,770,189
2075,3522,15041,5216,15041,770,189
2075,3522,15042,5216,15042,770,189
2075,3522,15043,5216,15043,770,189
2074,3522,15044,5216,15044,770,189
2071,3522,15045,5216,15045,770,187
2071,3522,15046,5216,15046,770,187
2071,3522,15047,5216,15047,770,187
2071,3522,15048,5216,15048,770,187
2071,3522,15049,5216,15049,770,187
2071,3522,15050,5216,15050,770,187
2071,3522,15051,5216,15051,770,187
2068,3522,15052,5216,15052,770,187
2068,3522,15053,5216,15053,770,187
2068,3522,15054,5216,15054,770,187
2068,3522,15055,5216,15055,770,187
2069,3522,15056,5216,15056,770,187
2069,3522,15057,5216,15057,770,187
2069,3522,15058,5216,15058,770,187
2069,3522,15059,5216,15059,770,187
2070,3522,15060,5216,15060,770,187
2069,3522,15061,5216,15061,770,187
2070,3522,15062,5216,15062,770,187
2071,3522,15063,5216,15063,770,187
2071,3522,15064,5216,15064,770,187
2068,3522,15065,5216,15065,770,187
2068,3522,15066,5216,15066,770,187
2066,3522,15067,5216,15067,770,187
2067,3522,15068,5216,15068,770,187
2067,3522,15069,5216,15069,770,187
2067,3522,15070,5216,15070,770,187
2067,3522,15071,5216,15071,770,187
2067,3522,15072,5216,15072,770,187
2067,3522,15073,5216,15073,770,187
2067,3522,15074,5216,15074,770,187
2067,3522,15075,5216,15075,770,187
2068,3522,15076,5216,15076,770,187
2068,3522,15077,5216,15077,770,187
2068,3522,15078,5216,15078,770,187
2068,3522,15079,5216,15079,770,187
2068,3522,15080,5216,15080,770,187
2068,3522,15081,5216,15081,770,187
2068,3522,15082,5216,15082,770,187
2068,3522,15083,5216,15083,770,187
2068,3522,15084,5216,15084,770,187
2069,3522,15085,5216,15085,770,187
2070,3522,15086,5216,15086,770,187
2070,3522,15087,5216,15087,770,187
2069,3522,15088,5216,15088,770,187
2069,3522,15089,5216,15089,770,187
2067,3522,15090,5216,15090,770,187
2066,3522,15091,5216,15091,770,186
2066,3522,15092,5216,15092,770,186
2066,3522,15093,5216,15093,770,186
2065,3522,15094,5216,15094,770,186
2065,3522,15095,5216,15095,770,186
2065,3522,15096,5216,15096,770,186
2066,3522,15097,5216,15097,770,186
2066,3522,15098,5216,15098,770,186
2066,3522,15099,5216,15099,770,186
2066,3522,15100,5216,15100,770,186
2064,3522,15101,5216,15101,770,186
2065,3522,15102,5216,15102,770,186
2066,3522,15103,5216,15103,770,186
2066,3522,15104,5216,15104,770,186
2066,3522,15105,5216,15105,770,186
2066,3522,15106,5216,15106,770,186
2065,3522,15107,5216,15107,770,186
2065,3522,15108,5216,15108,770,186
2066,3522,15109,5216,15109,770,186
2066,3522,15110,5216,15110,770,186
2066,3522,15111,5216,15111,770,186
2066,3522,15112,5216,15112,770,186
2067,3522,15113,5216,15113,770,186
2067,3522,15114,5216,15114,770,186
2067,3522,15115,5216,15115,770,186
2067,3522,15116,5216,15116,770,186
2067,3522,15117,5216,15117,770,186
2066,3522,15118,5216,15118,770,186
2066,3522,15119,5216,15119,770,186
2066,3522,15120,5216,15120,770,186
2065,3522,15121,5216,15121,770,186
2064,3522,15122,5216,15122,770,185
2064,3522,15123,5216,15123,770,185
2064,3522,15124,5216,15124,770,185
2064,3522,15125,5216,15125,770,185
2059,3522,15126,5216,15126,770,184
2059,3522,15127,5216,15127,770,184
2060,3522,15128,5216,15128,770,184
2060,3522,15129,5216,15129,770,184
2060,3522,15130,5216,15130,770,184
2060,3522,15131,5216,15131,770,184
2059,3522,15132,5216,15132,770,184
2059,3522,15133,5216,15133,770,184
2058,3522,15134,5216,15134,770,184
2058,3522,15135,5216,15135,770,184
2058,3522,15136,5216,15136,770,184
2059,3522,15137,5216,15137,770,184
2058,3522,15138,5216,15138,770,184
2058,3522,15139,5216,15139,770,184
2058,3522,15140,5216,15140,770,184
2059,3522,15141,5216,15141,770,184
2059,3522,15142,5216,15142,770,184
2060,3522,15143,5216,15143,770,184
2060,3522,15144,5216,15144,770,184
2060,3522,15145,5216,15145,770,184
2061,3522,15146,5216,15146,770,184
2061,3522,15147,5216,15147,770,184
2061,3522,15148,5216,15148,770,184
2060,3522,15149,5216,15149,770,184
2060,3522,15150,5216,15150,770,184
2060,3522,15151,5216,15151,770,184
2061,3522,15152,5216,15152,770,184
2061,3522,15153,5216,15153,770,184
2061,3522,15154,5216,15154,770,184
2061,3522,15155,5216,15155,770,184
2061,3522,15156,5216,15156,770,184
2060,3522,15157,5216,15157,770,184
2060,3522,15158,5216,15158,770,184
2059,3522,15159,5216,15159,770,184
2059,3522,15160,5216,15160,770,184
2060,3522,15161,5216,15161,770,184
2061,3522,15162,5216,15162,770,184
2061,3522,15163,5216,15163,770,184
2061,3522,15164,5216,15164,770,184
2060,3522,15165,5216,15165,770,183
2060,3522,15166,5216,15166,770,183
2060,3522,15167,5216,15167,770,183
2061,3522,15168,5216,15168,770,183
2061,3522,15169,5216,15169,770,183
2061,3522,15170,5216,15170,770,183
2061,3522,15171,5216,15171,770,183
2061,3522,15172,5216,15172,770,183
2061,3522,15173,5216,15173,770,183
2061,3522,15174,5216,15174,770,183
2061,3522,15175,5216,15175,770,183
2060,3522,15176,5216,15176,770,183
2059,3522,15177,5216,15177,770,183
2059,3522,15178,5216,15178,770,183
2058,3522,15179,5216,15179,770,183
2058,3522,15180,5216,15180,770,183
2059,3522,15181,5216,15181,770,183
2060,3522,15182,5216,15182,770,183
2061,3522,15183,5216,15183,770,183
2060,3522,15184,5216,15184,770,183
2060,3522,15185,5216,15185,770,183
2060,3522,15186,5216,15186,770,183
2061,3522,15187,5216,15187,770,183
2061,3522,15188,5216,15188,770,183
2062,3522,15189,5216,15189,770,183
2062,3522,15190,5216,15190,770,183
2062,3522,15191,5216,15191,770,183
2063,3522,15192,5216,15192,770,183
2063,3522,15193,5216,15193,770,183
2063,3522,15194,5216,15194,770,183
2063,3522,15195,5216,15195,770,183
2064,3522,15196,5216,15196,770,183
2064,3522,15197,5216,15197,770,183
2065,3522,15198,5216,15198,770,183
2064,3522,15199,5216,15199,770,183
2065,3522,15200,5216,15200,770,183
2065,3522,15201,5216,15201,770,183
2065,3522,15202,5216,15202,770,183
2065,3522,15203,5216,15203,770,183
2065,3522,15204,5216,15204,770,183
2065,3522,15205,5216,15205,770,183
2065,3522,15206,5216,15206,770,183
2064,3522,15207,5216,15207,770,183
2064,3522,15208,5216,15208,770,183
2064,3522,15209,5216,15209,770,183
2064,3522,15210,5216,15210,770,183
2064,3522,15211,5216,15211,770,183
2065,3522,15212,5216,15212,770,183
2065,3522,15213,5216,15213,770,183
2065,3522,15214,5216,15214,770,183
2065,3522,15215,5216,15215,770,183
2065,3522,15216,5216,15216,770,183
2066,3522,15217,5216,15217,770,183
2066,3522,15218,5216,15218,770,183
2066,3522,15219,5216,15219,770,183
2066,3522,15220,5216,15220,770,183
2067,3522,15221,5216,15221,770,183
2067,3522,15222,5216,15222,770,183
2067,3522,15223,5216,15223,770,183
2066,3522,15224,5216,15224,770,183
2065,3522,15225,5216,15225,770,183
2064,3522,15226,5216,15226,770,183
2064,3522,15227,5216,15227,770,183
2064,3522,15228,5216,15228,770,183
2065,3522,15229,5216,15229,770,183
2065,3522,15230,5216,15230,770,183
2065,3522,15231,5216,15231,770,183
2064,3522,15232,5216,15232,770,182
2063,3522,15233,5216,15233,770,182
2063,3522,15234,5216,15234,770,182
2063,3522,15235,5216,15235,770,182
2063,3522,15236,5216,15236,770,182
2063,3522,15237,5216,15237,770,182
2063,3522,15238,5216,15238,770,182
2063,3522,15239,5216,15239,770,182
2063,3522,15240,5216,15240,770,182
2063,3522,15241,5216,15241,770,182
2064,3522,15242,5216,15242,770,182
2065,3522,15243,5216,15243,770,182
2065,3522,15244,5216,15244,770,182
2065,3522,15245,5216,15245,770,182
2066,3522,15246,5216,15246,770,182
2066,3522,15247,5216,15247,770,182
2066,3522,15248,5216,15248,770,182
2066,3522,15249,5216,15249,770,182
2066,3522,15250,5216,15250,770,182
2065,3522,15251,5216,15251,770,182
2064,3522,15252,5216,15252,770,182
2065,3522,15253,5216,15253,770,182
2065,3522,15254,5216,15254,770,182
2066,3522,15255,5216,15255,770,182
2066,3522,15256,5216,15256,770,182
2067,3522,15257,5216,15257,770,182
2068,3522,15258,5216,15258,770,182
2069,3522,15259,5216,15259,770,182
2069,3522,15260,5216,15260,770,182
2068,3522,15261,5216,15261,770,182
2069,3522,15262,5216,15262,770,182
2069,3522,15263,5216,15263,770,182
2069,3522,15264,5216,15264,770,182
2069,3522,15265,5216,15265,770,182
2070,3522,15266,5216,15266,770,182
2070,3522,15267,5216,15267,770,182
2070,3522,15268,5216,15268,770,182
2069,3522,15269,5216,15269,770,182
2069,3522,15270,5216,15270,770,182
2069,3522,15271,5216,15271,770,182
2069,3522,15272,5216,15272,770,182
2070,3522,15273,5216,15273,770,182
2068,3522,15274,5216,15274,770,182
2069,3522,15275,5216,15275,770,182
2069,3522,15276,5216,15276,770,182
2069,3522,15277,5216,15277,770,182
2069,3522,15278,5216,15278,770,182
2069,3522,15279,5216,15279,770,182
2069,3522,15280,5216,15280,770,182
2069,3522,15281,5216,15281,770,182
2069,3522,15282,5216,15282,770,182
2069,3522,15283,5216,15283,770,182
2069,3522,15284,5216,15284,770,182
2069,3522,15285,5216,15285,770,182
2070,3522,15286,5216,15286,770,182
2070,3522,15287,5216,15287,770,182
2070,3522,15288,5216,15288,770,182
2069,3522,15289,5216,15289,770,182
2069,3522,15290,5216,15290,770,182
2068,3522,15291,5216,15291,770,182
2069,3522,15292,5216,15292,770,182
2069,3522,15293,5216,15293,770,182
2069,3522,15294,5216,15294,770,182
2070,3522,15295,5216,15295,770,182
2071,3522,15296,5216,15296,770,182
2070,3522,15297,5216,15297,770,181
2070,3522,15298,5216,15298,770,181
2071,3522,15299,5216,15299,770,181
2071,3522,15300,5216,15300,770,181
2071,3522,15301,5216,15301,770,181
2071,3522,15302,5216,15302,770,181
2071,3522,15303,5216,15303,770,181
2071,3522,15304,5216,15304,770,181
2071,3522,15305,5216,15305,770,181
2071,3522,15306,5216,15306,770,181
2071,3522,15307,5216,15307,770,181
2071,3522,15308,5216,15308,770,181
2071,3522,15309,5216,15309,770,181
2069,3522,15310,5216,15310,770,181
2070,3522,15311,5216,15311,770,181
2068,3522,15312,5216,15312,770,180
2068,3522,15313,5216,15313,770,180
2067,3522,15314,5216,15314,770,180
2068,3522,15315,5216,15315,770,180
2066,3522,15316,5216,15316,770,179
2063,3522,15317,5216,15317,770,179
2062,3522,15318,5216,15318,770,179
2060,3522,15319,5216,15319,770,179
2058,3522,15320,5216,15320,770,179
2058,3522,15321,5216,15321,770,179
2058,3522,15322,5216,15322,770,179
2058,3522,15323,5216,15323,770,179
2059,3522,15324,5216,15324,770,179
2058,3522,15325,5216,15325,770,179
2059,3522,15326,5216,15326,770,179
2059,3522,15327,5216,15327,770,179
2059,3522,15328,5216,15328,770,179
2060,3522,15329,5216,15329,770,179
2060,3522,15330,5216,15330,770,179
2060,3522,15331,5216,15331,770,179
2061,3522,15332,5216,15332,770,179
2060,3522,15333,5216,15333,770,179
2060,3522,15334,5216,15334,770,179
2059,3522,15335,5216,15335,770,179
2059,3522,15336,5216,15336,770,179
2059,3522,15337,5216,15337,770,179
2059,3522,15338,5216,15338,770,179
2059,3522,15339,5216,15339,770,179
2059,3522,15340,5216,15340,770,179
2059,3522,15341,5216,15341,770,179
2060,3522,15342,5216,15342,770,179
2060,3522,15343,5216,15343,770,179
2060,3522,15344,5216,15344,770,179
2060,3522,15345,5216,15345,770,179
2060,3522,15346,5216,15346,770,179
2060,3522,15347,5216,15347,770,179
2060,3522,15348,5216,15348,770,179
2059,3522,15349,5216,15349,770,179
2059,3522,15350,5216,15350,770,179
2058,3522,15351,5216,15351,770,179
2059,3522,15352,5216,15352,770,179
2057,3522,15353,5216,15353,770,178
2057,3522,15354,5216,15354,770,178
2057,3522,15355,5216,15355,770,178
2058,3522,15356,5216,15356,770,178
2059,3522,15357,5216,15357,770,178
2059,3522,15358,5216,15358,770,178
2059,3522,15359,5216,15359,770,178
2057,3522,15360,5216,15360,770,178
2057,3522,15361,5216,15361,770,178
2058,3522,15362,5216,15362,770,178
2057,3522,15363,5216,15363,770,178
2057,3522,15364,5216,15364,770,178
2058,3522,15365,5216,15365,770,178
2059,3522,15366,5216,15366,770,178
2059,3522,15367,5216,15367,770,178
2059,3522,15368,5216,15368,770,178
2059,3522,15369,5216,15369,770,178
2059,3522,15370,5216,15370,770,178
2059,3522,15371,5216,15371,770,178
2059,3522,15372,5216,15372,770,178
2059,3522,15373,5216,15373,770,178
2060,3522,15374,5216,15374,770,178
2060,3522,15375,5216,15375,770,178
2060,3522,15376,5216,15376,770,178
2060,3522,15377,5216,15377,770,178
2060,3522,15378,5216,15378,770,178
2060,3522,15379,5216,15379,770,178
2060,3522,15380,5216,15380,770,178
2060,3522,15381,5216,15381,770,178
2061,3522,15382,5216,15382,770,178
2061,3522,15383,5216,15383,770,178
2060,3522,15384,5216,15384,770,178
2060,3522,15385,5216,15385,770,178
2060,3522,15386,5216,15386,770,178
2060,3522,15387,5216,15387,770,178
2060,3522,15388,5216,15388,770,178
2060,3522,15389,5216,15389,770,178
2060,3522,15390,5216,15390,770,178
2060,3522,15391,5216,15391,770,178
2060,3522,15392,5216,15392,770,178
2060,3522,15393,5216,15393,770,178
2060,3522,15394,5216,15394,770,178
2060,3522,15395,5216,15395,770,178
2060,3522,15396,5216,15396,770,178
2060,3522,15397,5216,15397,770,178
2060,3522,15398,5216,15398,770,178
2060,3522,15399,5216,15399,770,178
2060,3522,15400,5216,15400,770,178
2061,3522,15401,5216,15401,770,178
2062,3522,15402,5216,15402,770,178
2062,3522,15403,5216,15403,770,178
2061,3522,15404,5216,15404,770,178
2061,3522,15405,5216,15405,770,178
2060,3522,15406,5216,15406,770,177
2061,3522,15407,5216,15407,770,177
2062,3522,15408,5216,15408,770,177
2062,3522,15409,5216,15409,770,177
2062,3522,15410,5216,15410,770,177
2062,3522,15411,5216,15411,770,177
2062,3522,15412,5216,15412,770,177
2062,3522,15413,5216,15413,770,177
2061,3522,15414,5216,15414,770,177
2062,3522,15415,5216,15415,770,177
2062,3522,15416,5216,15416,770,177
2061,3522,15417,5216,15417,770,176
2060,3522,15418,5216,15418,770,176
2061,3522,15419,5216,15419,770,176
2061,3522,15420,5216,15420,770,176
2061,3522,15421,5216,15421,770,176
2061,3522,15422,5216,15422,770,176
2061,3522,15423,5216,15423,770,176
2061,3522,15424,5216,15424,770,176
2061,3522,15425,5216,15425,770,176
2062,3522,15426,5216,15426,770,176
2062,3522,15427,5216,15427,770,176
2062,3522,15428,5216,15428,770,176
2063,3522,15429,5216,15429,770,176
2063,3522,15430,5216,15430,770,176
2064,3522,15431,5216,15431,770,176
2063,3522,15432,5216,15432,770,176
2063,3522,15433,5216,15433,770,176
2063,3522,15434,5216,15434,770,176
2063,3522,15435,5216,15435,770,176
2063,3522,15436,5216,15436,770,176
2064,3522,15437,5216,15437,770,176
2064,3522,15438,5216,15438,770,176
2063,3522,15439,5216,15439,770,176
2063,3522,15440,5216,15440,770,176
2063,3522,15441,5216,15441,770,176
2062,3522,15442,5216,15442,770,176
2061,3522,15443,5216,15443,770,176
2062,3522,15444,5216,15444,770,176
2062,3522,15445,5216,15445,770,176
2062,3522,15446,5216,15446,770,176
2062,3522,15447,5216,15447,770,176
2062,3522,15448,5216,15448,770,176
2063,3522,15449,5216,15449,770,176
2063,3522,15450,5216,15450,770,176
2063,3522,15451,5216,15451,770,176
2063,3522,15452,5216,15452,770,176
2062,3522,15453,5216,15453,770,176
2063,3522,15454,5216,15454,770,176
2063,3522,15455,5216,15455,770,176
2063,3522,15456,5216,15456,770,176
2062,3522,15457,5216,15457,770,176
2062,3522,15458,5216,15458,770,176
2062,3522,15459,5216,15459,770,176
2062,3522,15460,5216,15460,770,176
2060,3522,15461,5216,15461,770,176
2059,3522,15462,5216,15462,770,175
2059,3522,15463,5216,15463,770,175
2060,3522,15464,5216,15464,770,175
2060,3522,15465,5216,15465,770,175
2059,3522,15466,5216,15466,770,175
2059,3522,15467,5216,15467,770,175
2058,3522,15468,5216,15468,770,175
2057,3522,15469,5216,15469,770,175
2057,3522,15470,5216,15470,770,175
2056,3522,15471,5216,15471,770,175
2056,3522,15472,5216,15472,770,175
2055,3522,15473,5216,15473,770,175
2055,3522,15474,5216,15474,770,175
2055,3522,15475,5216,15475,770,175
2055,3522,15476,5216,15476,770,175
2055,3522,15477,5216,15477,770,175
2055,3522,15478,5216,15478,770,175
2054,3522,15479,5216,15479,770,175
2054,3522,15480,5216,15480,770,175
2053,3522,15481,5216,15481,770,175
2053,3522,15482,5216,15482,770,175
2053,3522,15483,5216,15483,770,175
2053,3522,15484,5216,15484,770,175
2052,3522,15485,5216,15485,770,175
2052,3522,15486,5216,15486,770,175
2052,3522,15487,5216,15487,770,175
2052,3522,15488,5216,15488,770,175
2053,3522,15489,5216,15489,770,175
2052,3522,15490,5216,15490,770,175
2052,3522,15491,5216,15491,770,175
2052,3522,15492,5216,15492,770,175
2053,3522,15493,5216,15493,770,175
2053,3522,15494,5216,15494,770,175
2053,3522,15495,5216,15495,770,175
2053,3522,15496,5216,15496,770,175
2054,3522,15497,5216,15497,770,175
2053,3522,15498,5216,15498,770,175
2053,3522,15499,5216,15499,770,175
2053,3522,15500,5216,15500,770,175
2053,3522,15501,5216,15501,770,175
2053,3522,15502,5216,15502,770,175
2053,3522,15503,5216,15503,770,175
2053,3522,15504,5216,15504,770,175
2053,3522,15505,5216,15505,770,175
2053,3522,15506,5216,15506,770,175
2053,3522,15507,5216,15507,770,175
2053,3522,15508,5216,15508,770,175
2054,3522,15509,5216,15509,770,175
2054,3522,15510,5216,15510,770,175
2054,3522,15511,5216,15511,770,175
2054,3522,15512,5216,15512,770,175
2054,3522,15513,5216,15513,770,175
2054,3522,15514,5216,15514,770,175
2053,3522,15515,5216,15515,770,175
2053,3522,15516,5216,15516,770,175
2054,3522,15517,5216,15517,770,175
2054,3522,15518,5216,15518,770,175
2053,3522,15519,5216,15519,770,175
2053,3522,15520,5216,15520,770,175
2053,3522,15521,5216,15521,770,175
2053,3522,15522,5216,15522,770,175
2053,3522,15523,5216,15523,770,175
2053,3522,15524,5216,15524,770,175
2053,3522,15525,5216,15525,770,175
2052,3522,15526,5216,15526,770,175
2052,3522,15527,5216,15527,770,175
2052,3522,15528,5216,15528,770,175
2052,3522,15529,5216,15529,770,175
2050,3522,15530,5216,15530,770,175
2050,3522,15531,5216,15531,770,175
2049,3522,15532,5216,15532,770,175
2050,3522,15533,5216,15533,770,175
2050,3522,15534,5216,15534,770,175
2049,3522,15535,5216,15535,770,175
2047,3522,15536,5216,15536,770,174
2047,3522,15537,5216,15537,770,174
2045,3522,15538,5216,15538,770,174
2045,3522,15539,5216,15539,770,174
2044,3522,15540,5216,15540,770,173
2044,3522,15541,5216,15541,770,173
2045,3522,15542,5216,15542,770,173
2044,3522,15543,5216,15543,770,173
2044,3522,15544,5216,15544,770,173
2044,3522,15545,5216,15545,770,173
2044,3522,15546,5216,15546,770,173
2044,3522,15547,5216,15547,770,173
2044,3522,15548,5216,15548,770,173
2044,3522,15549,5216,15549,770,173
2044,3522,15550,5216,15550,770,173
2044,3522,15551,5216,15551,770,173
2044,3522,15552,5216,15552,770,173
2044,3522,15553,5216,15553,770,173
2044,3522,15554,5216,15554,770,173
2044,3522,15555,5216,15555,770,173
2043,3522,15556,5216,15556,770,173
2043,3522,15557,5216,15557,770,173
2043,3522,15558,5216,15558,770,173
2044,3522,15559,5216,15559,770,173
2043,3522,15560,5216,15560,770,173
2043,3522,15561,5216,15561,770,173
2043,3522,15562,5216,15562,770,173
2043,3522,15563,5216,15563,770,173
2043,3522,15564,5216,15564,770,173
2043,3522,15565,5216,15565,770,173
2043,3522,15566,5216,15566,770,173
2043,3522,15567,5216,15567,770,173
2044,3522,15568,5216,15568,770,173
2044,3522,15569,5216,15569,770,173
2044,3522,15570,5216,15570,770,173
2044,3522,15571,5216,15571,770,173
2044,3522,15572,5216,15572,770,173
2044,3522,15573,5216,15573,770,173
2044,3522,15574,5216,15574,770,173
2044,3522,15575,5216,15575,770,173
2041,3522,15576,5216,15576,770,173
2039,3522,15577,5216,15577,770,173
2039,3522,15578,5216,15578,770,173
2039,3522,15579,5216,15579,770,173
2039,3522,15580,5216,15580,770,173
2040,3522,15581,5216,15581,770,173
2041,3522,15582,5216,15582,770,173
2041,3522,15583,5216,15583,770,173
2042,3522,15584,5216,15584,770,173
2042,3522,15585,5216,15585,770,173
2042,3522,15586,5216,15586,770,173
2042,3522,15587,5216,15587,770,173
2042,3522,15588,5216,15588,770,173
2042,3522,15589,5216,15589,770,173
2043,3522,15590,5216,15590,770,173
2043,3522,15591,5216,15591,770,173
2043,3522,15592,5216,15592,770,173
2043,3522,15593,5216,15593,770,173
2043,3522,15594,5216,15594,770,173
2043,3522,15595,5216,15595,770,173
2043,3522,15596,5216,15596,770,173
2042,3522,15597,5216,15597,770,173
2042,3522,15598,5216,15598,770,173
2043,3522,15599,5216,15599,770,173
2042,3522,15600,5216,15600,770,173
2042,3522,15601,5216,15601,770,173
2042,3522,15602,5216,15602,770,173
2040,3522,15603,5216,15603,770,173
2040,3522,15604,5216,15604,770,173
2040,3522,15605,5216,15605,770,173
2041,3522,15606,5216,15606,770,173
2040,3522,15607,5216,15607,770,173
2039,3522,15608,5216,15608,770,173
2039,3522,15609,5216,15609,770,173
2039,3522,15610,5216,15610,770,173
2039,3522,15611,5216,15611,770,173
2039,3522,15612,5216,15612,770,173
2039,3522,15613,5216,15613,770,173
2039,3522,15614,5216,15614,770,173
2039,3522,15615,5216,15615,770,173
2036,3522,15616,5216,15616,770,173
2036,3522,15617,5216,15617,770,173
2036,3522,15618,5216,15618,770,173
2036,3522,15619,5216,15619,770,173
2036,3522,15620,5216,15620,770,173
2037,3522,15621,5216,15621,770,173
2037,3522,15622,5216,15622,770,173
2036,3522,15623,5216,15623,770,173
2036,3522,15624,5216,15624,770,173
2036,3522,15625,5216,15625,770,173
2036,3522,15626,5216,15626,770,173
2036,3522,15627,5216,15627,770,173
2036,3522,15628,5216,15628,770,173
2036,3522,15629,5216,15629,770,173
2036,3522,15630,5216,15630,770,173
2037,3522,15631,5216,15631,770,173
2037,3522,15632,5216,15632,770,173
2035,3522,15633,5216,15633,770,173
2035,3522,15634,5216,15634,770,173
2033,3522,15635,5216,15635,770,173
2032,3522,15636,5216,15636,770,173
2033,3522,15637,5216,15637,770,173
2033,3522,15638,5216,15638,770,173
2031,3522,15639,5216,15639,770,172
2029,3522,15640,5216,15640,770,172
2029,3522,15641,5216,15641,770,172
2028,3522,15642,5216,15642,770,171
2029,3522,15643,5216,15643,770,171
2029,3522,15644,5216,15644,770,171
2030,3522,15645,5216,15645,770,171
2030,3522,15646,5216,15646,770,171
2030,3522,15647,5216,15647,770,171
2030,3522,15648,5216,15648,770,171
2030,3522,15649,5216,15649,770,171
2031,3522,15650,5216,15650,770,171
2032,3522,15651,5216,15651,770,171
2032,3522,15652,5216,15652,770,171
2033,3522,15653,5216,15653,770,171
2031,3522,15654,5216,15654,770,171
2031,3522,15655,5216,15655,770,171
2031,3522,15656,5216,15656,770,171
2031,3522,15657,5216,15657,770,171
2032,3522,15658,5216,15658,770,171
2032,3522,15659,5216,15659,770,171
2033,3522,15660,5216,15660,770,171
2033,3522,15661,5216,15661,770,171
2033,3522,15662,5216,15662,770,171
2033,3522,15663,5216,15663,770,171
2033,3522,15664,5216,15664,770,171
2033,3522,15665,5216,15665,770,171
2034,3522,15666,5216,15666,770,171
2034,3522,15667,5216,15667,770,171
2035,3522,15668,5216,15668,770,171
2035,3522,15669,5216,15669,770,171
2035,3522,15670,5216,15670,770,171
2036,3522,15671,5216,15671,770,171
2036,3522,15672,5216,15672,770,171
2036,3522,15673,5216,15673,770,171
2035,3522,15674,5216,15674,770,171
2035,3522,15675,5216,15675,770,171
2035,3522,15676,5216,15676,770,171
2035,3522,15677,5216,15677,770,171
2035,3522,15678,5216,15678,770,171
2035,3522,15679,5216,15679,770,171
2035,3522,15680,5216,15680,770,171
2035,3522,15681,5216,15681,770,171
2035,3522,15682,5216,15682,770,171
2036,3522,15683,5216,15683,770,171
2037,3522,15684,5216,15684,770,171
2037,3522,15685,5216,15685,770,171
2033,3522,15686,5216,15686,770,171
2033,3522,15687,5216,15687,770,171
2032,3522,15688,5216,15688,770,170
2032,3522,15689,5216,15689,770,170
2031,3522,15690,5216,15690,770,170
2031,3522,15691,5216,15691,770,170
2031,3522,15692,5216,15692,770,170
2031,3522,15693,5216,15693,770,170
2031,3522,15694,5216,15694,770,170
2031,3522,15695,5216,15695,770,170
2030,3522,15696,5216,15696,770,170
2030,3522,15697,5216,15697,770,170
2030,3522,15698,5216,15698,770,170
2029,3522,15699,5216,15699,770,170
2030,3522,15700,5216,15700,770,170
2030,3522,15701,5216,15701,770,170
2030,3522,15702,5216,15702,770,170
2029,3522,15703,5216,15703,770,170
2029,3522,15704,5216,15704,770,170
2028,3522,15705,5216,15705,770,170
2028,3522,15706,5216,15706,770,170
2028,3522,15707,5216,15707,770,170
2028,3522,15708,5216,15708,770,170
2028,3522,15709,5216,15709,770,170
2028,3522,15710,5216,15710,770,170
2028,3522,15711,5216,15711,770,170
2028,3522,15712,5216,15712,770,170
2028,3522,15713,5216,15713,770,170
2028,3522,15714,5216,15714,770,170
2029,3522,15715,5216,15715,770,170
2030,3522,15716,5216,15716,770,170
2030,3522,15717,5216,15717,770,170
2030,3522,15718,5216,15718,770,170
2030,3522,15719,5216,15719,770,170
2030,3522,15720,5216,15720,770,170
2030,3522,15721,5216,15721,770,170
2030,3522,15722,5216,15722,770,170
2030,3522,15723,5216,15723,770,170
2030,3522,15724,5216,15724,770,170
2029,3522,15725,5216,15725,770,170
2029,3522,15726,5216,15726,770,170
2028,3522,15727,5216,15727,770,170
2029,3522,15728,5216,15728,770,170
2029,3522,15729,5216,15729,770,170
2030,3522,15730,5216,15730,770,170
2030,3522,15731,5216,15731,770,170
2029,3522,15732,5216,15732,770,170
2029,3522,15733,5216,15733,770,170
2029,3522,15734,5216,15734,770,170
2028,3522,15735,5216,15735,770,170
2028,3522,15736,5216,15736,770,170
2028,3522,15737,5216,15737,770,170
2028,3522,15738,5216,15738,770,170
2028,3522,15739,5216,15739,770,170
2028,3522,15740,5216,15740,770,170
2028,3522,15741,5216,15741,770,170
2028,3522,15742,5216,15742,770,170
2028,3522,15743,5216,15743,770,170
2029,3522,15744,5216,15744,770,170
2029,3522,15745,5216,15745,770,170
2029,3522,15746,5216,15746,770,170
2029,3522,15747,5216,15747,770,170
2028,3522,15748,5216,15748,770,170
2028,3522,15749,5216,15749,770,170
2028,3522,15750,5216,15750,770,170
2027,3522,15751,5216,15751,770,170
2027,3522,15752,5216,15752,770,170
2026,3522,15753,5216,15753,770,170
2025,3522,15754,5216,15754,770,170
2025,3522,15755,5216,15755,770,170
2025,3522,15756,5216,15756,770,170
2025,3522,15757,5216,15757,770,170
2025,3522,15758,5216,15758,770,170
2025,3522,15759,5216,15759,770,170
2025,3522,15760,5216,15760,770,170
2025,3522,15761,5216,15761,770,170
2025,3522,15762,5216,15762,770,170
2025,3522,15763,5216,15763,770,170
2025,3522,15764,5216,15764,770,170
2025,3522,15765,5216,15765,770,170
2025,3522,15766,5216,15766,770,170
2026,3522,15767,5216,15767,770,170
2026,3522,15768,5216,15768,770,170
2027,3522,15769,5216,15769,770,170
2028,3522,15770,5216,15770,770,170
2028,3522,15771,5216,15771,770,170
2028,3522,15772,5216,15772,770,170
2028,3522,15773,5216,15773,770,170
2028,3522,15774,5216,15774,770,170
2028,3522,15775,5216,15775,770,170
2029,3522,15776,5216,15776,770,170
2028,3522,15777,5216,15777,770,170
2027,3522,15778,5216,15778,770,170
2027,3522,15779,5216,15779,770,170
2027,3522,15780,5216,15780,770,170
2027,3522,15781,5216,15781,770,170
2026,3522,15782,5216,15782,770,170
2026,3522,15783,5216,15783,770,170
2026,3522,15784,5216,15784,770,170
2026,3522,15785,5216,15785,770,170
2026,3522,15786,5216,15786,770,170
2026,3522,15787,5216,15787,770,170
2026,3522,15788,5216,15788,770,170
2027,3522,15789,5216,15789,770,170
2028,3522,15790,5216,15790,770,170
2029,3522,15791,5216,15791,770,170
2029,3522,15792,5216,15792,770,170
2029,3522,15793,5216,15793,770,170
2029,3522,15794,5216,15794,770,170
2029,3522,15795,5216,15795,770,170
2029,3522,15796,5216,15796,770,170
2029,3522,15797,5216,15797,770,170
2029,3522,15798,5216,15798,770,170
2028,3522,15799,5216,15799,770,170
2027,3522,15800,5216,15800,770,170
2027,3522,15801,5216,15801,770,170
2027,3522,15802,5216,15802,770,170
2027,3522,15803,5216,15803,770,170
2028,3522,15804,5216,15804,770,170
2028,3522,15805,5216,15805,770,170
2028,3522,15806,5216,15806,770,170
2028,3522,15807,5216,15807,770,170
2028,3522,15808,5216,15808,770,170
2028,3522,15809,5216,15809,770,170
2029,3522,15810,5216,15810,770,170
2028,3522,15811,5216,15811,770,170
2028,3522,15812,5216,15812,770,170
2028,3522,15813,5216,15813,770,170
2028,3522,15814,5216,15814,770,170
2028,3522,15815,5216,15815,770,170
2028,3522,15816,5216,15816,770,170
2028,3522,15817,5216,15817,770,170
2028,3522,15818,5216,15818,770,170
2027,3522,15819,5216,15819,770,170
2027,3522,15820,5216,15820,770,170
2027,3522,15821,5216,15821,770,170
2027,3522,15822,5216,15822,770,170
2027,3522,15823,5216,15823,770,170
2028,3522,15824,5216,15824,770,170
2027,3522,15825,5216,15825,770,169
2027,3522,15826,5216,15826,770,169
2027,3522,15827,5216,15827,770,169
2028,3522,15828,5216,15828,770,169
2025,3522,15829,5216,15829,770,169
2025,3522,15830,5216,15830,770,169
2025,3522,15831,5216,15831,770,169
2023,3522,15832,5216,15832,770,169
2024,3522,15833,5216,15833,770,169
2024,3522,15834,5216,15834,770,169
2020,3522,15835,5216,15835,770,168
2020,3522,15836,5216,15836,770,168
2021,3522,15837,5216,15837,770,168
2021,3522,15838,5216,15838,770,168
2019,3522,15839,5216,15839,770,167
2019,3522,15840,5216,15840,770,167
2019,3522,15841,5216,15841,770,167
2019,3522,15842,5216,15842,770,167
2019,3522,15843,5216,15843,770,167
2020,3522,15844,5216,15844,770,167
2020,3522,15845,5216,15845,770,167
2020,3522,15846,5216,15846,770,167
2019,3522,15847,5216,15847,770,167
2019,3522,15848,5216,15848,770,167
2019,3522,15849,5216,15849,770,167
2019,3522,15850,5216,15850,770,167
2019,3522,15851,5216,15851,770,167
2019,3522,15852,5216,15852,770,167
2020,3522,15853,5216,15853,770,167
2019,3522,15854,5216,15854,770,167
2020,3522,15855,5216,15855,770,167
2020,3522,15856,5216,15856,770,167
2019,3522,15857,5216,15857,770,167
2019,3522,15858,5216,15858,770,167
2018,3522,15859,5216,15859,770,167
2018,3522,15860,5216,15860,770,167
2019,3522,15861,5216,15861,770,167
2019,3522,15862,5216,15862,770,167
2019,3522,15863,5216,15863,770,167
2020,3522,15864,5216,15864,770,167
2020,3522,15865,5216,15865,770,167
2020,3522,15866,5216,15866,770,167
2020,3522,15867,5216,15867,770,167
2019,3522,15868,5216,15868,770,167
2018,3522,15869,5216,15869,770,167
2019,3522,15870,5216,15870,770,167
2019,3522,15871,5216,15871,770,167
2019,3522,15872,5216,15872,770,167
2019,3522,15873,5216,15873,770,167
2018,3522,15874,5216,15874,770,167
2017,3522,15875,5216,15875,770,167
2017,3522,15876,5216,15876,770,167
2017,3522,15877,5216,15877,770,167
2017,3522,15878,5216,15878,770,167
2017,3522,15879,5216,15879,770,167
2018,3522,15880,5216,15880,770,167
2018,3522,15881,5216,15881,770,167
2019,3522,15882,5216,15882,770,167
2019,3522,15883,5216,15883,770,167
2019,3522,15884,5216,15884,770,167
2019,3522,15885,5216,15885,770,167
2019,3522,15886,5216,15886,770,167
2019,3522,15887,5216,15887,770,167
2019,3522,15888,5216,15888,770,167
2019,3522,15889,5216,15889,770,167
2020,3522,15890,5216,15890,770,167
2020,3522,15891,5216,15891,770,167
2020,3522,15892,5216,15892,770,167
2021,3522,15893,5216,15893,770,167
2021,3522,15894,5216,15894,770,167
2022,3522,15895,5216,15895,770,167
2021,3522,15896,5216,15896,770,167
2021,3522,15897,5216,15897,770,167
2020,3522,15898,5216,15898,770,167
2020,3522,15899,5216,15899,770,167
2021,3522,15900,5216,15900,770,167
2021,3522,15901,5216,15901,770,167
2021,3522,15902,5216,15902,770,167
2021,3522,15903,5216,15903,770,167
2021,3522,15904,5216,15904,770,167
2021,3522,15905,5216,15905,770,167
2021,3522,15906,5216,15906,770,167
2022,3522,15907,5216,15907,770,167
2022,3522,15908,5216,15908,770,167
2022,3522,15909,5216,15909,770,167
2023,3522,15910,5216,15910,770,167
2020,3522,15911,5216,15911,770,167
2020,3522,15912,5216,15912,770,167
2019,3522,15913,5216,15913,770,167
2018,3522,15914,5216,15914,770,167
2017,3522,15915,5216,15915,770,167
2017,3522,15916,5216,15916,770,167
2018,3522,15917,5216,15917,770,167
2018,3522,15918,5216,15918,770,167
2018,3522,15919,5216,15919,770,167
2018,3522,15920,5216,15920,770,167
2018,3522,15921,5216,15921,770,167
2018,3522,15922,5216,15922,770,167
2018,3522,15923,5216,15923,770,167
2018,3522,15924,5216,15924,770,167
2019,3522,15925,5216,15925,770,167
2019,3522,15926,5216,15926,770,167
2018,3522,15927,5216,15927,770,167
2018,3522,15928,5216,15928,770,167
2018,3522,15929,5216,15929,770,167
2018,3522,15930,5216,15930,770,167
2017,3522,15931,5216,15931,770,166
2017,3522,15932,5216,15932,770,166
2018,3522,15933,5216,15933,770,166
2018,3522,15934,5216,15934,770,166
2018,3522,15935,5216,15935,770,166
2016,3522,15936,5216,15936,770,166
2016,3522,15937,5216,15937,770,166
2016,3522,15938,5216,15938,770,166
2017,3522,15939,5216,15939,770,166
2018,3522,15940,5216,15940,770,166
2018,3522,15941,5216,15941,770,166
2019,3522,15942,5216,15942,770,166
2019,3522,15943,5216,15943,770,166
2020,3522,15944,5216,15944,770,166
2020,3522,15945,5216,15945,770,166
2020,3522,15946,5216,15946,770,166
2020,3522,15947,5216,15947,770,166
2019,3522,15948,5216,15948,770,166
2019,3522,15949,5216,15949,770,166
2020,3522,15950,5216,15950,770,166
2020,3522,15951,5216,15951,770,166
2020,3522,15952,5216,15952,770,166
2018,3522,15953,5216,15953,770,166
2018,3522,15954,5216,15954,770,166
2018,3522,15955,5216,15955,770,166
2018,3522,15956,5216,15956,770,166
2018,3522,15957,5216,15957,770,166
2018,3522,15958,5216,15958,770,166
2017,3522,15959,5216,15959,770,166
2015,3522,15960,5216,15960,770,166
2016,3522,15961,5216,15961,770,166
2017,3522,15962,5216,15962,770,166
2017,3522,15963,5216,15963,770,166
2017,3522,15964,5216,15964,770,166
2016,3522,15965,5216,15965,770,166
2016,3522,15966,5216,15966,770,166
2017,3522,15967,5216,15967,770,166
2018,3522,15968,5216,15968,770,166
2018,3522,15969,5216,15969,770,166
2017,3522,15970,5216,15970,770,166
2016,3522,15971,5216,15971,770,166
2016,3522,15972,5216,15972,770,166
2017,3522,15973,5216,15973,770,166
2017,3522,15974,5216,15974,770,166
2017,3522,15975,5216,15975,770,166
2017,3522,15976,5216,15976,770,166
2016,3522,15977,5216,15977,770,166
2016,3522,15978,5216,15978,770,166
2016,3522,15979,5216,15979,770,166
2015,3522,15980,5216,15980,770,166
2015,3522,15981,5216,15981,770,166
2015,3522,15982,5216,15982,770,166
2015,3522,15983,5216,15983,770,166
2015,3522,15984,5216,15984,770,166
2015,3522,15985,5216,15985,770,166
2015,3522,15986,5216,15986,770,166
2015,3522,15987,5216,15987,770,166
2015,3522,15988,5216,15988,770,166
2015,3522,15989,5216,15989,770,166
2015,3522,15990,5216,15990,770,166
2013,3522,15991,5216,15991,770,166
2014,3522,15992,5216,15992,770,166
2013,3522,15993,5216,15993,770,166
2013,3522,15994,5216,15994,770,166
2012,3522,15995,5216,15995,770,166
2012,3522,15996,5216,15996,770,166
2012,3522,15997,5216,15997,770,166
2012,3522,15998,5216,15998,770,166
2012,3522,15999,5216,15999,770,166
2012,3522,16000,5216,16000,770,166
2013,3522,16001,5216,16001,770,166
2013,3522,16002,5216,16002,770,166
2013,3522,16003,5216,16003,770,166
2013,3522,16004,5216,16004,770,166
2013,3522,16005,5216,16005,770,166
2014,3522,16006,5216,16006,770,166
2014,3522,16007,5216,16007,770,166
2013,3522,16008,5216,16008,770,166
2013,3522,16009,5216,16009,770,166
2013,3522,16010,5216,16010,770,166
2013,3522,16011,5216,16011,770,166
2011,3522,16012,5216,16012,770,166
2011,3522,16013,5216,16013,770,166
2012,3522,16014,5216,16014,770,166
2012,3522,16015,5216,16015,770,166
2011,3522,16016,5216,16016,770,166
2011,3522,16017,5216,16017,770,166
2011,3522,16018,5216,16018,770,166
2011,3522,16019,5216,16019,770,166
2011,3522,16020,5216,16020,770,166
2010,3522,16021,5216,16021,770,166
2010,3522,16022,5216,16022,770,166
2010,3522,16023,5216,16023,770,166
2010,3522,16024,5216,16024,770,166
2010,3522,16025,5216,16025,770,166
2009,3522,16026,5216,16026,770,166
2009,3522,16027,5216,16027,770,166
2010,3522,16028,5216,16028,770,166
2010,3522,16029,5216,16029,770,166
2009,3522,16030,5216,16030,770,166
2009,3522,16031,5216,16031,770,166
2008,3522,16032,5216,16032,770,166
2009,3522,16033,5216,16033,770,166
2009,3522,16034,5216,16034,770,166
2009,3522,16035,5216,16035,770,166
2009,3522,16036,5216,16036,770,166
2009,3522,16037,5216,16037,770,166
2008,3522,16038,5216,16038,770,166
2008,3522,16039,5216,16039,770,166
2008,3522,16040,5216,16040,770,166
2008,3522,16041,5216,16041,770,166
2008,3522,16042,5216,16042,770,166
2008,3522,16043,5216,16043,770,166
2008,3522,16044,5216,16044,770,166
2007,3522,16045,5216,16045,770,166
2007,3522,16046,5216,16046,770,166
2007,3522,16047,5216,16047,770,166
2007,3522,16048,5216,16048,770,166
2007,3522,16049,5216,16049,770,166
2007,3522,16050,5216,16050,770,166
2007,3522,16051,5216,16051,770,166
2007,3522,16052,5216,16052,770,166
2005,3522,16053,5216,16053,770,166
2005,3522,16054,5216,16054,770,166
2005,3522,16055,5216,16055,770,166
2006,3522,16056,5216,16056,770,166
2005,3522,16057,5216,16057,770,166
2005,3522,16058,5216,16058,770,166
2006,3522,16059,5216,16059,770,166
2006,3522,16060,5216,16060,770,166
2006,3522,16061,5216,16061,770,166
2006,3522,16062,5216,16062,770,166
2006,3522,16063,5216,16063,770,166
2006,3522,16064,5216,16064,770,166
2006,3522,16065,5216,16065,770,166
2005,3522,16066,5216,16066,770,166
2005,3522,16067,5216,16067,770,166
2006,3522,16068,5216,16068,770,166
2006,3522,16069,5216,16069,770,166
2006,3522,16070,5216,16070,770,166
2006,3522,16071,5216,16071,770,166
2006,3522,16072,5216,16072,770,166
2006,3522,16073,5216,16073,770,166
2006,3522,16074,5216,16074,770,166
2006,3522,16075,5216,16075,770,166
2006,3522,16076,5216,16076,770,166
2005,3522,16077,5216,16077,770,166
2004,3522,16078,5216,16078,770,166
2003,3522,16079,5216,16079,770,166
2001,3522,16080,5216,16080,770,165
2001,3522,16081,5216,16081,770,165
2002,3522,16082,5216,16082,770,165
2002,3522,16083,5216,16083,770,165
2002,3522,16084,5216,16084,770,165
2002,3522,16085,5216,16085,770,165
2002,3522,16086,5216,16086,770,165
2003,3522,16087,5216,16087,770,165
2004,3522,16088,5216,16088,770,165
2001,3522,16089,5216,16089,770,165
2002,3522,16090,5216,16090,770,165
2002,3522,16091,5216,16091,770,165
2002,3522,16092,5216,16092,770,165
2002,3522,16093,5216,16093,770,165
2003,3522,16094,5216,16094,770,165
2004,3522,16095,5216,16095,770,165
2004,3522,16096,5216,16096,770,165
2004,3522,16097,5216,16097,770,165
2004,3522,16098,5216,16098,770,165
2003,3522,16099,5216,16099,770,165
2003,3522,16100,5216,16100,770,165
2003,3522,16101,5216,16101,770,165
2002,3522,16102,5216,16102,770,165
2002,3522,16103,5216,16103,770,165
2001,3522,16104,5216,16104,770,165
2002,3522,16105,5216,16105,770,165
2003,3522,16106,5216,16106,770,165
2003,3522,16107,5216,16107,770,165
2002,3522,16108,5216,16108,770,165
2002,3522,16109,5216,16109,770,165
2002,3522,16110,5216,16110,770,165
2001,3522,16111,5216,16111,770,165
2001,3522,16112,5216,16112,770,165
2001,3522,16113,5216,16113,770,165
2001,3522,16114,5216,16114,770,165
1999,3522,16115,5216,16115,770,165
1999,3522,16116,5216,16116,770,165
1999,3522,16117,5216,16117,770,165
1998,3522,16118,5216,16118,770,165
1997,3522,16119,5216,16119,770,165
1997,3522,16120,5216,16120,770,165
1997,3522,16121,5216,16121,770,165
1997,3522,16122,5216,16122,770,165
1997,3522,16123,5216,16123,770,165
1996,3522,16124,5216,16124,770,165
1996,3522,16125,5216,16125,770,165
1996,3522,16126,5216,16126,770,165
1994,3522,16127,5216,16127,770,165
1994,3522,16128,5216,16128,770,165
1993,3522,16129,5216,16129,770,165
1993,3522,16130,5216,16130,770,165
1993,3522,16131,5216,16131,770,165
1993,3522,16132,5216,16132,770,165
1993,3522,16133,5216,16133,770,165
1992,3522,16134,5216,16134,770,165
1991,3522,16135,5216,16135,770,165
1992,3522,16136,5216,16136,770,165
1992,3522,16137,5216,16137,770,165
1986,3522,16138,5216,16138,770,163
1987,3522,16139,5216,16139,770,163
1987,3522,16140,5216,16140,770,163
1987,3522,16141,5216,16141,770,163
1987,3522,16142,5216,16142,770,163
1985,3522,16143,5216,16143,770,163
1985,3522,16144,5216,16144,770,163
1984,3522,16145,5216,16145,770,163
1984,3522,16146,5216,16146,770,163
1984,3522,16147,5216,16147,770,163
1984,3522,16148,5216,16148,770,163
1985,3522,16149,5216,16149,770,163
1985,3522,16150,5216,16150,770,163
1985,3522,16151,5216,16151,770,163
1985,3522,16152,5216,16152,770,163
1985,3522,16153,5216,16153,770,163
1985,3522,16154,5216,16154,770,163
1986,3522,16155,5216,16155,770,163
1986,3522,16156,5216,16156,770,163
1986,3522,16157,5216,16157,770,163
1986,3522,16158,5216,16158,770,163
1986,3522,16159,5216,16159,770,163
1986,3522,16160,5216,16160,770,163
1986,3522,16161,5216,16161,770,163
1986,3522,16162,5216,16162,770,163
1985,3522,16163,5216,16163,770,163
1985,3522,16164,5216,16164,770,163
1986,3522,16165,5216,16165,770,163
1986,3522,16166,5216,16166,770,163
1986,3522,16167,5216,16167,770,163
1986,3522,16168,5216,16168,770,163
1985,3522,16169,5216,16169,770,163
1986,3522,16170,5216,16170,770,163
1986,3522,16171,5216,16171,770,163
1986,3522,16172,5216,16172,770,163
1985,3522,16173,5216,16173,770,163
1985,3522,16174,5216,16174,770,163
1985,3522,16175,5216,16175,770,163
1986,3522,16176,5216,16176,770,163
1986,3522,16177,5216,16177,770,163
1986,3522,16178,5216,16178,770,163
1986,3522,16179,5216,16179,770,163
1985,3522,16180,5216,16180,770,163
1985,3522,16181,5216,16181,770,163
1985,3522,16182,5216,16182,770,163
1985,3522,16183,5216,16183,770,163
1985,3522,16184,5216,16184,770,163
1985,3522,16185,5216,16185,770,163
1985,3522,16186,5216,16186,770,163
1985,3522,16187,5216,16187,770,163
1985,3522,16188,5216,16188,770,163
1985,3522,16189,5216,16189,770,163
1985,3522,16190,5216,16190,770,163
1985,3522,16191,5216,16191,770,163
1986,3522,16192,5216,16192,770,163
1986,3522,16193,5216,16193,770,163
1986,3522,16194,5216,16194,770,163
1986,3522,16195,5216,16195,770,163
1986,3522,16196,5216,16196,770,163
1985,3522,16197,5216,16197,770,163
1986,3522,16198,5216,16198,770,163
1986,3522,16199,5216,16199,770,163
1986,3522,16200,5216,16200,770,163
1987,3522,16201,5216,16201,770,163
1987,3522,16202,5216,16202,770,163
1987,3522,16203,5216,16203,770,163
1987,3522,16204,5216,16204,770,163
1987,3522,16205,5216,16205,770,163
1987,3522,16206,5216,16206,770,163
1987,3522,16207,5216,16207,770,163
1986,3522,16208,5216,16208,770,163
1986,3522,16209,5216,16209,770,163
1987,3522,16210,5216,16210,770,163
1987,3522,16211,5216,16211,770,163
1987,3522,16212,5216,16212,770,163
1987,3522,16213,5216,16213,770,163
1987,3522,16214,5216,16214,770,163
1987,3522,16215,5216,16215,770,163
1987,3522,16216,5216,16216,770,163
1987,3522,16217,5216,16217,770,163
1987,3522,16218,5216,16218,770,163
1986,3522,16219,5216,16219,770,163
1986,3522,16220,5216,16220,770,163
1986,3522,16221,5216,16221,770,163
1986,3522,16222,5216,16222,770,163
1985,3522,16223,5216,16223,770,163
1985,3522,16224,5216,16224,770,163
1985,3522,16225,5216,16225,770,163
1983,3522,16226,5216,16226,770,163
1983,3522,16227,5216,16227,770,163
1983,3522,16228,5216,16228,770,163
1983,3522,16229,5216,16229,770,163
1983,3522,16230,5216,16230,770,163
1983,3522,16231,5216,16231,770,163
1983,3522,16232,5216,16232,770,163
1983,3522,16233,5216,16233,770,163
1984,3522,16234,5216,16234,770,163
1984,3522,16235,5216,16235,770,163
1984,3522,16236,5216,16236,770,163
1985,3522,16237,5216,16237,770,163
1985,3522,16238,5216,16238,770,163
1985,3522,16239,5216,16239,770,163
1984,3522,16240,5216,16240,770,163
1984,3522,16241,5216,16241,770,163
1985,3522,16242,5216,16242,770,163
1985,3522,16243,5216,16243,770,163
1984,3522,16244,5216,16244,770,163
1984,3522,16245,5216,16245,770,163
1984,3522,16246,5216,16246,770,163
1984,3522,16247,5216,16247,770,163
1984,3522,16248,5216,16248,770,163
1981,3522,16249,5216,16249,770,163
1981,3522,16250,5216,16250,770,163
1981,3522,16251,5216,16251,770,163
1982,3522,16252,5216,16252,770,163
1982,3522,16253,5216,16253,770,163
1982,3522,16254,5216,16254,770,163
1983,3522,16255,5216,16255,770,163
1983,3522,16256,5216,16256,770,163
1982,3522,16257,5216,16257,770,163
1983,3522,16258,5216,16258,770,163
1983,3522,16259,5216,16259,770,163
1982,3522,16260,5216,16260,770,163
1982,3522,16261,5216,16261,770,163
1982,3522,16262,5216,16262,770,163
1982,3522,16263,5216,16263,770,163
1983,3522,16264,5216,16264,770,163
1984,3522,16265,5216,16265,770,163
1984,3522,16266,5216,16266,770,163
1984,3522,16267,5216,16267,770,163
1984,3522,16268,5216,16268,770,163
1984,3522,16269,5216,16269,770,163
1984,3522,16270,5216,16270,770,163
1984,3522,16271,5216,16271,770,163
1984,3522,16272,5216,16272,770,163
1983,3522,16273,5216,16273,770,163
1983,3522,16274,5216,16274,770,163
1983,3522,16275,5216,16275,770,163
1984,3522,16276,5216,16276,770,163
1984,3522,16277,5216,16277,770,163
1984,3522,16278,5216,16278,770,163
1984,3522,16279,5216,16279,770,163
1985,3522,16280,5216,16280,770,163
1983,3522,16281,5216,16281,770,163
1983,3522,16282,5216,16282,770,163
1983,3522,16283,5216,16283,770,163
1982,3522,16284,5216,16284,770,163
1982,3522,16285,5216,16285,770,163
1982,3522,16286,5216,16286,770,163
1982,3522,16287,5216,16287,770,163
1980,3522,16288,5216,16288,770,161
1980,3522,16289,5216,16289,770,161
1979,3522,16290,5216,16290,770,161
1979,3522,16291,5216,16291,770,161
1979,3522,16292,5216,16292,770,161
1979,3522,16293,5216,16293,770,161
1979,3522,16294,5216,16294,770,161
1979,3522,16295,5216,16295,770,161
1979,3522,16296,5216,16296,770,161
1979,3522,16297,5216,16297,770,161
1979,3522,16298,5216,16298,770,161
1979,3522,16299,5216,16299,770,161
1979,3522,16300,5216,16300,770,161
1979,3522,16301,5216,16301,770,161
1979,3522,16302,5216,16302,770,161
1979,3522,16303,5216,16303,770,161
1979,3522,16304,5216,16304,770,161
1979,3522,16305,5216,16305,770,161
1979,3522,16306,5216,16306,770,161
1979,3522,16307,5216,16307,770,161
1979,3522,16308,5216,16308,770,161
1979,3522,16309,5216,16309,770,161
1978,3522,16310,5216,16310,770,161
1978,3522,16311,5216,16311,770,161
1979,3522,16312,5216,16312,770,161
1979,3522,16313,5216,16313,770,161
1979,3522,16314,5216,16314,770,161
1979,3522,16315,5216,16315,770,161
1978,3522,16316,5216,16316,770,161
1978,3522,16317,5216,16317,770,161
1979,3522,16318,5216,16318,770,161
1979,3522,16319,5216,16319,770,161
1979,3522,16320,5216,16320,770,161
1979,3522,16321,5216,16321,770,161
1979,3522,16322,5216,16322,770,161
1979,3522,16323,5216,16323,770,161
1978,3522,16324,5216,16324,770,161
1978,3522,16325,5216,16325,770,161
1978,3522,16326,5216,16326,770,161
1978,3522,16327,5216,16327,770,161
1979,3522,16328,5216,16328,770,161
1979,3522,16329,5216,16329,770,161
1979,3522,16330,5216,16330,770,161
1979,3522,16331,5216,16331,770,161
1980,3522,16332,5216,16332,770,161
1981,3522,16333,5216,16333,770,161
1981,3522,16334,5216,16334,770,161
1981,3522,16335,5216,16335,770,161
1982,3522,16336,5216,16336,770,161
1982,3522,16337,5216,16337,770,161
1982,3522,16338,5216,16338,770,161
1982,3522,16339,5216,16339,770,161
1982,3522,16340,5216,16340,770,161
1982,3522,16341,5216,16341,770,161
1983,3522,16342,5216,16342,770,161
1983,3522,16343,5216,16343,770,161
1983,3522,16344,5216,16344,770,161
1982,3522,16345,5216,16345,770,161
1982,3522,16346,5216,16346,770,161
1982,3522,16347,5216,16347,770,161
1981,3522,16348,5216,16348,770,161
1981,3522,16349,5216,16349,770,161
1982,3522,16350,5216,16350,770,161
1981,3522,16351,5216,16351,770,161
1981,3522,16352,5216,16352,770,161
1981,3522,16353,5216,16353,770,161
1981,3522,16354,5216,16354,770,161
1982,3522,16355,5216,16355,770,161
1982,3522,16356,5216,16356,770,161
1982,3522,16357,5216,16357,770,161
1982,3522,16358,5216,16358,770,161
1982,3522,16359,5216,16359,770,161
1981,3522,16360,5216,16360,770,161
1981,3522,16361,5216,16361,770,161
1981,3522,16362,5216,16362,770,161
1981,3522,16363,5216,16363,770,161
1979,3522,16364,5216,16364,770,161
1979,3522,16365,5216,16365,770,161
1979,3522,16366,5216,16366,770,161
1979,3522,16367,5216,16367,770,161
1979,3522,16368,5216,16368,770,161
1978,3522,16369,5216,16369,770,161
1978,3522,16370,5216,16370,770,161
1978,3522,16371,5216,16371,770,161
1978,3522,16372,5216,16372,770,161
1979,3522,16373,5216,16373,770,161
1979,3522,16374,5216,16374,770,161
1979,3522,16375,5216,16375,770,161
1979,3522,16376,5216,16376,770,161
1979,3522,16377,5216,16377,770,161
1979,3522,16378,5216,16378,770,161
1979,3522,16379,5216,16379,770,161
1979,3522,16380,5216,16380,770,161
1979,3522,16381,5216,16381,770,161
1979,3522,16382,5216,16382,770,161
1979,3522,16383,5216,16383,770,161
1979,3522,16384,5216,16384,770,161
1980,3522,16385,5216,16385,770,161
1980,3522,16386,5216,16386,770,161
1979,3522,16387,5216,16387,770,161
1979,3522,16388,5216,16388,770,161
1978,3522,16389,5216,16389,770,161
1978,3522,16390,5216,16390,770,161
1978,3522,16391,5216,16391,770,161
1978,3522,16392,5216,16392,770,161
1979,3522,16393,5216,16393,770,161
1979,3522,16394,5216,16394,770,161
1979,3522,16395,5216,16395,770,161
1979,3522,16396,5216,16396,770,161
1980,3522,16397,5216,16397,770,161
1979,3522,16398,5216,16398,770,161
1979,3522,16399,5216,16399,770,161
1979,3522,16400,5216,16400,770,161
1979,3522,16401,5216,16401,770,161
1979,3522,16402,5216,16402,770,161
1979,3522,16403,5216,16403,770,161
1979,3522,16404,5216,16404,770,161
1979,3522,16405,5216,16405,770,161
1979,3522,16406,5216,16406,770,161
1979,3522,16407,5216,16407,770,161
1980,3522,16408,5216,16408,770,161
1980,3522,16409,5216,16409,770,161
1978,3522,16410,5216,16410,770,160
1979,3522,16411,5216,16411,770,160
1979,3522,16412,5216,16412,770,160
1979,3522,16413,5216,16413,770,160
1979,3522,16414,5216,16414,770,160
1979,3522,16415,5216,16415,770,160
1979,3522,16416,5216,16416,770,160
1980,3522,16417,5216,16417,770,160
1980,3522,16418,5216,16418,770,160
1980,3522,16419,5216,16419,770,160
1980,3522,16420,5216,16420,770,160
1980,3522,16421,5216,16421,770,160
1979,3522,16422,5216,16422,770,160
1978,3522,16423,5216,16423,770,159
1978,3522,16424,5216,16424,770,159
1978,3522,16425,5216,16425,770,159
1977,3522,16426,5216,16426,770,159
1977,3522,16427,5216,16427,770,159
1975,3522,16428,5216,16428,770,159
1975,3522,16429,5216,16429,770,159
1974,3522,16430,5216,16430,770,159
1974,3522,16431,5216,16431,770,159
1974,3522,16432,5216,16432,770,159
1974,3522,16433,5216,16433,770,159
1974,3522,16434,5216,16434,770,159
1973,3522,16435,5216,16435,770,159
1973,3522,16436,5216,16436,770,159
1973,3522,16437,5216,16437,770,159
1969,3522,16438,5216,16438,770,159
1969,3522,16439,5216,16439,770,159
1968,3522,16440,5216,16440,770,159
1968,3522,16441,5216,16441,770,159
1968,3522,16442,5216,16442,770,159
1968,3522,16443,5216,16443,770,159
1968,3522,16444,5216,16444,770,159
1968,3522,16445,5216,16445,770,159
1968,3522,16446,5216,16446,770,159
1968,3522,16447,5216,16447,770,159
1968,3522,16448,5216,16448,770,159
1968,3522,16449,5216,16449,770,159
1969,3522,16450,5216,16450,770,159
1969,3522,16451,5216,16451,770,159
1969,3522,16452,5216,16452,770,159
1970,3522,16453,5216,16453,770,159
1971,3522,16454,5216,16454,770,159
1971,3522,16455,5216,16455,770,159
1972,3522,16456,5216,16456,770,159
1972,3522,16457,5216,16457,770,159
1971,3522,16458,5216,16458,770,159
1972,3522,16459,5216,16459,770,159
1972,3522,16460,5216,16460,770,159
1972,3522,16461,5216,16461,770,159
1972,3522,16462,5216,16462,770,159
1972,3522,16463,5216,16463,770,159
1972,3522,16464,5216,16464,770,159
1972,3522,16465,5216,16465,770,159
1970,3522,16466,5216,16466,770,158
1970,3522,16467,5216,16467,770,158
1970,3522,16468,5216,16468,770,158
1970,3522,16469,5216,16469,770,158
1970,3522,16470,5216,16470,770,158
1970,3522,16471,5216,16471,770,158
1969,3522,16472,5216,16472,770,158
1969,3522,16473,5216,16473,770,158
1969,3522,16474,5216,16474,770,158
1969,3522,16475,5216,16475,770,158
1969,3522,16476,5216,16476,770,158
1969,3522,16477,5216,16477,770,158
1969,3522,16478,5216,16478,770,158
1966,3522,16479,5216,16479,770,158
1966,3522,16480,5216,16480,770,158
1965,3522,16481,5216,16481,770,158
1965,3522,16482,5216,16482,770,158
1965,3522,16483,5216,16483,770,158
1965,3522,16484,5216,16484,770,158
1965,3522,16485,5216,16485,770,158
1965,3522,16486,5216,16486,770,158
1965,3522,16487,5216,16487,770,158
1965,3522,16488,5216,16488,770,158
1965,3522,16489,5216,16489,770,158
1965,3522,16490,5216,16490,770,158
1965,3522,16491,5216,16491,770,158
1965,3522,16492,5216,16492,770,158
1966,3522,16493,5216,16493,770,158
1966,3522,16494,5216,16494,770,158
1966,3522,16495,5216,16495,770,158
1967,3522,16496,5216,16496,770,158
1967,3522,16497,5216,16497,770,158
1967,3522,16498,5216,16498,770,158
1967,3522,16499,5216,16499,770,158
1967,3522,16500,5216,16500,770,158
1967,3522,16501,5216,16501,770,158
1967,3522,16502,5216,16502,770,158
1967,3522,16503,5216,16503,770,158
1968,3522,16504,5216,16504,770,158
1968,3522,16505,5216,16505,770,158
1968,3522,16506,5216,16506,770,158
1966,3522,16507,5216,16507,770,158
1966,3522,16508,5216,16508,770,158
1965,3522,16509,5216,16509,770,158
1965,3522,16510,5216,16510,770,158
1966,3522,16511,5216,16511,770,158
1966,3522,16512,5216,16512,770,158
1966,3522,16513,5216,16513,770,158
1966,3522,16514,5216,16514,770,158
1967,3522,16515,5216,16515,770,158
1967,3522,16516,5216,16516,770,158
1965,3522,16517,5216,16517,770,158
1965,3522,16518,5216,16518,770,158
1965,3522,16519,5216,16519,770,158
1965,3522,16520,5216,16520,770,158
1965,3522,16521,5216,16521,770,158
1965,3522,16522,5216,16522,770,158
1965,3522,16523,5216,16523,770,158
1965,3522,16524,5216,16524,770,158
1965,3522,16525,5216,16525,770,158
1965,3522,16526,5216,16526,770,158
1965,3522,16527,5216,16527,770,158
1965,3522,16528,5216,16528,770,158
1966,3522,16529,5216,16529,770,158
1967,3522,16530,5216,16530,770,158
1967,3522,16531,5216,16531,770,158
1964,3522,16532,5216,16532,770,158
1964,3522,16533,5216,16533,770,158
1965,3522,16534,5216,16534,770,158
1965,3522,16535,5216,16535,770,158
1965,3522,16536,5216,16536,770,158
1963,3522,16537,5216,16537,770,158
1961,3522,16538,5216,16538,770,158
1959,3522,16539,5216,16539,770,158
1959,3522,16540,5216,16540,770,158
1959,3522,16541,5216,16541,770,158
1959,3522,16542,5216,16542,770,158
1959,3522,16543,5216,16543,770,158
1959,3522,16544,5216,16544,770,158
1960,3522,16545,5216,16545,770,158
1960,3522,16546,5216,16546,770,158
1960,3522,16547,5216,16547,770,158
1961,3522,16548,5216,16548,770,158
1960,3522,16549,5216,16549,770,158
1959,3522,16550,5216,16550,770,158
1959,3522,16551,5216,16551,770,158
1959,3522,16552,5216,16552,770,158
1958,3522,16553,5216,16553,770,157
1958,3522,16554,5216,16554,770,157
1957,3522,16555,5216,16555,770,157
1957,3522,16556,5216,16556,770,157
1957,3522,16557,5216,16557,770,157
1957,3522,16558,5216,16558,770,157
1958,3522,16559,5216,16559,770,157
1958,3522,16560,5216,16560,770,157
1958,3522,16561,5216,16561,770,157
1957,3522,16562,5216,16562,770,157
1957,3522,16563,5216,16563,770,157
1957,3522,16564,5216,16564,770,157
1955,3522,16565,5216,16565,770,157
1955,3522,16566,5216,16566,770,157
1955,3522,16567,5216,16567,770,157
1955,3522,16568,5216,16568,770,157
1955,3522,16569,5216,16569,770,157
1955,3522,16570,5216,16570,770,157
1955,3522,16571,5216,16571,770,157
1955,3522,16572,5216,16572,770,157
1955,3522,16573,5216,16573,770,157
1954,3522,16574,5216,16574,770,157
1954,3522,16575,5216,16575,770,157
1954,3522,16576,5216,16576,770,157
1954,3522,16577,5216,16577,770,157
1954,3522,16578,5216,16578,770,157
1954,3522,16579,5216,16579,770,157
1954,3522,16580,5216,16580,770,157
1954,3522,16581,5216,16581,770,157
1954,3522,16582,5216,16582,770,157
1954,3522,16583,5216,16583,770,157
1954,3522,16584,5216,16584,770,157
1954,3522,16585,5216,16585,770,157
1954,3522,16586,5216,16586,770,157
1954,3522,16587,5216,16587,770,157
1954,3522,16588,5216,16588,770,157
1954,3522,16589,5216,16589,770,157
1954,3522,16590,5216,16590,770,157
1954,3522,16591,5216,16591,770,157
1953,3522,16592,5216,16592,770,157
1954,3522,16593,5216,16593,770,157
1955,3522,16594,5216,16594,770,157
1955,3522,16595,5216,16595,770,157
1955,3522,16596,5216,16596,770,157
1955,3522,16597,5216,16597,770,157
1956,3522,16598,5216,16598,770,157
1956,3522,16599,5216,16599,770,157
1956,3522,16600,5216,16600,770,157
1956,3522,16601,5216,16601,770,157
1956,3522,16602,5216,16602,770,157
1956,3522,16603,5216,16603,770,157
1955,3522,16604,5216,16604,770,157
1955,3522,16605,5216,16605,770,157
1955,3522,16606,5216,16606,770,157
1954,3522,16607,5216,16607,770,157
1954,3522,16608,5216,16608,770,157
1954,3522,16609,5216,16609,770,157
1954,3522,16610,5216,16610,770,157
1954,3522,16611,5216,16611,770,157
1954,3522,16612,5216,16612,770,157
1954,3522,16613,5216,16613,770,157
1954,3522,16614,5216,16614,770,157
1954,3522,16615,5216,16615,770,157
1954,3522,16616,5216,16616,770,157
1955,3522,16617,5216,16617,770,157
1955,3522,16618,5216,16618,770,157
1955,3522,16619,5216,16619,770,157
1955,3522,16620,5216,16620,770,157
1955,3522,16621,5216,16621,770,157
1955,3522,16622,5216,16622,770,157
1955,3522,16623,5216,16623,770,157
1955,3522,16624,5216,16624,770,157
1955,3522,16625,5216,16625,770,157
1955,3522,16626,5216,16626,770,157
1955,3522,16627,5216,16627,770,157
1955,3522,16628,5216,16628,770,157
1955,3522,16629,5216,16629,770,157
1954,3522,16630,5216,16630,770,157
1954,3522,16631,5216,16631,770,157
1954,3522,16632,5216,16632,770,157
1954,3522,16633,5216,16633,770,157
1954,3522,16634,5216,16634,770,157
1954,3522,16635,5216,16635,770,157
1955,3522,16636,5216,16636,770,157
1955,3522,16637,5216,16637,770,157
1955,3522,16638,5216,16638,770,157
1956,3522,16639,5216,16639,770,157
1956,3522,16640,5216,16640,770,157
1956,3522,16641,5216,16641,770,157
1955,3522,16642,5216,16642,770,157
1955,3522,16643,5216,16643,770,157
1956,3522,16644,5216,16644,770,157
1956,3522,16645,5216,16645,770,157
1956,3522,16646,5216,16646,770,157
1956,3522,16647,5216,16647,770,157
1956,3522,16648,5216,16648,770,157
1957,3522,16649,5216,16649,770,157
1957,3522,16650,5216,16650,770,157
1957,3522,16651,5216,16651,770,157
1957,3522,16652,5216,16652,770,157
1958,3522,16653,5216,16653,770,157
1957,3522,16654,5216,16654,770,157
1958,3522,16655,5216,16655,770,157
1958,3522,16656,5216,16656,770,157
1957,3522,16657,5216,16657,770,156
1957,3522,16658,5216,16658,770,156
1958,3522,16659,5216,16659,770,156
1958,3522,16660,5216,16660,770,156
1956,3522,16661,5216,16661,770,156
1956,3522,16662,5216,16662,770,156
1957,3522,16663,5216,16663,770,156
1957,3522,16664,5216,16664,770,156
1957,3522,16665,5216,16665,770,156
1957,3522,16666,5216,16666,770,156
1957,3522,16667,5216,16667,770,156
1957,3522,16668,5216,16668,770,156
1957,3522,16669,5216,16669,770,156
1957,3522,16670,5216,16670,770,156
1957,3522,16671,5216,16671,770,156
1957,3522,16672,5216,16672,770,156
1957,3522,16673,5216,16673,770,156
1957,3522,16674,5216,16674,770,156
1957,3522,16675,5216,16675,770,156
1957,3522,16676,5216,16676,770,156
1957,3522,16677,5216,16677,770,156
1957,3522,16678,5216,16678,770,156
1957,3522,16679,5216,16679,770,156
1957,3522,16680,5216,16680,770,156
1957,3522,16681,5216,16681,770,156
1958,3522,16682,5216,16682,770,156
1958,3522,16683,5216,16683,770,156
1959,3522,16684,5216,16684,770,156
1959,3522,16685,5216,16685,770,156
1959,3522,16686,5216,16686,770,156
1959,3522,16687,5216,16687,770,156
1959,3522,16688,5216,16688,770,156
1959,3522,16689,5216,16689,770,156
1958,3522,16690,5216,16690,770,156
1958,3522,16691,5216,16691,770,156
1958,3522,16692,5216,16692,770,156
1958,3522,16693,5216,16693,770,156
1956,3522,16694,5216,16694,770,156
1956,3522,16695,5216,16695,770,156
1957,3522,16696,5216,16696,770,156
1957,3522,16697,5216,16697,770,156
1957,3522,16698,5216,16698,770,156
1957,3522,16699,5216,16699,770,156
1957,3522,16700,5216,16700,770,156
1958,3522,16701,5216,16701,770,156
1957,3522,16702,5216,16702,770,156
1955,3522,16703,5216,16703,770,156
1956,3522,16704,5216,16704,770,156
1956,3522,16705,5216,16705,770,156
1956,3522,16706,5216,16706,770,156
1955,3522,16707,5216,16707,770,156
1954,3522,16708,5216,16708,770,156
1952,3522,16709,5216,16709,770,156
1952,3522,16710,5216,16710,770,156
1952,3522,16711,5216,16711,770,156
1951,3522,16712,5216,16712,770,156
1952,3522,16713,5216,16713,770,156
1952,3522,16714,5216,16714,770,156
1952,3522,16715,5216,16715,770,156
1952,3522,16716,5216,16716,770,156
1952,3522,16717,5216,16717,770,156
1952,3522,16718,5216,16718,770,156
1950,3522,16719,5216,16719,770,156
1950,3522,16720,5216,16720,770,156
1950,3522,16721,5216,16721,770,156
1950,3522,16722,5216,16722,770,156
1951,3522,16723,5216,16723,770,156
1951,3522,16724,5216,16724,770,156
1950,3522,16725,5216,16725,770,156
1950,3522,16726,5216,16726,770,156
1950,3522,16727,5216,16727,770,156
1949,3522,16728,5216,16728,770,156
1949,3522,16729,5216,16729,770,156
1949,3522,16730,5216,16730,770,156
1949,3522,16731,5216,16731,770,156
1950,3522,16732,5216,16732,770,156
1950,3522,16733,5216,16733,770,156
1951,3522,16734,5216,16734,770,156
1951,3522,16735,5216,16735,770,156
1951,3522,16736,5216,16736,770,156
1951,3522,16737,5216,16737,770,156
1951,3522,16738,5216,16738,770,156
1951,3522,16739,5216,16739,770,156
1951,3522,16740,5216,16740,770,156
1951,3522,16741,5216,16741,770,156
1951,3522,16742,5216,16742,770,156
1950,3522,16743,5216,16743,770,156
1950,3522,16744,5216,16744,770,156
1951,3522,16745,5216,16745,770,156
1951,3522,16746,5216,16746,770,156
1949,3522,16747,5216,16747,770,155
1949,3522,16748,5216,16748,770,155
1949,3522,16749,5216,16749,770,155
1948,3522,16750,5216,16750,770,155
1948,3522,16751,5216,16751,770,155
1948,3522,16752,5216,16752,770,155
1949,3522,16753,5216,16753,770,155
1949,3522,16754,5216,16754,770,155
1949,3522,16755,5216,16755,770,155
1949,3522,16756,5216,16756,770,155
1949,3522,16757,5216,16757,770,155
1949,3522,16758,5216,16758,770,155
1949,3522,16759,5216,16759,770,155
1948,3522,16760,5216,16760,770,155
1946,3522,16761,5216,16761,770,153
1946,3522,16762,5216,16762,770,153
1946,3522,16763,5216,16763,770,153
1945,3522,16764,5216,16764,770,153
1945,3522,16765,5216,16765,770,153
1945,3522,16766,5216,16766,770,153
1945,3522,16767,5216,16767,770,153
1946,3522,16768,5216,16768,770,153
1946,3522,16769,5216,16769,770,153
1947,3522,16770,5216,16770,770,153
1947,3522,16771,5216,16771,770,153
1947,3522,16772,5216,16772,770,153
1947,3522,16773,5216,16773,770,153
1947,3522,16774,5216,16774,770,153
1947,3522,16775,5216,16775,770,153
1947,3522,16776,5216,16776,770,153
1947,3522,16777,5216,16777,770,153
1947,3522,16778,5216,16778,770,153
1947,3522,16779,5216,16779,770,153
1947,3522,16780,5216,16780,770,153
1947,3522,16781,5216,16781,770,153
1947,3522,16782,5216,16782,770,153
1947,3522,16783,5216,16783,770,153
1947,3522,16784,5216,16784,770,153
1948,3522,16785,5216,16785,770,153
1949,3522,16786,5216,16786,770,153
1949,3522,16787,5216,16787,770,153
1948,3522,16788,5216,16788,770,153
1948,3522,16789,5216,16789,770,153
1948,3522,16790,5216,16790,770,153
1948,3522,16791,5216,16791,770,153
1948,3522,16792,5216,16792,770,153
1948,3522,16793,5216,16793,770,153
1949,3522,16794,5216,16794,770,153
1947,3522,16795,5216,16795,770,153
1948,3522,16796,5216,16796,770,153
1948,3522,16797,5216,16797,770,153
1948,3522,16798,5216,16798,770,153
1948,3522,16799,5216,16799,770,153
1949,3522,16800,5216,16800,770,153
1949,3522,16801,5216,16801,770,153
1949,3522,16802,5216,16802,770,153
1948,3522,16803,5216,16803,770,153
1948,3522,16804,5216,16804,770,153
1948,3522,16805,5216,16805,770,153
1948,3522,16806,5216,16806,770,153
1948,3522,16807,5216,16807,770,153
1948,3522,16808,5216,16808,770,153
1948,3522,16809,5216,16809,770,153
1948,3522,16810,5216,16810,770,153
1948,3522,16811,5216,16811,770,153
1948,3522,16812,5216,16812,770,153
1947,3522,16813,5216,16813,770,153
1947,3522,16814,5216,16814,770,153
1947,3522,16815,5216,16815,770,153
1947,3522,16816,5216,16816,770,153
1947,3522,16817,5216,16817,770,153
1948,3522,16818,5216,16818,770,153
1948,3522,16819,5216,16819,770,153
1948,3522,16820,5216,16820,770,153
1948,3522,16821,5216,16821,770,153
1947,3522,16822,5216,16822,770,153
1945,3522,16823,5216,16823,770,153
1945,3522,16824,5216,16824,770,153
1944,3522,16825,5216,16825,770,153
1944,3522,16826,5216,16826,770,153
1944,3522,16827,5216,16827,770,153
1944,3522,16828,5216,16828,770,153
1944,3522,16829,5216,16829,770,153
1943,3522,16830,5216,16830,770,153
1943,3522,16831,5216,16831,770,153
1942,3522,16832,5216,16832,770,153
1942,3522,16833,5216,16833,770,153
1942,3522,16834,5216,16834,770,153
1942,3522,16835,5216,16835,770,153
1942,3522,16836,5216,16836,770,153
1941,3522,16837,5216,16837,770,153
1941,3522,16838,5216,16838,770,153
1941,3522,16839,5216,16839,770,153
1942,3522,16840,5216,16840,770,153
1942,3522,16841,5216,16841,770,153
1942,3522,16842,5216,16842,770,153
1942,3522,16843,5216,16843,770,153
1942,3522,16844,5216,16844,770,153
1942,3522,16845,5216,16845,770,153
1942,3522,16846,5216,16846,770,153
1942,3522,16847,5216,16847,770,153
1942,3522,16848,5216,16848,770,153
1942,3522,16849,5216,16849,770,153
1943,3522,16850,5216,16850,770,153
1943,3522,16851,5216,16851,770,153
1943,3522,16852,5216,16852,770,153
1943,3522,16853,5216,16853,770,153
1942,3522,16854,5216,16854,770,153
1941,3522,16855,5216,16855,770,153
1941,3522,16856,5216,16856,770,153
1941,3522,16857,5216,16857,770,153
1940,3522,16858,5216,16858,770,153
1940,3522,16859,5216,16859,770,153
1941,3522,16860,5216,16860,770,153
1942,3522,16861,5216,16861,770,153
1942,3522,16862,5216,16862,770,153
1942,3522,16863,5216,16863,770,153
1941,3522,16864,5216,16864,770,153
1941,3522,16865,5216,16865,770,153
1940,3522,16866,5216,16866,770,153
1940,3522,16867,5216,16867,770,153
1939,3522,16868,5216,16868,770,153
1939,3522,16869,5216,16869,770,153
1935,3522,16870,5216,16870,770,153
1935,3522,16871,5216,16871,770,153
1935,3522,16872,5216,16872,770,153
1935,3522,16873,5216,16873,770,153
1935,3522,16874,5216,16874,770,153
1935,3522,16875,5216,16875,770,153
1935,3522,16876,5216,16876,770,153
1935,3522,16877,5216,16877,770,153
1935,3522,16878,5216,16878,770,153
1935,3522,16879,5216,16879,770,153
1935,3522,16880,5216,16880,770,153
1936,3522,16881,5216,16881,770,153
1936,3522,16882,5216,16882,770,153
1936,3522,16883,5216,16883,770,153
1936,3522,16884,5216,16884,770,153
1936,3522,16885,5216,16885,770,153
1936,3522,16886,5216,16886,770,153
1937,3522,16887,5216,16887,770,153
1936,3522,16888,5216,16888,770,153
1935,3522,16889,5216,16889,770,153
1935,3522,16890,5216,16890,770,153
1935,3522,16891,5216,16891,770,153
1935,3522,16892,5216,16892,770,153
1935,3522,16893,5216,16893,770,153
1934,3522,16894,5216,16894,770,153
1934,3522,16895,5216,16895,770,153
1934,3522,16896,5216,16896,770,153
1934,3522,16897,5216,16897,770,153
1934,3522,16898,5216,16898,770,153
1934,3522,16899,5216,16899,770,153
1934,3522,16900,5216,16900,770,153
1934,3522,16901,5216,16901,770,153
1934,3522,16902,5216,16902,770,153
1934,3522,16903,5216,16903,770,153
1933,3522,16904,5216,16904,770,153
1934,3522,16905,5216,16905,770,153
1934,3522,16906,5216,16906,770,153
1934,3522,16907,5216,16907,770,153
1934,3522,16908,5216,16908,770,153
1934,3522,16909,5216,16909,770,153
1934,3522,16910,5216,16910,770,153
1934,3522,16911,5216,16911,770,153
1934,3522,16912,5216,16912,770,153
1934,3522,16913,5216,16913,770,153
1934,3522,16914,5216,16914,770,153
1934,3522,16915,5216,16915,770,153
1934,3522,16916,5216,16916,770,153
1934,3522,16917,5216,16917,770,153
1934,3522,16918,5216,16918,770,153
1935,3522,16919,5216,16919,770,153
1936,3522,16920,5216,16920,770,153
1936,3522,16921,5216,16921,770,153
1935,3522,16922,5216,16922,770,153
1935,3522,16923,5216,16923,770,153
1935,3522,16924,5216,16924,770,153
1934,3522,16925,5216,16925,770,153
1934,3522,16926,5216,16926,770,153
1934,3522,16927,5216,16927,770,153
1934,3522,16928,5216,16928,770,153
1933,3522,16929,5216,16929,770,153
1933,3522,16930,5216,16930,770,153
1933,3522,16931,5216,16931,770,153
1933,3522,16932,5216,16932,770,153
1934,3522,16933,5216,16933,770,153
1934,3522,16934,5216,16934,770,153
1934,3522,16935,5216,16935,770,153
1934,3522,16936,5216,16936,770,153
1935,3522,16937,5216,16937,770,153
1935,3522,16938,5216,16938,770,153
1935,3522,16939,5216,16939,770,153
1935,3522,16940,5216,16940,770,153
1935,3522,16941,5216,16941,770,153
1934,3522,16942,5216,16942,770,153
1935,3522,16943,5216,16943,770,153
1935,3522,16944,5216,16944,770,153
1935,3522,16945,5216,16945,770,153
1935,3522,16946,5216,16946,770,153
1935,3522,16947,5216,16947,770,153
1935,3522,16948,5216,16948,770,153
1935,3522,16949,5216,16949,770,153
1935,3522,16950,5216,16950,770,153
1934,3522,16951,5216,16951,770,153
1935,3522,16952,5216,16952,770,153
1935,3522,16953,5216,16953,770,153
1934,3522,16954,5216,16954,770,153
1934,3522,16955,5216,16955,770,153
1932,3522,16956,5216,16956,770,153
1933,3522,16957,5216,16957,770,153
1933,3522,16958,5216,16958,770,153
1933,3522,16959,5216,16959,770,153
1933,3522,16960,5216,16960,770,153
1933,3522,16961,5216,16961,770,153
1934,3522,16962,5216,16962,770,153
1934,3522,16963,5216,16963,770,153
1933,3522,16964,5216,16964,770,153
1933,3522,16965,5216,16965,770,153
1933,3522,16966,5216,16966,770,153
1933,3522,16967,5216,16967,770,153
1934,3522,16968,5216,16968,770,153
1934,3522,16969,5216,16969,770,153
1934,3522,16970,5216,16970,770,153
1934,3522,16971,5216,16971,770,153
1935,3522,16972,5216,16972,770,153
1935,3522,16973,5216,16973,770,153
1935,3522,16974,5216,16974,770,153
1935,3522,16975,5216,16975,770,153
1935,3522,16976,5216,16976,770,153
1935,3522,16977,5216,16977,770,153
1936,3522,16978,5216,16978,770,153
1936,3522,16979,5216,16979,770,153
1935,3522,16980,5216,16980,770,153
1935,3522,16981,5216,16981,770,153
1936,3522,16982,5216,16982,770,153
1935,3522,16983,5216,16983,770,153
1935,3522,16984,5216,16984,770,153
1935,3522,16985,5216,16985,770,153
1934,3522,16986,5216,16986,770,153
1934,3522,16987,5216,16987,770,153
1934,3522,16988,5216,16988,770,153
1934,3522,16989,5216,16989,770,153
1935,3522,16990,5216,16990,770,153
1935,3522,16991,5216,16991,770,153
1935,3522,16992,5216,16992,770,153
1935,3522,16993,5216,16993,770,153
1934,3522,16994,5216,16994,770,153
1934,3522,16995,5216,16995,770,153
1934,3522,16996,5216,16996,770,153
1934,3522,16997,5216,16997,770,153
1934,3522,16998,5216,16998,770,153
1934,3522,16999,5216,16999,770,153
1934,3522,17000,5216,17000,770,153
1934,3522,17001,5216,17001,770,153
1933,3522,17002,5216,17002,770,153
1933,3522,17003,5216,17003,770,153
1933,3522,17004,5216,17004,770,153
1933,3522,17005,5216,17005,770,153
1933,3522,17006,5216,17006,770,153
1933,3522,17007,5216,17007,770,153
1934,3522,17008,5216,17008,770,153
1934,3522,17009,5216,17009,770,153
1932,3522,17010,5216,17010,770,153
1931,3522,17011,5216,17011,770,153
1931,3522,17012,5216,17012,770,153
1931,3522,17013,5216,17013,770,153
1932,3522,17014,5216,17014,770,153
1933,3522,17015,5216,17015,770,153
1933,3522,17016,5216,17016,770,153
1933,3522,17017,5216,17017,770,153
1934,3522,17018,5216,17018,770,153
1934,3522,17019,5216,17019,770,153
1934,3522,17020,5216,17020,770,153
1933,3522,17021,5216,17021,770,153
1933,3522,17022,5216,17022,770,153
1933,3522,17023,5216,17023,770,153
1933,3522,17024,5216,17024,770,153
1932,3522,17025,5216,17025,770,153
1932,3522,17026,5216,17026,770,153
1932,3522,17027,5216,17027,770,153
1932,3522,17028,5216,17028,770,153
1933,3522,17029,5216,17029,770,153
1933,3522,17030,5216,17030,770,153
1933,3522,17031,5216,17031,770,153
1933,3522,17032,5216,17032,770,153
1933,3522,17033,5216,17033,770,153
1933,3522,17034,5216,17034,770,153
1933,3522,17035,5216,17035,770,153
1934,3522,17036,5216,17036,770,153
1934,3522,17037,5216,17037,770,153
1934,3522,17038,5216,17038,770,153
1934,3522,17039,5216,17039,770,153
1935,3522,17040,5216,17040,770,153
1935,3522,17041,5216,17041,770,153
1935,3522,17042,5216,17042,770,153
1935,3522,17043,5216,17043,770,153
1935,3522,17044,5216,17044,770,153
1934,3522,17045,5216,17045,770,153
1933,3522,17046,5216,17046,770,153
1933,3522,17047,5216,17047,770,153
1933,3522,17048,5216,17048,770,153
1932,3522,17049,5216,17049,770,153
1932,3522,17050,5216,17050,770,153
1933,3522,17051,5216,17051,770,153
1933,3522,17052,5216,17052,770,153
1933,3522,17053,5216,17053,770,153
1934,3522,17054,5216,17054,770,153
1934,3522,17055,5216,17055,770,153
1934,3522,17056,5216,17056,770,153
1934,3522,17057,5216,17057,770,153
1935,3522,17058,5216,17058,770,153
1935,3522,17059,5216,17059,770,153
1935,3522,17060,5216,17060,770,153
1936,3522,17061,5216,17061,770,153
1936,3522,17062,5216,17062,770,153
1936,3522,17063,5216,17063,770,153
1937,3522,17064,5216,17064,770,153
1936,3522,17065,5216,17065,770,153
1936,3522,17066,5216,17066,770,153
1936,3522,17067,5216,17067,770,153
1936,3522,17068,5216,17068,770,153
1934,3522,17069,5216,17069,770,153
1935,3522,17070,5216,17070,770,153
1935,3522,17071,5216,17071,770,153
1935,3522,17072,5216,17072,770,153
1935,3522,17073,5216,17073,770,153
1934,3522,17074,5216,17074,770,152
1935,3522,17075,5216,17075,770,152
1935,3522,17076,5216,17076,770,152
1936,3522,17077,5216,17077,770,152
1936,3522,17078,5216,17078,770,152
1936,3522,17079,5216,17079,770,152
1936,3522,17080,5216,17080,770,152
1936,3522,17081,5216,17081,770,152
1936,3522,17082,5216,17082,770,152
1936,3522,17083,5216,17083,770,152
1937,3522,17084,5216,17084,770,152
1937,3522,17085,5216,17085,770,152
1937,3522,17086,5216,17086,770,152
1937,3522,17087,5216,17087,770,152
1937,3522,17088,5216,17088,770,152
1937,3522,17089,5216,17089,770,152
1935,3522,17090,5216,17090,770,152
1936,3522,17091,5216,17091,770,152
1936,3522,17092,5216,17092,770,152
1936,3522,17093,5216,17093,770,152
1936,3522,17094,5216,17094,770,152
1936,3522,17095,5216,17095,770,152
1936,3522,17096,5216,17096,770,152
1936,3522,17097,5216,17097,770,152
1937,3522,17098,5216,17098,770,152
1937,3522,17099,5216,17099,770,152
1936,3522,17100,5216,17100,770,151
1936,3522,17101,5216,17101,770,151
1936,3522,17102,5216,17102,770,151
1936,3522,17103,5216,17103,770,151
1936,3522,17104,5216,17104,770,151
1936,3522,17105,5216,17105,770,151
1936,3522,17106,5216,17106,770,151
1937,3522,17107,5216,17107,770,151
1937,3522,17108,5216,17108,770,151
1937,3522,17109,5216,17109,770,151
1937,3522,17110,5216,17110,770,151
1937,3522,17111,5216,17111,770,151
1937,3522,17112,5216,17112,770,151
1937,3522,17113,5216,17113,770,151
1938,3522,17114,5216,17114,770,151
1936,3522,17115,5216,17115,770,151
1936,3522,17116,5216,17116,770,151
1936,3522,17117,5216,17117,770,151
1936,3522,17118,5216,17118,770,151
1936,3522,17119,5216,17119,770,151
1936,3522,17120,5216,17120,770,151
1936,3522,17121,5216,17121,770,151
1937,3522,17122,5216,17122,770,151
1937,3522,17123,5216,17123,770,151
1937,3522,17124,5216,17124,770,151
1937,3522,17125,5216,17125,770,151
1937,3522,17126,5216,17126,770,151
1934,3522,17127,5216,17127,770,151
1934,3522,17128,5216,17128,770,151
1934,3522,17129,5216,17129,770,151
1934,3522,17130,5216,17130,770,151
1933,3522,17131,5216,17131,770,151
1933,3522,17132,5216,17132,770,151
1933,3522,17133,5216,17133,770,151
1933,3522,17134,5216,17134,770,151
1933,3522,17135,5216,17135,770,151
1933,3522,17136,5216,17136,770,151
1933,3522,17137,5216,17137,770,151
1933,3522,17138,5216,17138,770,151
1933,3522,17139,5216,17139,770,151
1933,3522,17140,5216,17140,770,151
1934,3522,17141,5216,17141,770,151
1934,3522,17142,5216,17142,770,151
1933,3522,17143,5216,17143,770,151
1933,3522,17144,5216,17144,770,151
1933,3522,17145,5216,17145,770,151
1933,3522,17146,5216,17146,770,151
1933,3522,17147,5216,17147,770,151
1933,3522,17148,5216,17148,770,151
1933,3522,17149,5216,17149,770,151
1933,3522,17150,5216,17150,770,151
1932,3522,17151,5216,17151,770,151
1932,3522,17152,5216,17152,770,151
1933,3522,17153,5216,17153,770,151
1933,3522,17154,5216,17154,770,151
1933,3522,17155,5216,17155,770,151
1933,3522,17156,5216,17156,770,151
1932,3522,17157,5216,17157,770,151
1932,3522,17158,5216,17158,770,151
1932,3522,17159,5216,17159,770,151
1932,3522,17160,5216,17160,770,151
1928,3522,17161,5216,17161,770,150
1928,3522,17162,5216,17162,770,150
1928,3522,17163,5216,17163,770,150
1928,3522,17164,5216,17164,770,150
1928,3522,17165,5216,17165,770,150
1927,3522,17166,5216,17166,770,150
1927,3522,17167,5216,17167,770,150
1927,3522,17168,5216,17168,770,150
1927,3522,17169,5216,17169,770,150
1927,3522,17170,5216,17170,770,150
1927,3522,17171,5216,17171,770,150
1927,3522,17172,5216,17172,770,150
1927,3522,17173,5216,17173,770,150
1928,3522,17174,5216,17174,770,150
1929,3522,17175,5216,17175,770,150
1928,3522,17176,5216,17176,770,150
1928,3522,17177,5216,17177,770,150
1928,3522,17178,5216,17178,770,150
1928,3522,17179,5216,17179,770,150
1929,3522,17180,5216,17180,770,150
1929,3522,17181,5216,17181,770,150
1929,3522,17182,5216,17182,770,150
1927,3522,17183,5216,17183,770,150
1926,3522,17184,5216,17184,770,150
1926,3522,17185,5216,17185,770,150
1926,3522,17186,5216,17186,770,150
1927,3522,17187,5216,17187,770,150
1927,3522,17188,5216,17188,770,150
1926,3522,17189,5216,17189,770,150
1924,3522,17190,5216,17190,770,150
1924,3522,17191,5216,17191,770,150
1924,3522,17192,5216,17192,770,150
1924,3522,17193,5216,17193,770,150
1924,3522,17194,5216,17194,770,150
1924,3522,17195,5216,17195,770,150
1924,3522,17196,5216,17196,770,150
1924,3522,17197,5216,17197,770,150
1923,3522,17198,5216,17198,770,150
1924,3522,17199,5216,17199,770,150
1924,3522,17200,5216,17200,770,150
1923,3522,17201,5216,17201,770,150
1923,3522,17202,5216,17202,770,150
1923,3522,17203,5216,17203,770,150
1923,3522,17204,5216,17204,770,150
1924,3522,17205,5216,17205,770,150
1925,3522,17206,5216,17206,770,150
1925,3522,17207,5216,17207,770,150
1925,3522,17208,5216,17208,770,150
1925,3522,17209,5216,17209,770,150
1925,3522,17210,5216,17210,770,150
1925,3522,17211,5216,17211,770,150
1925,3522,17212,5216,17212,770,150
1925,3522,17213,5216,17213,770,150
1925,3522,17214,5216,17214,770,150
1925,3522,17215,5216,17215,770,150
1925,3522,17216,5216,17216,770,150
1925,3522,17217,5216,17217,770,150
1925,3522,17218,5216,17218,770,150
1924,3522,17219,5216,17219,770,150
1924,3522,17220,5216,17220,770,150
1924,3522,17221,5216,17221,770,150
1924,3522,17222,5216,17222,770,150
1923,3522,17223,5216,17223,770,150
1923,3522,17224,5216,17224,770,150
1922,3522,17225,5216,17225,770,150
1922,3522,17226,5216,17226,770,150
1922,3522,17227,5216,17227,770,150
1919,3522,17228,5216,17228,770,148
1920,3522,17229,5216,17229,770,148
1920,3522,17230,5216,17230,770,148
1920,3522,17231,5216,17231,770,148
1920,3522,17232,5216,17232,770,148
1920,3522,17233,5216,17233,770,148
1920,3522,17234,5216,17234,770,148
1920,3522,17235,5216,17235,770,148
1920,3522,17236,5216,17236,770,148
1919,3522,17237,5216,17237,770,148
1918,3522,17238,5216,17238,770,148
1918,3522,17239,5216,17239,770,148
1918,3522,17240,5216,17240,770,148
1917,3522,17241,5216,17241,770,148
1917,3522,17242,5216,17242,770,148
1917,3522,17243,5216,17243,770,148
1917,3522,17244,5216,17244,770,148
1917,3522,17245,5216,17245,770,148
1917,3522,17246,5216,17246,770,148
1917,3522,17247,5216,17247,770,148
1917,3522,17248,5216,17248,770,148
1916,3522,17249,5216,17249,770,148
1916,3522,17250,5216,17250,770,148
1916,3522,17251,5216,17251,770,148
1916,3522,17252,5216,17252,770,148
1916,3522,17253,5216,17253,770,148
1916,3522,17254,5216,17254,770,148
1915,3522,17255,5216,17255,770,148
1915,3522,17256,5216,17256,770,148
1915,3522,17257,5216,17257,770,148
1916,3522,17258,5216,17258,770,148
1916,3522,17259,5216,17259,770,148
1916,3522,17260,5216,17260,770,148
1916,3522,17261,5216,17261,770,148
1915,3522,17262,5216,17262,770,148
1915,3522,17263,5216,17263,770,148
1915,3522,17264,5216,17264,770,148
1915,3522,17265,5216,17265,770,148
1915,3522,17266,5216,17266,770,148
1915,3522,17267,5216,17267,770,148
1915,3522,17268,5216,17268,770,148
1915,3522,17269,5216,17269,770,148
1915,3522,17270,5216,17270,770,148
1914,3522,17271,5216,17271,770,148
1914,3522,17272,5216,17272,770,148
1914,3522,17273,5216,17273,770,148
1914,3522,17274,5216,17274,770,148
1915,3522,17275,5216,17275,770,148
1915,3522,17276,5216,17276,770,148
1916,3522,17277,5216,17277,770,148
1917,3522,17278,5216,17278,770,148
1916,3522,17279,5216,17279,770,147
1917,3522,17280,5216,17280,770,147
1917,3522,17281,5216,17281,770,147
1917,3522,17282,5216,17282,770,147
1917,3522,17283,5216,17283,770,147
1915,3522,17284,5216,17284,770,147
1915,3522,17285,5216,17285,770,147
1915,3522,17286,5216,17286,770,147
1915,3522,17287,5216,17287,770,147
1915,3522,17288,5216,17288,770,147
1915,3522,17289,5216,17289,770,147
1915,3522,17290,5216,17290,770,147
1915,3522,17291,5216,17291,770,147
1915,3522,17292,5216,17292,770,147
1915,3522,17293,5216,17293,770,147
1914,3522,17294,5216,17294,770,147
1913,3522,17295,5216,17295,770,147
1913,3522,17296,5216,17296,770,147
1913,3522,17297,5216,17297,770,147
1914,3522,17298,5216,17298,770,147
1914,3522,17299,5216,17299,770,147
1914,3522,17300,5216,17300,770,147
1913,3522,17301,5216,17301,770,147
1913,3522,17302,5216,17302,770,147
1914,3522,17303,5216,17303,770,147
1914,3522,17304,5216,17304,770,147
1913,3522,17305,5216,17305,770,147
1913,3522,17306,5216,17306,770,147
1913,3522,17307,5216,17307,770,147
1913,3522,17308,5216,17308,770,147
1913,3522,17309,5216,17309,770,147
1913,3522,17310,5216,17310,770,147
1913,3522,17311,5216,17311,770,147
1913,3522,17312,5216,17312,770,147
1912,3522,17313,5216,17313,770,147
1912,3522,17314,5216,17314,770,147
1912,3522,17315,5216,17315,770,147
1912,3522,17316,5216,17316,770,147
1912,3522,17317,5216,17317,770,147
1911,3522,17318,5216,17318,770,147
1911,3522,17319,5216,17319,770,147
1911,3522,17320,5216,17320,770,147
1911,3522,17321,5216,17321,770,147
1911,3522,17322,5216,17322,770,147
1911,3522,17323,5216,17323,770,147
1911,3522,17324,5216,17324,770,147
1911,3522,17325,5216,17325,770,147
1911,3522,17326,5216,17326,770,147
1911,3522,17327,5216,17327,770,147
1911,3522,17328,5216,17328,770,147
1910,3522,17329,5216,17329,770,147
1910,3522,17330,5216,17330,770,147
1910,3522,17331,5216,17331,770,147
1908,3522,17332,5216,17332,770,146
1908,3522,17333,5216,17333,770,146
1907,3522,17334,5216,17334,770,146
1907,3522,17335,5216,17335,770,146
1907,3522,17336,5216,17336,770,146
1907,3522,17337,5216,17337,770,146
1907,3522,17338,5216,17338,770,146
1907,3522,17339,5216,17339,770,146
1907,3522,17340,5216,17340,770,146
1907,3522,17341,5216,17341,770,146
1907,3522,17342,5216,17342,770,146
1908,3522,17343,5216,17343,770,146
1908,3522,17344,5216,17344,770,146
1907,3522,17345,5216,17345,770,146
1907,3522,17346,5216,17346,770,146
1908,3522,17347,5216,17347,770,146
1907,3522,17348,5216,17348,770,146
1907,3522,17349,5216,17349,770,146
1907,3522,17350,5216,17350,770,146
1907,3522,17351,5216,17351,770,146
1907,3522,17352,5216,17352,770,146
1907,3522,17353,5216,17353,770,146
1907,3522,17354,5216,17354,770,146
1907,3522,17355,5216,17355,770,146
1907,3522,17356,5216,17356,770,146
1907,3522,17357,5216,17357,770,146
1907,3522,17358,5216,17358,770,146
1907,3522,17359,5216,17359,770,146
1907,3522,17360,5216,17360,770,146
1907,3522,17361,5216,17361,770,146
1906,3522,17362,5216,17362,770,146
1907,3522,17363,5216,17363,770,146
1907,3522,17364,5216,17364,770,146
1907,3522,17365,5216,17365,770,146
1907,3522,17366,5216,17366,770,146
1907,3522,17367,5216,17367,770,146
1907,3522,17368,5216,17368,770,146
1907,3522,17369,5216,17369,770,146
1906,3522,17370,5216,17370,770,146
1907,3522,17371,5216,17371,770,146
1907,3522,17372,5216,17372,770,146
1907,3522,17373,5216,17373,770,146
1907,3522,17374,5216,17374,770,146
1907,3522,17375,5216,17375,770,146
1907,3522,17376,5216,17376,770,146
1908,3522,17377,5216,17377,770,146
1907,3522,17378,5216,17378,770,146
1907,3522,17379,5216,17379,770,146
1907,3522,17380,5216,17380,770,146
1907,3522,17381,5216,17381,770,146
1907,3522,17382,5216,17382,770,146
1907,3522,17383,5216,17383,770,146
1907,3522,17384,5216,17384,770,146
1907,3522,17385,5216,17385,770,146
1908,3522,17386,5216,17386,770,146
1907,3522,17387,5216,17387,770,146
1907,3522,17388,5216,17388,770,146
1907,3522,17389,5216,17389,770,146
1907,3522,17390,5216,17390,770,146
1907,3522,17391,5216,17391,770,146
1907,3522,17392,5216,17392,770,146
1908,3522,17393,5216,17393,770,146
1908,3522,17394,5216,17394,770,146
1909,3522,17395,5216,17395,770,146
1909,3522,17396,5216,17396,770,146
1909,3522,17397,5216,17397,770,146
1909,3522,17398,5216,17398,770,146
1910,3522,17399,5216,17399,770,146
1910,3522,17400,5216,17400,770,146
1910,3522,17401,5216,17401,770,146
1911,3522,17402,5216,17402,770,146
1911,3522,17403,5216,17403,770,146
1911,3522,17404,5216,17404,770,146
1911,3522,17405,5216,17405,770,146
1912,3522,17406,5216,17406,770,146
1911,3522,17407,5216,17407,770,146
1910,3522,17408,5216,17408,770,146
1910,3522,17409,5216,17409,770,146
1910,3522,17410,5216,17410,770,146
1910,3522,17411,5216,17411,770,146
1910,3522,17412,5216,17412,770,146
1910,3522,17413,5216,17413,770,146
1910,3522,17414,5216,17414,770,146
1910,3522,17415,5216,17415,770,146
1911,3522,17416,5216,17416,770,146
1911,3522,17417,5216,17417,770,146
1911,3522,17418,5216,17418,770,146
1911,3522,17419,5216,17419,770,146
1911,3522,17420,5216,17420,770,146
1911,3522,17421,5216,17421,770,146
1911,3522,17422,5216,17422,770,146
1911,3522,17423,5216,17423,770,146
1911,3522,17424,5216,17424,770,146
1911,3522,17425,5216,17425,770,146
1911,3522,17426,5216,17426,770,146
1911,3522,17427,5216,17427,770,146
1911,3522,17428,5216,17428,770,146
1911,3522,17429,5216,17429,770,146
1911,3522,17430,5216,17430,770,146
1911,3522,17431,5216,17431,770,146
1911,3522,17432,5216,17432,770,146
1911,3522,17433,5216,17433,770,146
1911,3522,17434,5216,17434,770,146
1910,3522,17435,5216,17435,770,146
1910,3522,17436,5216,17436,770,146
1908,3522,17437,5216,17437,770,146
1908,3522,17438,5216,17438,770,146
1909,3522,17439,5216,17439,770,146
1909,3522,17440,5216,17440,770,146
1909,3522,17441,5216,17441,770,146
1909,3522,17442,5216,17442,770,146
1909,3522,17443,5216,17443,770,146
1906,3522,17444,5216,17444,770,144
1906,3522,17445,5216,17445,770,144
1905,3522,17446,5216,17446,770,144
1905,3522,17447,5216,17447,770,144
1903,3522,17448,5216,17448,770,144
1903,3522,17449,5216,17449,770,144
1904,3522,17450,5216,17450,770,144
1903,3522,17451,5216,17451,770,144
1902,3522,17452,5216,17452,770,144
1902,3522,17453,5216,17453,770,144
1902,3522,17454,5216,17454,770,144
1902,3522,17455,5216,17455,770,144
1902,3522,17456,5216,17456,770,144
1902,3522,17457,5216,17457,770,144
1902,3522,17458,5216,17458,770,144
1902,3522,17459,5216,17459,770,144
1903,3522,17460,5216,17460,770,144
1903,3522,17461,5216,17461,770,144
1903,3522,17462,5216,17462,770,144
1902,3522,17463,5216,17463,770,144
1902,3522,17464,5216,17464,770,144
1901,3522,17465,5216,17465,770,144
1902,3522,17466,5216,17466,770,144
1902,3522,17467,5216,17467,770,144
1902,3522,17468,5216,17468,770,144
1902,3522,17469,5216,17469,770,144
1902,3522,17470,5216,17470,770,144
1902,3522,17471,5216,17471,770,144
1902,3522,17472,5216,17472,770,144
1902,3522,17473,5216,17473,770,144
1902,3522,17474,5216,17474,770,144
1903,3522,17475,5216,17475,770,144
1903,3522,17476,5216,17476,770,144
1903,3522,17477,5216,17477,770,144
1903,3522,17478,5216,17478,770,144
1903,3522,17479,5216,17479,770,144
1903,3522,17480,5216,17480,770,144
1903,3522,17481,5216,17481,770,144
1903,3522,17482,5216,17482,770,144
1902,3522,17483,5216,17483,770,144
1902,3522,17484,5216,17484,770,144
1902,3522,17485,5216,17485,770,144
1901,3522,17486,5216,17486,770,144
1901,3522,17487,5216,17487,770,144
1901,3522,17488,5216,17488,770,144
1901,3522,17489,5216,17489,770,144
1901,3522,17490,5216,17490,770,144
1900,3522,17491,5216,17491,770,144
1899,3522,17492,5216,17492,770,144
1900,3522,17493,5216,17493,770,144
1899,3522,17494,5216,17494,770,144
1898,3522,17495,5216,17495,770,144
1898,3522,17496,5216,17496,770,144
1898,3522,17497,5216,17497,770,144
1897,3522,17498,5216,17498,770,144
1897,3522,17499,5216,17499,770,144
1897,3522,17500,5216,17500,770,144
1894,3522,17501,5216,17501,770,144
1893,3522,17502,5216,17502,770,144
1891,3522,17503,5216,17503,770,143
1889,3522,17504,5216,17504,770,143
1889,3522,17505,5216,17505,770,143
1889,3522,17506,5216,17506,770,143
1889,3522,17507,5216,17507,770,143
1889,3522,17508,5216,17508,770,143
1889,3522,17509,5216,17509,770,143
1889,3522,17510,5216,17510,770,143
1889,3522,17511,5216,17511,770,143
1889,3522,17512,5216,17512,770,143
1889,3522,17513,5216,17513,770,143
1889,3522,17514,5216,17514,770,143
1889,3522,17515,5216,17515,770,143
1889,3522,17516,5216,17516,770,143
1889,3522,17517,5216,17517,770,143
1890,3522,17518,5216,17518,770,143
1890,3522,17519,5216,17519,770,143
1890,3522,17520,5216,17520,770,143
1890,3522,17521,5216,17521,770,143
1890,3522,17522,5216,17522,770,143
1890,3522,17523,5216,17523,770,143
1890,3522,17524,5216,17524,770,143
1890,3522,17525,5216,17525,770,143
1890,3522,17526,5216,17526,770,143
1889,3522,17527,5216,17527,770,143
1888,3522,17528,5216,17528,770,143
1888,3522,17529,5216,17529,770,143
1887,3522,17530,5216,17530,770,143
1885,3522,17531,5216,17531,770,143
1885,3522,17532,5216,17532,770,143
1885,3522,17533,5216,17533,770,143
1885,3522,17534,5216,17534,770,143
1885,3522,17535,5216,17535,770,143
1885,3522,17536,5216,17536,770,143
1885,3522,17537,5216,17537,770,143
1885,3522,17538,5216,17538,770,143
1885,3522,17539,5216,17539,770,143
1885,3522,17540,5216,17540,770,143
1885,3522,17541,5216,17541,770,143
1884,3522,17542,5216,17542,770,143
1884,3522,17543,5216,17543,770,143
1884,3522,17544,5216,17544,770,143
1883,3522,17545,5216,17545,770,143
1883,3522,17546,5216,17546,770,143
1883,3522,17547,5216,17547,770,143
1883,3522,17548,5216,17548,770,143
1883,3522,17549,5216,17549,770,143
1883,3522,17550,5216,17550,770,143
1883,3522,17551,5216,17551,770,143
1883,3522,17552,5216,17552,770,143
1883,3522,17553,5216,17553,770,143
1883,3522,17554,5216,17554,770,143
1883,3522,17555,5216,17555,770,143
1883,3522,17556,5216,17556,770,143
1883,3522,17557,5216,17557,770,143
1882,3522,17558,5216,17558,770,143
1881,3522,17559,5216,17559,770,143
1881,3522,17560,5216,17560,770,143
1881,3522,17561,5216,17561,770,143
1881,3522,17562,5216,17562,770,143
1881,3522,17563,5216,17563,770,143
1881,3522,17564,5216,17564,770,143
1881,3522,17565,5216,17565,770,143
1880,3522,17566,5216,17566,770,142
1880,3522,17567,5216,17567,770,142
1880,3522,17568,5216,17568,770,142
1880,3522,17569,5216,17569,770,142
1880,3522,17570,5216,17570,770,142
1880,3522,17571,5216,17571,770,142
1880,3522,17572,5216,17572,770,142
1880,3522,17573,5216,17573,770,142
1880,3522,17574,5216,17574,770,142
1881,3522,17575,5216,17575,770,142
1881,3522,17576,5216,17576,770,142
1881,3522,17577,5216,17577,770,142
1881,3522,17578,5216,17578,770,142
1882,3522,17579,5216,17579,770,142
1882,3522,17580,5216,17580,770,142
1883,3522,17581,5216,17581,770,142
1883,3522,17582,5216,17582,770,142
1883,3522,17583,5216,17583,770,142
1883,3522,17584,5216,17584,770,142
1883,3522,17585,5216,17585,770,142
1883,3522,17586,5216,17586,770,142
1884,3522,17587,5216,17587,770,142
1884,3522,17588,5216,17588,770,142
1884,3522,17589,5216,17589,770,142
1884,3522,17590,5216,17590,770,142
1885,3522,17591,5216,17591,770,142
1885,3522,17592,5216,17592,770,142
1885,3522,17593,5216,17593,770,142
1886,3522,17594,5216,17594,770,142
1886,3522,17595,5216,17595,770,142
1885,3522,17596,5216,17596,770,141
1884,3522,17597,5216,17597,770,141
1883,3522,17598,5216,17598,770,140
1883,3522,17599,5216,17599,770,140
1882,3522,17600,5216,17600,770,140
1882,3522,17601,5216,17601,770,140
1882,3522,17602,5216,17602,770,140
1882,3522,17603,5216,17603,770,140
1883,3522,17604,5216,17604,770,140
1883,3522,17605,5216,17605,770,140
1883,3522,17606,5216,17606,770,140
1883,3522,17607,5216,17607,770,140
1883,3522,17608,5216,17608,770,140
1883,3522,17609,5216,17609,770,140
1883,3522,17610,5216,17610,770,140
1882,3522,17611,5216,17611,770,140
1882,3522,17612,5216,17612,770,140
1882,3522,17613,5216,17613,770,140
1881,3522,17614,5216,17614,770,140
1882,3522,17615,5216,17615,770,140
1882,3522,17616,5216,17616,770,140
1882,3522,17617,5216,17617,770,140
1882,3522,17618,5216,17618,770,140
1881,3522,17619,5216,17619,770,140
1881,3522,17620,5216,17620,770,140
1881,3522,17621,5216,17621,770,140
1881,3522,17622,5216,17622,770,140
1881,3522,17623,5216,17623,770,140
1881,3522,17624,5216,17624,770,140
1881,3522,17625,5216,17625,770,140
1881,3522,17626,5216,17626,770,140
1881,3522,17627,5216,17627,770,140
1881,3522,17628,5216,17628,770,140
1881,3522,17629,5216,17629,770,140
1881,3522,17630,5216,17630,770,140
1881,3522,17631,5216,17631,770,140
1881,3522,17632,5216,17632,770,140
1881,3522,17633,5216,17633,770,140
1881,3522,17634,5216,17634,770,140
1881,3522,17635,5216,17635,770,140
1881,3522,17636,5216,17636,770,140
1881,3522,17637,5216,17637,770,140
1881,3522,17638,5216,17638,770,140
1881,3522,17639,5216,17639,770,140
1880,3522,17640,5216,17640,770,140
1879,3522,17641,5216,17641,770,140
1879,3522,17642,5216,17642,770,140
1879,3522,17643,5216,17643,770,140
1879,3522,17644,5216,17644,770,140
1879,3522,17645,5216,17645,770,140
1879,3522,17646,5216,17646,770,140
1879,3522,17647,5216,17647,770,140
1879,3522,17648,5216,17648,770,140
1877,3522,17649,5216,17649,770,140
1877,3522,17650,5216,17650,770,140
1877,3522,17651,5216,17651,770,140
1877,3522,17652,5216,17652,770,140
1877,3522,17653,5216,17653,770,140
1877,3522,17654,5216,17654,770,140
1871,3522,17655,5216,17655,770,136
1871,3522,17656,5216,17656,770,136
1871,3522,17657,5216,17657,770,136
1871,3522,17658,5216,17658,770,136
1870,3522,17659,5216,17659,770,136
1870,3522,17660,5216,17660,770,136
1868,3522,17661,5216,17661,770,136
1867,3522,17662,5216,17662,770,136
1867,3522,17663,5216,17663,770,136
1866,3522,17664,5216,17664,770,136
1866,3522,17665,5216,17665,770,136
1866,3522,17666,5216,17666,770,136
1866,3522,17667,5216,17667,770,136
1865,3522,17668,5216,17668,770,136
1864,3522,17669,5216,17669,770,136
1864,3522,17670,5216,17670,770,136
1864,3522,17671,5216,17671,770,136
1864,3522,17672,5216,17672,770,136
1864,3522,17673,5216,17673,770,136
1865,3522,17674,5216,17674,770,136
1865,3522,17675,5216,17675,770,136
1865,3522,17676,5216,17676,770,136
1865,3522,17677,5216,17677,770,136
1865,3522,17678,5216,17678,770,136
1865,3522,17679,5216,17679,770,136
1865,3522,17680,5216,17680,770,136
1865,3522,17681,5216,17681,770,136
1865,3522,17682,5216,17682,770,136
1865,3522,17683,5216,17683,770,136
1866,3522,17684,5216,17684,770,136
1866,3522,17685,5216,17685,770,136
1866,3522,17686,5216,17686,770,136
1866,3522,17687,5216,17687,770,136
1866,3522,17688,5216,17688,770,136
1866,3522,17689,5216,17689,770,136
1866,3522,17690,5216,17690,770,136
1867,3522,17691,5216,17691,770,136
1866,3522,17692,5216,17692,770,136
1866,3522,17693,5216,17693,770,136
1866,3522,17694,5216,17694,770,136
1865,3522,17695,5216,17695,770,136
1865,3522,17696,5216,17696,770,136
1864,3522,17697,5216,17697,770,136
1864,3522,17698,5216,17698,770,136
1864,3522,17699,5216,17699,770,136
1864,3522,17700,5216,17700,770,136
1864,3522,17701,5216,17701,770,136
1864,3522,17702,5216,17702,770,136
1864,3522,17703,5216,17703,770,136
1864,3522,17704,5216,17704,770,136
1863,3522,17705,5216,17705,770,136
1863,3522,17706,5216,17706,770,136
1862,3522,17707,5216,17707,770,136
1862,3522,17708,5216,17708,770,136
1862,3522,17709,5216,17709,770,136
1862,3522,17710,5216,17710,770,136
1862,3522,17711,5216,17711,770,136
1862,3522,17712,5216,17712,770,136
1862,3522,17713,5216,17713,770,136
1862,3522,17714,5216,17714,770,136
1862,3522,17715,5216,17715,770,136
1861,3522,17716,5216,17716,770,136
1860,3522,17717,5216,17717,770,135
1861,3522,17718,5216,17718,770,135
1861,3522,17719,5216,17719,770,135
1861,3522,17720,5216,17720,770,135
1861,3522,17721,5216,17721,770,135
1861,3522,17722,5216,17722,770,135
1861,3522,17723,5216,17723,770,135
1861,3522,17724,5216,17724,770,135
1861,3522,17725,5216,17725,770,135
1861,3522,17726,5216,17726,770,135
1860,3522,17727,5216,17727,770,134
1860,3522,17728,5216,17728,770,134
1861,3522,17729,5216,17729,770,134
1861,3522,17730,5216,17730,770,134
1861,3522,17731,5216,17731,770,134
1861,3522,17732,5216,17732,770,134
1861,3522,17733,5216,17733,770,134
1861,3522,17734,5216,17734,770,134
1861,3522,17735,5216,17735,770,134
1861,3522,17736,5216,17736,770,134
1861,3522,17737,5216,17737,770,134
1861,3522,17738,5216,17738,770,134
1860,3522,17739,5216,17739,770,134
1860,3522,17740,5216,17740,770,134
1860,3522,17741,5216,17741,770,134
1860,3522,17742,5216,17742,770,134
1860,3522,17743,5216,17743,770,134
1860,3522,17744,5216,17744,770,134
1859,3522,17745,5216,17745,770,134
1859,3522,17746,5216,17746,770,134
1859,3522,17747,5216,17747,770,134
1859,3522,17748,5216,17748,770,134
1859,3522,17749,5216,17749,770,134
1859,3522,17750,5216,17750,770,134
1859,3522,17751,5216,17751,770,134
1859,3522,17752,5216,17752,770,134
1859,3522,17753,5216,17753,770,134
1859,3522,17754,5216,17754,770,134
1859,3522,17755,5216,17755,770,134
1860,3522,17756,5216,17756,770,134
1860,3522,17757,5216,17757,770,134
1859,3522,17758,5216,17758,770,134
1859,3522,17759,5216,17759,770,134
1859,3522,17760,5216,17760,770,134
1859,3522,17761,5216,17761,770,134
1858,3522,17762,5216,17762,770,134
1858,3522,17763,5216,17763,770,134
1858,3522,17764,5216,17764,770,134
1858,3522,17765,5216,17765,770,134
1858,3522,17766,5216,17766,770,134
1858,3522,17767,5216,17767,770,134
1858,3522,17768,5216,17768,770,134
1858,3522,17769,5216,17769,770,134
1858,3522,17770,5216,17770,770,134
1859,3522,17771,5216,17771,770,134
1858,3522,17772,5216,17772,770,134
1858,3522,17773,5216,17773,770,134
1857,3522,17774,5216,17774,770,134
1857,3522,17775,5216,17775,770,134
1857,3522,17776,5216,17776,770,134
1857,3522,17777,5216,17777,770,134
1856,3522,17778,5216,17778,770,134
1857,3522,17779,5216,17779,770,134
1857,3522,17780,5216,17780,770,134
1857,3522,17781,5216,17781,770,134
1857,3522,17782,5216,17782,770,134
1857,3522,17783,5216,17783,770,134
1857,3522,17784,5216,17784,770,134
1858,3522,17785,5216,17785,770,134
1858,3522,17786,5216,17786,770,134
1858,3522,17787,5216,17787,770,134
1858,3522,17788,5216,17788,770,134
1858,3522,17789,5216,17789,770,134
1858,3522,17790,5216,17790,770,134
1858,3522,17791,5216,17791,770,134
1858,3522,17792,5216,17792,770,134
1858,3522,17793,5216,17793,770,134
1858,3522,17794,5216,17794,770,134
1857,3522,17795,5216,17795,770,134
1857,3522,17796,5216,17796,770,134
1858,3522,17797,5216,17797,770,134
1859,3522,17798,5216,17798,770,134
1859,3522,17799,5216,17799,770,134
1859,3522,17800,5216,17800,770,134
1860,3522,17801,5216,17801,770,134
1860,3522,17802,5216,17802,770,134
1860,3522,17803,5216,17803,770,134
1860,3522,17804,5216,17804,770,134
1860,3522,17805,5216,17805,770,134
1860,3522,17806,5216,17806,770,134
1859,3522,17807,5216,17807,770,133
1858,3522,17808,5216,17808,770,133
1857,3522,17809,5216,17809,770,133
1857,3522,17810,5216,17810,770,133
1856,3522,17811,5216,17811,770,133
1856,3522,17812,5216,17812,770,133
1856,3522,17813,5216,17813,770,133
1857,3522,17814,5216,17814,770,133
1856,3522,17815,5216,17815,770,133
1856,3522,17816,5216,17816,770,133
1856,3522,17817,5216,17817,770,133
1856,3522,17818,5216,17818,770,133
1856,3522,17819,5216,17819,770,133
1857,3522,17820,5216,17820,770,133
1857,3522,17821,5216,17821,770,133
1857,3522,17822,5216,17822,770,133
1856,3522,17823,5216,17823,770,133
1855,3522,17824,5216,17824,770,133
1855,3522,17825,5216,17825,770,133
1856,3522,17826,5216,17826,770,133
1856,3522,17827,5216,17827,770,133
1853,3522,17828,5216,17828,770,133
1853,3522,17829,5216,17829,770,133
1853,3522,17830,5216,17830,770,133
1853,3522,17831,5216,17831,770,133
1853,3522,17832,5216,17832,770,133
1853,3522,17833,5216,17833,770,133
1853,3522,17834,5216,17834,770,133
1853,3522,17835,5216,17835,770,133
1853,3522,17836,5216,17836,770,133
1853,3522,17837,5216,17837,770,133
1853,3522,17838,5216,17838,770,133
1853,3522,17839,5216,17839,770,133
1853,3522,17840,5216,17840,770,133
1853,3522,17841,5216,17841,770,133
1853,3522,17842,5216,17842,770,133
1853,3522,17843,5216,17843,770,133
1853,3522,17844,5216,17844,770,133
1853,3522,17845,5216,17845,770,133
1850,3522,17846,5216,17846,770,133
1850,3522,17847,5216,17847,770,133
1850,3522,17848,5216,17848,770,133
1850,3522,17849,5216,17849,770,133
1850,3522,17850,5216,17850,770,133
1851,3522,17851,5216,17851,770,133
1851,3522,17852,5216,17852,770,133
1849,3522,17853,5216,17853,770,133
1849,3522,17854,5216,17854,770,133
1850,3522,17855,5216,17855,770,133
1850,3522,17856,5216,17856,770,133
1849,3522,17857,5216,17857,770,133
1849,3522,17858,5216,17858,770,133
1849,3522,17859,5216,17859,770,133
1849,3522,17860,5216,17860,770,133
1849,3522,17861,5216,17861,770,133
1848,3522,17862,5216,17862,770,133
1847,3522,17863,5216,17863,770,133
1847,3522,17864,5216,17864,770,133
1847,3522,17865,5216,17865,770,133
1847,3522,17866,5216,17866,770,133
1847,3522,17867,5216,17867,770,133
1846,3522,17868,5216,17868,770,133
1846,3522,17869,5216,17869,770,133
1847,3522,17870,5216,17870,770,133
1847,3522,17871,5216,17871,770,133
1846,3522,17872,5216,17872,770,133
1847,3522,17873,5216,17873,770,133
1847,3522,17874,5216,17874,770,133
1847,3522,17875,5216,17875,770,133
1845,3522,17876,5216,17876,770,133
1845,3522,17877,5216,17877,770,133
1843,3522,17878,5216,17878,770,132
1844,3522,17879,5216,17879,770,132
1844,3522,17880,5216,17880,770,132
1844,3522,17881,5216,17881,770,132
1844,3522,17882,5216,17882,770,132
1843,3522,17883,5216,17883,770,132
1843,3522,17884,5216,17884,770,132
1844,3522,17885,5216,17885,770,132
1844,3522,17886,5216,17886,770,132
1844,3522,17887,5216,17887,770,132
1845,3522,17888,5216,17888,770,132
1845,3522,17889,5216,17889,770,132
1845,3522,17890,5216,17890,770,132
1845,3522,17891,5216,17891,770,132
1845,3522,17892,5216,17892,770,132
1846,3522,17893,5216,17893,770,132
1845,3522,17894,5216,17894,770,132
1845,3522,17895,5216,17895,770,132
1845,3522,17896,5216,17896,770,132
1845,3522,17897,5216,17897,770,132
1845,3522,17898,5216,17898,770,132
1845,3522,17899,5216,17899,770,132
1845,3522,17900,5216,17900,770,132
1845,3522,17901,5216,17901,770,132
1845,3522,17902,5216,17902,770,132
1845,3522,17903,5216,17903,770,132
1845,3522,17904,5216,17904,770,132
1845,3522,17905,5216,17905,770,132
1845,3522,17906,5216,17906,770,132
1845,3522,17907,5216,17907,770,132
1845,3522,17908,5216,17908,770,132
1845,3522,17909,5216,17909,770,132
1845,3522,17910,5216,17910,770,132
1845,3522,17911,5216,17911,770,132
1845,3522,17912,5216,17912,770,132
1845,3522,17913,5216,17913,770,132
1846,3522,17914,5216,17914,770,132
1846,3522,17915,5216,17915,770,132
1847,3522,17916,5216,17916,770,132
1847,3522,17917,5216,17917,770,132
1847,3522,17918,5216,17918,770,132
1847,3522,17919,5216,17919,770,132
1848,3522,17920,5216,17920,770,132
1847,3522,17921,5216,17921,770,132
1847,3522,17922,5216,17922,770,132
1847,3522,17923,5216,17923,770,132
1847,3522,17924,5216,17924,770,132
1847,3522,17925,5216,17925,770,132
1848,3522,17926,5216,17926,770,132
1848,3522,17927,5216,17927,770,132
1848,3522,17928,5216,17928,770,132
1848,3522,17929,5216,17929,770,132
1848,3522,17930,5216,17930,770,132
1848,3522,17931,5216,17931,770,132
1847,3522,17932,5216,17932,770,132
1847,3522,17933,5216,17933,770,132
1847,3522,17934,5216,17934,770,132
1846,3522,17935,5216,17935,770,132
1846,3522,17936,5216,17936,770,132
1846,3522,17937,5216,17937,770,132
1846,3522,17938,5216,17938,770,132
1846,3522,17939,5216,17939,770,132
1846,3522,17940,5216,17940,770,132
1846,3522,17941,5216,17941,770,132
1846,3522,17942,5216,17942,770,132
1846,3522,17943,5216,17943,770,132
1846,3522,17944,5216,17944,770,132
1846,3522,17945,5216,17945,770,132
1847,3522,17946,5216,17946,770,132
1847,3522,17947,5216,17947,770,132
1846,3522,17948,5216,17948,770,132
1845,3522,17949,5216,17949,770,132
1845,3522,17950,5216,17950,770,132
1845,3522,17951,5216,17951,770,132
1843,3522,17952,5216,17952,770,132
1843,3522,17953,5216,17953,770,132
1843,3522,17954,5216,17954,770,132
1843,3522,17955,5216,17955,770,132
1843,3522,17956,5216,17956,770,132
1844,3522,17957,5216,17957,770,132
1843,3522,17958,5216,17958,770,132
1843,3522,17959,5216,17959,770,132
1843,3522,17960,5216,17960,770,132
1843,3522,17961,5216,17961,770,132
1843,3522,17962,5216,17962,770,132
1843,3522,17963,5216,17963,770,132
1843,3522,17964,5216,17964,770,132
1843,3522,17965,5216,17965,770,132
1843,3522,17966,5216,17966,770,132
1843,3522,17967,5216,17967,770,132
1843,3522,17968,5216,17968,770,132
1843,3522,17969,5216,17969,770,132
1843,3522,17970,5216,17970,770,132
1843,3522,17971,5216,17971,770,132
1843,3522,17972,5216,17972,770,132
1843,3522,17973,5216,17973,770,132
1843,3522,17974,5216,17974,770,132
1842,3522,17975,5216,17975,770,132
1841,3522,17976,5216,17976,770,132
1841,3522,17977,5216,17977,770,132
1841,3522,17978,5216,17978,770,132
1841,3522,17979,5216,17979,770,132
1841,3522,17980,5216,17980,770,132
1841,3522,17981,5216,17981,770,132
1840,3522,17982,5216,17982,770,132
1840,3522,17983,5216,17983,770,132
1839,3522,17984,5216,17984,770,132
1838,3522,17985,5216,17985,770,132
1838,3522,17986,5216,17986,770,132
1838,3522,17987,5216,17987,770,132
1837,3522,17988,5216,17988,770,132
1837,3522,17989,5216,17989,770,132
1837,3522,17990,5216,17990,770,132
1837,3522,17991,5216,17991,770,132
1837,3522,17992,5216,17992,770,132
1837,3522,17993,5216,17993,770,132
1837,3522,17994,5216,17994,770,132
1838,3522,17995,5216,17995,770,132
1838,3522,17996,5216,17996,770,132
1838,3522,17997,5216,17997,770,132
1838,3522,17998,5216,17998,770,132
1838,3522,17999,5216,17999,770,132
1838,3522,18000,5216,18000,770,132
1838,3522,18001,5216,18001,770,132
1837,3522,18002,5216,18002,770,132
1837,3522,18003,5216,18003,770,132
1837,3522,18004,5216,18004,770,132
1837,3522,18005,5216,18005,770,132
1837,3522,18006,5216,18006,770,132
1837,3522,18007,5216,18007,770,132
1837,3522,18008,5216,18008,770,132
1836,3522,18009,5216,18009,770,132
1836,3522,18010,5216,18010,770,132
1835,3522,18011,5216,18011,770,132
1835,3522,18012,5216,18012,770,132
1835,3522,18013,5216,18013,770,132
1835,3522,18014,5216,18014,770,132
1835,3522,18015,5216,18015,770,132
1835,3522,18016,5216,18016,770,132
1834,3522,18017,5216,18017,770,132
1832,3522,18018,5216,18018,770,132
1832,3522,18019,5216,18019,770,132
1831,3522,18020,5216,18020,770,132
1831,3522,18021,5216,18021,770,132
1831,3522,18022,5216,18022,770,132
1832,3522,18023,5216,18023,770,132
1831,3522,18024,5216,18024,770,132
1831,3522,18025,5216,18025,770,132
1832,3522,18026,5216,18026,770,132
1832,3522,18027,5216,18027,770,132
1832,3522,18028,5216,18028,770,132
1832,3522,18029,5216,18029,770,132
1831,3522,18030,5216,18030,770,132
1831,3522,18031,5216,18031,770,132
1831,3522,18032,5216,18032,770,132
1831,3522,18033,5216,18033,770,132
1830,3522,18034,5216,18034,770,132
1829,3522,18035,5216,18035,770,132
1829,3522,18036,5216,18036,770,132
1829,3522,18037,5216,18037,770,132
1830,3522,18038,5216,18038,770,132
1830,3522,18039,5216,18039,770,132
1831,3522,18040,5216,18040,770,132
1831,3522,18041,5216,18041,770,132
1831,3522,18042,5216,18042,770,132
1831,3522,18043,5216,18043,770,132
1831,3522,18044,5216,18044,770,132
1832,3522,18045,5216,18045,770,132
1832,3522,18046,5216,18046,770,132
1832,3522,18047,5216,18047,770,132
1832,3522,18048,5216,18048,770,132
1832,3522,18049,5216,18049,770,132
1832,3522,18050,5216,18050,770,132
1832,3522,18051,5216,18051,770,132
1832,3522,18052,5216,18052,770,132
1832,3522,18053,5216,18053,770,132
1832,3522,18054,5216,18054,770,132
1832,3522,18055,5216,18055,770,132
1832,3522,18056,5216,18056,770,132
1832,3522,18057,5216,18057,770,132
1831,3522,18058,5216,18058,770,132
1829,3522,18059,5216,18059,770,132
1830,3522,18060,5216,18060,770,132
1830,3522,18061,5216,18061,770,132
1830,3522,18062,5216,18062,770,132
1830,3522,18063,5216,18063,770,132
1831,3522,18064,5216,18064,770,132
1831,3522,18065,5216,18065,770,132
1831,3522,18066,5216,18066,770,132
1831,3522,18067,5216,18067,770,132
1828,3522,18068,5216,18068,770,131
1828,3522,18069,5216,18069,770,131
1828,3522,18070,5216,18070,770,131
1828,3522,18071,5216,18071,770,131
1828,3522,18072,5216,18072,770,131
1828,3522,18073,5216,18073,770,131
1829,3522,18074,5216,18074,770,131
1829,3522,18075,5216,18075,770,131
1829,3522,18076,5216,18076,770,131
1829,3522,18077,5216,18077,770,131
1829,3522,18078,5216,18078,770,131
1829,3522,18079,5216,18079,770,131
1829,3522,18080,5216,18080,770,131
1829,3522,18081,5216,18081,770,131
1829,3522,18082,5216,18082,770,131
1830,3522,18083,5216,18083,770,131
1831,3522,18084,5216,18084,770,131
1831,3522,18085,5216,18085,770,131
1831,3522,18086,5216,18086,770,131
1831,3522,18087,5216,18087,770,131
1831,3522,18088,5216,18088,770,131
1831,3522,18089,5216,18089,770,131
1831,3522,18090,5216,18090,770,131
1831,3522,18091,5216,18091,770,131
1832,3522,18092,5216,18092,770,131
1832,3522,18093,5216,18093,770,131
1832,3522,18094,5216,18094,770,131
1830,3522,18095,5216,18095,770,131
1829,3522,18096,5216,18096,770,131
1829,3522,18097,5216,18097,770,131
1828,3522,18098,5216,18098,770,131
1828,3522,18099,5216,18099,770,131
1828,3522,18100,5216,18100,770,131
1828,3522,18101,5216,18101,770,131
1828,3522,18102,5216,18102,770,131
1829,3522,18103,5216,18103,770,131
1829,3522,18104,5216,18104,770,131
1829,3522,18105,5216,18105,770,131
1829,3522,18106,5216,18106,770,131
1829,3522,18107,5216,18107,770,131
1829,3522,18108,5216,18108,770,131
1829,3522,18109,5216,18109,770,131
1829,3522,18110,5216,18110,770,131
1828,3522,18111,5216,18111,770,131
1828,3522,18112,5216,18112,770,131
1828,3522,18113,5216,18113,770,131
1827,3522,18114,5216,18114,770,131
1827,3522,18115,5216,18115,770,131
1827,3522,18116,5216,18116,770,131
1827,3522,18117,5216,18117,770,131
1827,3522,18118,5216,18118,770,131
1827,3522,18119,5216,18119,770,131
1827,3522,18120,5216,18120,770,131
1827,3522,18121,5216,18121,770,131
1827,3522,18122,5216,18122,770,131
1828,3522,18123,5216,18123,770,131
1828,3522,18124,5216,18124,770,131
1827,3522,18125,5216,18125,770,131
1827,3522,18126,5216,18126,770,131
1827,3522,18127,5216,18127,770,131
1827,3522,18128,5216,18128,770,131
1827,3522,18129,5216,18129,770,131
1826,3522,18130,5216,18130,770,131
1826,3522,18131,5216,18131,770,131
1825,3522,18132,5216,18132,770,131
1825,3522,18133,5216,18133,770,131
1825,3522,18134,5216,18134,770,131
1824,3522,18135,5216,18135,770,131
1824,3522,18136,5216,18136,770,131
1825,3522,18137,5216,18137,770,131
1823,3522,18138,5216,18138,770,131
1823,3522,18139,5216,18139,770,131
1823,3522,18140,5216,18140,770,131
1822,3522,18141,5216,18141,770,131
1822,3522,18142,5216,18142,770,131
1823,3522,18143,5216,18143,770,131
1823,3522,18144,5216,18144,770,131
1823,3522,18145,5216,18145,770,131
1822,3522,18146,5216,18146,770,130
1822,3522,18147,5216,18147,770,130
1822,3522,18148,5216,18148,770,130
1822,3522,18149,5216,18149,770,130
1822,3522,18150,5216,18150,770,130
1822,3522,18151,5216,18151,770,130
1822,3522,18152,5216,18152,770,130
1822,3522,18153,5216,18153,770,130
1823,3522,18154,5216,18154,770,130
1822,3522,18155,5216,18155,770,130
1822,3522,18156,5216,18156,770,130
1822,3522,18157,5216,18157,770,130
1822,3522,18158,5216,18158,770,130
1822,3522,18159,5216,18159,770,130
1822,3522,18160,5216,18160,770,130
1821,3522,18161,5216,18161,770,130
1821,3522,18162,5216,18162,770,130
1821,3522,18163,5216,18163,770,130
1821,3522,18164,5216,18164,770,130
1822,3522,18165,5216,18165,770,130
1823,3522,18166,5216,18166,770,130
1823,3522,18167,5216,18167,770,130
1823,3522,18168,5216,18168,770,130
1823,3522,18169,5216,18169,770,130
1823,3522,18170,5216,18170,770,130
1823,3522,18171,5216,18171,770,130
1823,3522,18172,5216,18172,770,130
1823,3522,18173,5216,18173,770,130
1823,3522,18174,5216,18174,770,130
1823,3522,18175,5216,18175,770,130
1823,3522,18176,5216,18176,770,130
1823,3522,18177,5216,18177,770,130
1823,3522,18178,5216,18178,770,130
1823,3522,18179,5216,18179,770,130
1822,3522,18180,5216,18180,770,130
1822,3522,18181,5216,18181,770,130
1822,3522,18182,5216,18182,770,130
1822,3522,18183,5216,18183,770,130
1822,3522,18184,5216,18184,770,130
1822,3522,18185,5216,18185,770,130
1823,3522,18186,5216,18186,770,130
1823,3522,18187,5216,18187,770,130
1823,3522,18188,5216,18188,770,130
1823,3522,18189,5216,18189,770,130
1823,3522,18190,5216,18190,770,130
1822,3522,18191,5216,18191,770,130
1822,3522,18192,5216,18192,770,130
1822,3522,18193,5216,18193,770,130
1822,3522,18194,5216,18194,770,130
1822,3522,18195,5216,18195,770,130
1822,3522,18196,5216,18196,770,130
1823,3522,18197,5216,18197,770,130
1823,3522,18198,5216,18198,770,130
1823,3522,18199,5216,18199,770,130
1823,3522,18200,5216,18200,770,130
1823,3522,18201,5216,18201,770,130
1822,3522,18202,5216,18202,770,130
1822,3522,18203,5216,18203,770,130
1822,3522,18204,5216,18204,770,130
1822,3522,18205,5216,18205,770,130
1823,3522,18206,5216,18206,770,130
1823,3522,18207,5216,18207,770,130
1824,3522,18208,5216,18208,770,130
1824,3522,18209,5216,18209,770,130
1824,3522,18210,5216,18210,770,130
1824,3522,18211,5216,18211,770,130
1824,3522,18212,5216,18212,770,130
1824,3522,18213,5216,18213,770,130
1824,3522,18214,5216,18214,770,130
1824,3522,18215,5216,18215,770,130
1823,3522,18216,5216,18216,770,130
1823,3522,18217,5216,18217,770,130
1823,3522,18218,5216,18218,770,130
1823,3522,18219,5216,18219,770,130
1823,3522,18220,5216,18220,770,130
1823,3522,18221,5216,18221,770,130
1823,3522,18222,5216,18222,770,130
1824,3522,18223,5216,18223,770,130
1824,3522,18224,5216,18224,770,130
1824,3522,18225,5216,18225,770,130
1823,3522,18226,5216,18226,770,130
1824,3522,18227,5216,18227,770,130
1821,3522,18228,5216,18228,770,130
1821,3522,18229,5216,18229,770,130
1821,3522,18230,5216,18230,770,130
1820,3522,18231,5216,18231,770,130
1820,3522,18232,5216,18232,770,130
1820,3522,18233,5216,18233,770,130
1820,3522,18234,5216,18234,770,130
1820,3522,18235,5216,18235,770,130
1820,3522,18236,5216,18236,770,130
1820,3522,18237,5216,18237,770,130
1820,3522,18238,5216,18238,770,130
1820,3522,18239,5216,18239,770,130
1820,3522,18240,5216,18240,770,130
1820,3522,18241,5216,18241,770,130
1820,3522,18242,5216,18242,770,130
1819,3522,18243,5216,18243,770,130
1820,3522,18244,5216,18244,770,130
1820,3522,18245,5216,18245,770,130
1820,3522,18246,5216,18246,770,130
1820,3522,18247,5216,18247,770,130
1820,3522,18248,5216,18248,770,130
1820,3522,18249,5216,18249,770,130
1820,3522,18250,5216,18250,770,130
1820,3522,18251,5216,18251,770,130
1820,3522,18252,5216,18252,770,130
1820,3522,18253,5216,18253,770,130
1820,3522,18254,5216,18254,770,130
1820,3522,18255,5216,18255,770,130
1820,3522,18256,5216,18256,770,130
1820,3522,18257,5216,18257,770,130
1820,3522,18258,5216,18258,770,130
1820,3522,18259,5216,18259,770,130
1820,3522,18260,5216,18260,770,130
1821,3522,18261,5216,18261,770,130
1821,3522,18262,5216,18262,770,130
1821,3522,18263,5216,18263,770,130
1821,3522,18264,5216,18264,770,130
1821,3522,18265,5216,18265,770,130
1821,3522,18266,5216,18266,770,130
1821,3522,18267,5216,18267,770,130
1820,3522,18268,5216,18268,770,130
1820,3522,18269,5216,18269,770,130
1820,3522,18270,5216,18270,770,130
1820,3522,18271,5216,18271,770,130
1820,3522,18272,5216,18272,770,130
1820,3522,18273,5216,18273,770,130
1820,3522,18274,5216,18274,770,130
1820,3522,18275,5216,18275,770,130
1820,3522,18276,5216,18276,770,130
1820,3522,18277,5216,18277,770,130
1820,3522,18278,5216,18278,770,130
1821,3522,18279,5216,18279,770,130
1821,3522,18280,5216,18280,770,130
1821,3522,18281,5216,18281,770,130
1821,3522,18282,5216,18282,770,130
1821,3522,18283,5216,18283,770,130
1821,3522,18284,5216,18284,770,130
1822,3522,18285,5216,18285,770,130
1822,3522,18286,5216,18286,770,130
1822,3522,18287,5216,18287,770,130
1822,3522,18288,5216,18288,770,130
1822,3522,18289,5216,18289,770,130
1822,3522,18290,5216,18290,770,130
1822,3522,18291,5216,18291,770,130
1822,3522,18292,5216,18292,770,130
1822,3522,18293,5216,18293,770,130
1822,3522,18294,5216,18294,770,130
1822,3522,18295,5216,18295,770,130
1822,3522,18296,5216,18296,770,130
1822,3522,18297,5216,18297,770,130
1821,3522,18298,5216,18298,770,130
1821,3522,18299,5216,18299,770,130
1821,3522,18300,5216,18300,770,130
1822,3522,18301,5216,18301,770,130
1822,3522,18302,5216,18302,770,130
1822,3522,18303,5216,18303,770,130
1822,3522,18304,5216,18304,770,130
1823,3522,18305,5216,18305,770,130
1823,3522,18306,5216,18306,770,130
1824,3522,18307,5216,18307,770,130
1824,3522,18308,5216,18308,770,130
1823,3522,18309,5216,18309,770,130
1823,3522,18310,5216,18310,770,130
1823,3522,18311,5216,18311,770,130
1823,3522,18312,5216,18312,770,130
1823,3522,18313,5216,18313,770,130
1824,3522,18314,5216,18314,770,130
1824,3522,18315,5216,18315,770,130
1824,3522,18316,5216,18316,770,130
1824,3522,18317,5216,18317,770,130
1824,3522,18318,5216,18318,770,130
1824,3522,18319,5216,18319,770,130
1824,3522,18320,5216,18320,770,130
1824,3522,18321,5216,18321,770,130
1824,3522,18322,5216,18322,770,130
1824,3522,18323,5216,18323,770,130
1824,3522,18324,5216,18324,770,130
1824,3522,18325,5216,18325,770,130
1824,3522,18326,5216,18326,770,130
1824,3522,18327,5216,18327,770,130
1823,3522,18328,5216,18328,770,130
1823,3522,18329,5216,18329,770,130
1823,3522,18330,5216,18330,770,130
1823,3522,18331,5216,18331,770,130
1823,3522,18332,5216,18332,770,130
1821,3522,18333,5216,18333,770,129
1821,3522,18334,5216,18334,770,129
1821,3522,18335,5216,18335,770,129
1820,3522,18336,5216,18336,770,129
1821,3522,18337,5216,18337,770,129
1821,3522,18338,5216,18338,770,129
1821,3522,18339,5216,18339,770,129
1821,3522,18340,5216,18340,770,129
1821,3522,18341,5216,18341,770,129
1821,3522,18342,5216,18342,770,129
1821,3522,18343,5216,18343,770,129
1821,3522,18344,5216,18344,770,129
1821,3522,18345,5216,18345,770,129
1822,3522,18346,5216,18346,770,129
1822,3522,18347,5216,18347,770,129
1822,3522,18348,5216,18348,770,129
1822,3522,18349,5216,18349,770,129
1822,3522,18350,5216,18350,770,129
1823,3522,18351,5216,18351,770,129
1822,3522,18352,5216,18352,770,129
1822,3522,18353,5216,18353,770,129
1821,3522,18354,5216,18354,770,129
1821,3522,18355,5216,18355,770,129
1821,3522,18356,5216,18356,770,129
1822,3522,18357,5216,18357,770,129
1822,3522,18358,5216,18358,770,129
1823,3522,18359,5216,18359,770,129
1823,3522,18360,5216,18360,770,129
1823,3522,18361,5216,18361,770,129
1823,3522,18362,5216,18362,770,129
1823,3522,18363,5216,18363,770,129
1823,3522,18364,5216,18364,770,129
1821,3522,18365,5216,18365,770,129
1821,3522,18366,5216,18366,770,129
1821,3522,18367,5216,18367,770,129
1821,3522,18368,5216,18368,770,129
1821,3522,18369,5216,18369,770,129
1820,3522,18370,5216,18370,770,129
1820,3522,18371,5216,18371,770,129
1817,3522,18372,5216,18372,770,129
1817,3522,18373,5216,18373,770,129
1817,3522,18374,5216,18374,770,129
1818,3522,18375,5216,18375,770,129
1818,3522,18376,5216,18376,770,129
1818,3522,18377,5216,18377,770,129
1818,3522,18378,5216,18378,770,129
1818,3522,18379,5216,18379,770,129
1818,3522,18380,5216,18380,770,129
1818,3522,18381,5216,18381,770,129
1818,3522,18382,5216,18382,770,129
1818,3522,18383,5216,18383,770,129
1818,3522,18384,5216,18384,770,129
1818,3522,18385,5216,18385,770,129
1819,3522,18386,5216,18386,770,129
1819,3522,18387,5216,18387,770,129
1819,3522,18388,5216,18388,770,129
1819,3522,18389,5216,18389,770,129
1820,3522,18390,5216,18390,770,129
1820,3522,18391,5216,18391,770,129
1820,3522,18392,5216,18392,770,129
1819,3522,18393,5216,18393,770,129
1817,3522,18394,5216,18394,770,129
1817,3522,18395,5216,18395,770,129
1818,3522,18396,5216,18396,770,129
1818,3522,18397,5216,18397,770,129
1818,3522,18398,5216,18398,770,129
1817,3522,18399,5216,18399,770,129
1817,3522,18400,5216,18400,770,129
1817,3522,18401,5216,18401,770,129
1817,3522,18402,5216,18402,770,129
1817,3522,18403,5216,18403,770,129
1817,3522,18404,5216,18404,770,129
1817,3522,18405,5216,18405,770,129
1817,3522,18406,5216,18406,770,129
1817,3522,18407,5216,18407,770,129
1817,3522,18408,5216,18408,770,129
1817,3522,18409,5216,18409,770,129
1817,3522,18410,5216,18410,770,129
1817,3522,18411,5216,18411,770,129
1816,3522,18412,5216,18412,770,129
1817,3522,18413,5216,18413,770,129
1817,3522,18414,5216,18414,770,129
1817,3522,18415,5216,18415,770,129
1817,3522,18416,5216,18416,770,129
1817,3522,18417,5216,18417,770,129
1816,3522,18418,5216,18418,770,129
1817,3522,18419,5216,18419,770,129
1817,3522,18420,5216,18420,770,129
1817,3522,18421,5216,18421,770,129
1817,3522,18422,5216,18422,770,129
1815,3522,18423,5216,18423,770,129
1815,3522,18424,5216,18424,770,129
1815,3522,18425,5216,18425,770,129
1815,3522,18426,5216,18426,770,129
1815,3522,18427,5216,18427,770,129
1815,3522,18428,5216,18428,770,129
1815,3522,18429,5216,18429,770,129
1815,3522,18430,5216,18430,770,129
1814,3522,18431,5216,18431,770,129
1814,3522,18432,5216,18432,770,129
1815,3522,18433,5216,18433,770,129
1816,3522,18434,5216,18434,770,129
1816,3522,18435,5216,18435,770,129
1814,3522,18436,5216,18436,770,129
1814,3522,18437,5216,18437,770,129
1815,3522,18438,5216,18438,770,129
1815,3522,18439,5216,18439,770,129
1815,3522,18440,5216,18440,770,129
1815,3522,18441,5216,18441,770,129
1814,3522,18442,5216,18442,770,129
1812,3522,18443,5216,18443,770,128
1812,3522,18444,5216,18444,770,128
1812,3522,18445,5216,18445,770,128
1812,3522,18446,5216,18446,770,128
1812,3522,18447,5216,18447,770,128
1812,3522,18448,5216,18448,770,128
1811,3522,18449,5216,18449,770,128
1811,3522,18450,5216,18450,770,128
1811,3522,18451,5216,18451,770,128
1810,3522,18452,5216,18452,770,128
1810,3522,18453,5216,18453,770,128
1809,3522,18454,5216,18454,770,128
1809,3522,18455,5216,18455,770,128
1809,3522,18456,5216,18456,770,128
1809,3522,18457,5216,18457,770,128
1809,3522,18458,5216,18458,770,128
1810,3522,18459,5216,18459,770,128
1810,3522,18460,5216,18460,770,128
1810,3522,18461,5216,18461,770,128
1810,3522,18462,5216,18462,770,128
1810,3522,18463,5216,18463,770,128
1810,3522,18464,5216,18464,770,128
1810,3522,18465,5216,18465,770,128
1810,3522,18466,5216,18466,770,128
1809,3522,18467,5216,18467,770,128
1809,3522,18468,5216,18468,770,128
1810,3522,18469,5216,18469,770,128
1810,3522,18470,5216,18470,770,128
1810,3522,18471,5216,18471,770,128
1810,3522,18472,5216,18472,770,128
1810,3522,18473,5216,18473,770,128
1811,3522,18474,5216,18474,770,128
1811,3522,18475,5216,18475,770,128
1811,3522,18476,5216,18476,770,128
1811,3522,18477,5216,18477,770,128
1811,3522,18478,5216,18478,770,128
1811,3522,18479,5216,18479,770,128
1811,3522,18480,5216,18480,770,128
1811,3522,18481,5216,18481,770,128
1811,3522,18482,5216,18482,770,128
1811,3522,18483,5216,18483,770,128
1811,3522,18484,5216,18484,770,128
1811,3522,18485,5216,18485,770,128
1811,3522,18486,5216,18486,770,128
1811,3522,18487,5216,18487,770,128
1811,3522,18488,5216,18488,770,128
1811,3522,18489,5216,18489,770,128
1811,3522,18490,5216,18490,770,128
1811,3522,18491,5216,18491,770,128
1811,3522,18492,5216,18492,770,128
1812,3522,18493,5216,18493,770,128
1812,3522,18494,5216,18494,770,128
1812,3522,18495,5216,18495,770,128
1812,3522,18496,5216,18496,770,128
1812,3522,18497,5216,18497,770,128
1812,3522,18498,5216,18498,770,128
1813,3522,18499,5216,18499,770,128
1813,3522,18500,5216,18500,770,128
1814,3522,18501,5216,18501,770,128
1814,3522,18502,5216,18502,770,128
1814,3522,18503,5216,18503,770,128
1814,3522,18504,5216,18504,770,128
1813,3522,18505,5216,18505,770,128
1813,3522,18506,5216,18506,770,128
1813,3522,18507,5216,18507,770,128
1813,3522,18508,5216,18508,770,128
1813,3522,18509,5216,18509,770,128
1814,3522,18510,5216,18510,770,128
1815,3522,18511,5216,18511,770,128
1816,3522,18512,5216,18512,770,128
1815,3522,18513,5216,18513,770,127
1815,3522,18514,5216,18514,770,127
1816,3522,18515,5216,18515,770,127
1816,3522,18516,5216,18516,770,127
1816,3522,18517,5216,18517,770,127
1816,3522,18518,5216,18518,770,127
1816,3522,18519,5216,18519,770,127
1816,3522,18520,5216,18520,770,127
1816,3522,18521,5216,18521,770,127
1816,3522,18522,5216,18522,770,127
1816,3522,18523,5216,18523,770,127
1816,3522,18524,5216,18524,770,127
1816,3522,18525,5216,18525,770,127
1817,3522,18526,5216,18526,770,127
1817,3522,18527,5216,18527,770,127
1817,3522,18528,5216,18528,770,127
1817,3522,18529,5216,18529,770,127
1816,3522,18530,5216,18530,770,127
1816,3522,18531,5216,18531,770,127
1816,3522,18532,5216,18532,770,127
1816,3522,18533,5216,18533,770,127
1816,3522,18534,5216,18534,770,127
1816,3522,18535,5216,18535,770,127
1815,3522,18536,5216,18536,770,127
1816,3522,18537,5216,18537,770,127
1816,3522,18538,5216,18538,770,127
1816,3522,18539,5216,18539,770,127
1817,3522,18540,5216,18540,770,127
1817,3522,18541,5216,18541,770,127
1817,3522,18542,5216,18542,770,127
1817,3522,18543,5216,18543,770,127
1817,3522,18544,5216,18544,770,127
1818,3522,18545,5216,18545,770,127
1819,3522,18546,5216,18546,770,127
1819,3522,18547,5216,18547,770,127
1819,3522,18548,5216,18548,770,127
1819,3522,18549,5216,18549,770,127
1819,3522,18550,5216,18550,770,127
1820,3522,18551,5216,18551,770,127
1821,3522,18552,5216,18552,770,127
1821,3522,18553,5216,18553,770,127
1821,3522,18554,5216,18554,770,127
1821,3522,18555,5216,18555,770,127
1821,3522,18556,5216,18556,770,127
1822,3522,18557,5216,18557,770,127
1822,3522,18558,5216,18558,770,127
1822,3522,18559,5216,18559,770,127
1822,3522,18560,5216,18560,770,127
1822,3522,18561,5216,18561,770,127
1823,3522,18562,5216,18562,770,127
1824,3522,18563,5216,18563,770,127
1824,3522,18564,5216,18564,770,127
1824,3522,18565,5216,18565,770,127
1824,3522,18566,5216,18566,770,127
1824,3522,18567,5216,18567,770,127
1824,3522,18568,5216,18568,770,127
1824,3522,18569,5216,18569,770,127
1825,3522,18570,5216,18570,770,127
1826,3522,18571,5216,18571,770,127
1826,3522,18572,5216,18572,770,127
1826,3522,18573,5216,18573,770,127
1826,3522,18574,5216,18574,770,127
1827,3522,18575,5216,18575,770,127
1828,3522,18576,5216,18576,770,127
1828,3522,18577,5216,18577,770,127
1828,3522,18578,5216,18578,770,127
1828,3522,18579,5216,18579,770,127
1828,3522,18580,5216,18580,770,127
1828,3522,18581,5216,18581,770,127
1828,3522,18582,5216,18582,770,127
1828,3522,18583,5216,18583,770,127
1828,3522,18584,5216,18584,770,127
1826,3522,18585,5216,18585,770,127
1826,3522,18586,5216,18586,770,127
1826,3522,18587,5216,18587,770,127
1825,3522,18588,5216,18588,770,127
1825,3522,18589,5216,18589,770,127
1825,3522,18590,5216,18590,770,127
1825,3522,18591,5216,18591,770,127
1825,3522,18592,5216,18592,770,127
1825,3522,18593,5216,18593,770,127
1825,3522,18594,5216,18594,770,127
1825,3522,18595,5216,18595,770,127
1825,3522,18596,5216,18596,770,127
1825,3522,18597,5216,18597,770,127
1825,3522,18598,5216,18598,770,127
1825,3522,18599,5216,18599,770,127
1825,3522,18600,5216,18600,770,127
1824,3522,18601,5216,18601,770,127
1824,3522,18602,5216,18602,770,127
1824,3522,18603,5216,18603,770,127
1823,3522,18604,5216,18604,770,127
1823,3522,18605,5216,18605,770,127
1824,3522,18606,5216,18606,770,127
1824,3522,18607,5216,18607,770,127
1824,3522,18608,5216,18608,770,127
1824,3522,18609,5216,18609,770,127
1823,3522,18610,5216,18610,770,127
1820,3522,18611,5216,18611,770,126
1820,3522,18612,5216,18612,770,126
1820,3522,18613,5216,18613,770,126
1820,3522,18614,5216,18614,770,126
1820,3522,18615,5216,18615,770,126
1821,3522,18616,5216,18616,770,126
1820,3522,18617,5216,18617,770,126
1820,3522,18618,5216,18618,770,126
1820,3522,18619,5216,18619,770,126
1820,3522,18620,5216,18620,770,126
1820,3522,18621,5216,18621,770,126
1819,3522,18622,5216,18622,770,126
1819,3522,18623,5216,18623,770,126
1820,3522,18624,5216,18624,770,126
1821,3522,18625,5216,18625,770,126
1821,3522,18626,5216,18626,770,126
1821,3522,18627,5216,18627,770,126
1821,3522,18628,5216,18628,770,126
1821,3522,18629,5216,18629,770,126
1821,3522,18630,5216,18630,770,126
1821,3522,18631,5216,18631,770,126
1821,3522,18632,5216,18632,770,126
1821,3522,18633,5216,18633,770,126
1821,3522,18634,5216,18634,770,126
1821,3522,18635,5216,18635,770,126
1821,3522,18636,5216,18636,770,126
1821,3522,18637,5216,18637,770,126
1821,3522,18638,5216,18638,770,126
1821,3522,18639,5216,18639,770,126
1821,3522,18640,5216,18640,770,126
1821,3522,18641,5216,18641,770,126
1821,3522,18642,5216,18642,770,126
1821,3522,18643,5216,18643,770,126
1821,3522,18644,5216,18644,770,126
1821,3522,18645,5216,18645,770,126
1821,3522,18646,5216,18646,770,126
1821,3522,18647,5216,18647,770,126
1821,3522,18648,5216,18648,770,126
1820,3522,18649,5216,18649,770,126
1820,3522,18650,5216,18650,770,126
1821,3522,18651,5216,18651,770,126
1822,3522,18652,5216,18652,770,126
1822,3522,18653,5216,18653,770,126
1822,3522,18654,5216,18654,770,126
1822,3522,18655,5216,18655,770,126
1822,3522,18656,5216,18656,770,126
1822,3522,18657,5216,18657,770,126
1822,3522,18658,5216,18658,770,126
1823,3522,18659,5216,18659,770,126
1824,3522,18660,5216,18660,770,126
1824,3522,18661,5216,18661,770,126
1824,3522,18662,5216,18662,770,126
1824,3522,18663,5216,18663,770,126
1825,3522,18664,5216,18664,770,126
1825,3522,18665,5216,18665,770,126
1825,3522,18666,5216,18666,770,126
1825,3522,18667,5216,18667,770,126
1825,3522,18668,5216,18668,770,126
1825,3522,18669,5216,18669,770,126
1825,3522,18670,5216,18670,770,126
1825,3522,18671,5216,18671,770,126
1823,3522,18672,5216,18672,770,126
1823,3522,18673,5216,18673,770,126
1823,3522,18674,5216,18674,770,126
1823,3522,18675,5216,18675,770,126
1822,3522,18676,5216,18676,770,126
1822,3522,18677,5216,18677,770,126
1821,3522,18678,5216,18678,770,126
1820,3522,18679,5216,18679,770,126
1820,3522,18680,5216,18680,770,126
1820,3522,18681,5216,18681,770,126
1820,3522,18682,5216,18682,770,126
1821,3522,18683,5216,18683,770,126
1821,3522,18684,5216,18684,770,126
1821,3522,18685,5216,18685,770,126
1822,3522,18686,5216,18686,770,126
1822,3522,18687,5216,18687,770,126
1822,3522,18688,5216,18688,770,126
1821,3522,18689,5216,18689,770,126
1821,3522,18690,5216,18690,770,126
1822,3522,18691,5216,18691,770,126
1822,3522,18692,5216,18692,770,126
1821,3522,18693,5216,18693,770,126
1821,3522,18694,5216,18694,770,126
1821,3522,18695,5216,18695,770,126
1822,3522,18696,5216,18696,770,126
1822,3522,18697,5216,18697,770,126
1821,3522,18698,5216,18698,770,126
1821,3522,18699,5216,18699,770,126
1821,3522,18700,5216,18700,770,126
1821,3522,18701,5216,18701,770,126
1821,3522,18702,5216,18702,770,126
1821,3522,18703,5216,18703,770,126
1821,3522,18704,5216,18704,770,126
1821,3522,18705,5216,18705,770,126
1821,3522,18706,5216,18706,770,126
1821,3522,18707,5216,18707,770,126
1821,3522,18708,5216,18708,770,126
1821,3522,18709,5216,18709,770,126
1822,3522,18710,5216,18710,770,126
1822,3522,18711,5216,18711,770,126
1821,3522,18712,5216,18712,770,126
1821,3522,18713,5216,18713,770,126
1820,3522,18714,5216,18714,770,126
1820,3522,18715,5216,18715,770,126
1819,3522,18716,5216,18716,770,126
1819,3522,18717,5216,18717,770,126
1819,3522,18718,5216,18718,770,126
1819,3522,18719,5216,18719,770,126
1819,3522,18720,5216,18720,770,126
1819,3522,18721,5216,18721,770,126
1819,3522,18722,5216,18722,770,126
1818,3522,18723,5216,18723,770,126
1818,3522,18724,5216,18724,770,126
1817,3522,18725,5216,18725,770,126
1817,3522,18726,5216,18726,770,126
1818,3522,18727,5216,18727,770,126
1818,3522,18728,5216,18728,770,126
1817,3522,18729,5216,18729,770,126
1817,3522,18730,5216,18730,770,126
1817,3522,18731,5216,18731,770,126
1817,3522,18732,5216,18732,770,126
1816,3522,18733,5216,18733,770,126
1816,3522,18734,5216,18734,770,126
1815,3522,18735,5216,18735,770,126
1815,3522,18736,5216,18736,770,126
1815,3522,18737,5216,18737,770,126
1814,3522,18738,5216,18738,770,126
1814,3522,18739,5216,18739,770,126
1814,3522,18740,5216,18740,770,126
1814,3522,18741,5216,18741,770,126
1814,3522,18742,5216,18742,770,126
1814,3522,18743,5216,18743,770,126
1814,3522,18744,5216,18744,770,126
1814,3522,18745,5216,18745,770,126
1814,3522,18746,5216,18746,770,126
1814,3522,18747,5216,18747,770,126
1814,3522,18748,5216,18748,770,126
1814,3522,18749,5216,18749,770,126
1814,3522,18750,5216,18750,770,126
1814,3522,18751,5216,18751,770,126
1813,3522,18752,5216,18752,770,126
1813,3522,18753,5216,18753,770,126
1812,3522,18754,5216,18754,770,126
1812,3522,18755,5216,18755,770,126
1812,3522,18756,5216,18756,770,126
1812,3522,18757,5216,18757,770,126
1812,3522,18758,5216,18758,770,126
1812,3522,18759,5216,18759,770,126
1812,3522,18760,5216,18760,770,126
1812,3522,18761,5216,18761,770,126
1812,3522,18762,5216,18762,770,126
1811,3522,18763,5216,18763,770,126
1811,3522,18764,5216,18764,770,126
1811,3522,18765,5216,18765,770,126
1811,3522,18766,5216,18766,770,126
1811,3522,18767,5216,18767,770,126
1811,3522,18768,5216,18768,770,126
1811,3522,18769,5216,18769,770,126
1811,3522,18770,5216,18770,770,126
1812,3522,18771,5216,18771,770,126
1812,3522,18772,5216,18772,770,126
1812,3522,18773,5216,18773,770,126
1812,3522,18774,5216,18774,770,126
1812,3522,18775,5216,18775,770,126
1812,3522,18776,5216,18776,770,126
1812,3522,18777,5216,18777,770,126
1812,3522,18778,5216,18778,770,126
1812,3522,18779,5216,18779,770,126
1813,3522,18780,5216,18780,770,126
1813,3522,18781,5216,18781,770,126
1813,3522,18782,5216,18782,770,126
1813,3522,18783,5216,18783,770,126
1814,3522,18784,5216,18784,770,126
1814,3522,18785,5216,18785,770,126
1814,3522,18786,5216,18786,770,126
1814,3522,18787,5216,18787,770,126
1815,3522,18788,5216,18788,770,126
1816,3522,18789,5216,18789,770,126
1817,3522,18790,5216,18790,770,126
1817,3522,18791,5216,18791,770,126
1818,3522,18792,5216,18792,770,126
1818,3522,18793,5216,18793,770,126
1817,3522,18794,5216,18794,770,126
1817,3522,18795,5216,18795,770,126
1817,3522,18796,5216,18796,770,126
1817,3522,18797,5216,18797,770,126
1818,3522,18798,5216,18798,770,126
1818,3522,18799,5216,18799,770,126
1818,3522,18800,5216,18800,770,126
1818,3522,18801,5216,18801,770,126
1817,3522,18802,5216,18802,770,126
1817,3522,18803,5216,18803,770,126
1817,3522,18804,5216,18804,770,126
1817,3522,18805,5216,18805,770,126
1817,3522,18806,5216,18806,770,126
1817,3522,18807,5216,18807,770,126
1817,3522,18808,5216,18808,770,126
1818,3522,18809,5216,18809,770,126
1816,3522,18810,5216,18810,770,126
1816,3522,18811,5216,18811,770,126
1816,3522,18812,5216,18812,770,126
1816,3522,18813,5216,18813,770,126
1816,3522,18814,5216,18814,770,126
1816,3522,18815,5216,18815,770,126
1815,3522,18816,5216,18816,770,126
1815,3522,18817,5216,18817,770,126
1815,3522,18818,5216,18818,770,126
1815,3522,18819,5216,18819,770,126
1815,3522,18820,5216,18820,770,126
1815,3522,18821,5216,18821,770,126
1816,3522,18822,5216,18822,770,126
1816,3522,18823,5216,18823,770,126
1816,3522,18824,5216,18824,770,126
1816,3522,18825,5216,18825,770,126
1815,3522,18826,5216,18826,770,126
1815,3522,18827,5216,18827,770,126
1815,3522,18828,5216,18828,770,126
1815,3522,18829,5216,18829,770,126
1815,3522,18830,5216,18830,770,126
1814,3522,18831,5216,18831,770,126
1814,3522,18832,5216,18832,770,126
1815,3522,18833,5216,18833,770,126
1815,3522,18834,5216,18834,770,126
1814,3522,18835,5216,18835,770,126
1814,3522,18836,5216,18836,770,126
1814,3522,18837,5216,18837,770,126
1814,3522,18838,5216,18838,770,126
1814,3522,18839,5216,18839,770,126
1814,3522,18840,5216,18840,770,126
1814,3522,18841,5216,18841,770,126
1813,3522,18842,5216,18842,770,126
1813,3522,18843,5216,18843,770,126
1813,3522,18844,5216,18844,770,126
1811,3522,18845,5216,18845,770,126
1811,3522,18846,5216,18846,770,126
1810,3522,18847,5216,18847,770,126
1811,3522,18848,5216,18848,770,126
1811,3522,18849,5216,18849,770,126
1811,3522,18850,5216,18850,770,126
1811,3522,18851,5216,18851,770,126
1811,3522,18852,5216,18852,770,126
1811,3522,18853,5216,18853,770,126
1812,3522,18854,5216,18854,770,126
1812,3522,18855,5216,18855,770,126
1812,3522,18856,5216,18856,770,126
1813,3522,18857,5216,18857,770,126
1813,3522,18858,5216,18858,770,126
1813,3522,18859,5216,18859,770,126
1813,3522,18860,5216,18860,770,126
1814,3522,18861,5216,18861,770,126
1814,3522,18862,5216,18862,770,126
1814,3522,18863,5216,18863,770,126
1814,3522,18864,5216,18864,770,126
1813,3522,18865,5216,18865,770,126
1813,3522,18866,5216,18866,770,126
1813,3522,18867,5216,18867,770,126
1813,3522,18868,5216,18868,770,126
1812,3522,18869,5216,18869,770,126
1812,3522,18870,5216,18870,770,126
1811,3522,18871,5216,18871,770,126
1811,3522,18872,5216,18872,770,126
1811,3522,18873,5216,18873,770,126
1811,3522,18874,5216,18874,770,126
1811,3522,18875,5216,18875,770,126
1811,3522,18876,5216,18876,770,126
1811,3522,18877,5216,18877,770,126
1811,3522,18878,5216,18878,770,126
1811,3522,18879,5216,18879,770,126
1811,3522,18880,5216,18880,770,126
1811,3522,18881,5216,18881,770,126
1811,3522,18882,5216,18882,770,126
1811,3522,18883,5216,18883,770,126
1812,3522,18884,5216,18884,770,126
1812,3522,18885,5216,18885,770,126
1812,3522,18886,5216,18886,770,126
1811,3522,18887,5216,18887,770,126
1811,3522,18888,5216,18888,770,126
1811,3522,18889,5216,18889,770,126
1811,3522,18890,5216,18890,770,126
1812,3522,18891,5216,18891,770,126
1812,3522,18892,5216,18892,770,126
1812,3522,18893,5216,18893,770,126
1812,3522,18894,5216,18894,770,126
1812,3522,18895,5216,18895,770,126
1812,3522,18896,5216,18896,770,126
1812,3522,18897,5216,18897,770,126
1812,3522,18898,5216,18898,770,126
1812,3522,18899,5216,18899,770,126
1812,3522,18900,5216,18900,770,126
1811,3522,18901,5216,18901,770,126
1811,3522,18902,5216,18902,770,126
1811,3522,18903,5216,18903,770,126
1811,3522,18904,5216,18904,770,126
1811,3522,18905,5216,18905,770,126
1811,3522,18906,5216,18906,770,126
1811,3522,18907,5216,18907,770,126
1811,3522,18908,5216,18908,770,126
1811,3522,18909,5216,18909,770,126
1811,3522,18910,5216,18910,770,126
1810,3522,18911,5216,18911,770,126
1810,3522,18912,5216,18912,770,126
1811,3522,18913,5216,18913,770,126
1811,3522,18914,5216,18914,770,126
1812,3522,18915,5216,18915,770,126
1813,3522,18916,5216,18916,770,126
1813,3522,18917,5216,18917,770,126
1813,3522,18918,5216,18918,770,126
1810,3522,18919,5216,18919,770,126
1810,3522,18920,5216,18920,770,126
1810,3522,18921,5216,18921,770,126
1810,3522,18922,5216,18922,770,126
1810,3522,18923,5216,18923,770,126
1810,3522,18924,5216,18924,770,126
1809,3522,18925,5216,18925,770,126
1810,3522,18926,5216,18926,770,126
1811,3522,18927,5216,18927,770,126
1811,3522,18928,5216,18928,770,126
1811,3522,18929,5216,18929,770,126
1811,3522,18930,5216,18930,770,126
1811,3522,18931,5216,18931,770,126
1811,3522,18932,5216,18932,770,126
1811,3522,18933,5216,18933,770,126
1811,3522,18934,5216,18934,770,126
1811,3522,18935,5216,18935,770,126
1811,3522,18936,5216,18936,770,126
1811,3522,18937,5216,18937,770,126
1810,3522,18938,5216,18938,770,126
1810,3522,18939,5216,18939,770,126
1810,3522,18940,5216,18940,770,126
1810,3522,18941,5216,18941,770,126
1811,3522,18942,5216,18942,770,126
1812,3522,18943,5216,18943,770,126
1812,3522,18944,5216,18944,770,126
1812,3522,18945,5216,18945,770,126
1812,3522,18946,5216,18946,770,126
1813,3522,18947,5216,18947,770,126
1813,3522,18948,5216,18948,770,126
1813,3522,18949,5216,18949,770,126
1814,3522,18950,5216,18950,770,126
1814,3522,18951,5216,18951,770,126
1814,3522,18952,5216,18952,770,126
1814,3522,18953,5216,18953,770,126
1814,3522,18954,5216,18954,770,126
1814,3522,18955,5216,18955,770,126
1814,3522,18956,5216,18956,770,126
1814,3522,18957,5216,18957,770,126
1814,3522,18958,5216,18958,770,126
1814,3522,18959,5216,18959,770,126
1814,3522,18960,5216,18960,770,126
1814,3522,18961,5216,18961,770,126
1814,3522,18962,5216,18962,770,126
1814,3522,18963,5216,18963,770,126
1813,3522,18964,5216,18964,770,126
1812,3522,18965,5216,18965,770,126
1812,3522,18966,5216,18966,770,126
1813,3522,18967,5216,18967,770,126
1813,3522,18968,5216,18968,770,126
1812,3522,18969,5216,18969,770,126
1813,3522,18970,5216,18970,770,126
1813,3522,18971,5216,18971,770,126
1813,3522,18972,5216,18972,770,126
1813,3522,18973,5216,18973,770,126
1813,3522,18974,5216,18974,770,126
1814,3522,18975,5216,18975,770,126
1814,3522,18976,5216,18976,770,126
1814,3522,18977,5216,18977,770,126
1815,3522,18978,5216,18978,770,126
1815,3522,18979,5216,18979,770,126
1815,3522,18980,5216,18980,770,126
1815,3522,18981,5216,18981,770,126
1815,3522,18982,5216,18982,770,126
1815,3522,18983,5216,18983,770,126
1815,3522,18984,5216,18984,770,126
1814,3522,18985,5216,18985,770,126
1814,3522,18986,5216,18986,770,126
1814,3522,18987,5216,18987,770,126
1814,3522,18988,5216,18988,770,126
1814,3522,18989,5216,18989,770,126
1814,3522,18990,5216,18990,770,126
1814,3522,18991,5216,18991,770,126
1815,3522,18992,5216,18992,770,126
1815,3522,18993,5216,18993,770,126
1816,3522,18994,5216,18994,770,126
1814,3522,18995,5216,18995,770,126
1814,3522,18996,5216,18996,770,126
1814,3522,18997,5216,18997,770,126
1814,3522,18998,5216,18998,770,126
1814,3522,18999,5216,18999,770,126
1814,3522,19000,5216,19000,770,126
1814,3522,19001,5216,19001,770,126
1815,3522,19002,5216,19002,770,126
1815,3522,19003,5216,19003,770,126
1815,3522,19004,5216,19004,770,126
1815,3522,19005,5216,19005,770,126
1815,3522,19006,5216,19006,770,126
1815,3522,19007,5216,19007,770,126
1815,3522,19008,5216,19008,770,126
1815,3522,19009,5216,19009,770,126
1815,3522,19010,5216,19010,770,126
1815,3522,19011,5216,19011,770,126
1815,3522,19012,5216,19012,770,126
1815,3522,19013,5216,19013,770,126
1815,3522,19014,5216,19014,770,126
1815,3522,19015,5216,19015,770,126
1815,3522,19016,5216,19016,770,126
1815,3522,19017,5216,19017,770,126
1815,3522,19018,5216,19018,770,126
1816,3522,19019,5216,19019,770,126
1816,3522,19020,5216,19020,770,126
1816,3522,19021,5216,19021,770,126
1816,3522,19022,5216,19022,770,126
1816,3522,19023,5216,19023,770,126
1816,3522,19024,5216,19024,770,126
1816,3522,19025,5216,19025,770,126
1816,3522,19026,5216,19026,770,126
1816,3522,19027,5216,19027,770,126
1816,3522,19028,5216,19028,770,126
1816,3522,19029,5216,19029,770,126
1816,3522,19030,5216,19030,770,126
1816,3522,19031,5216,19031,770,126
1816,3522,19032,5216,19032,770,126
1815,3522,19033,5216,19033,770,126
1815,3522,19034,5216,19034,770,126
1815,3522,19035,5216,19035,770,126
1815,3522,19036,5216,19036,770,126
1815,3522,19037,5216,19037,770,126
1815,3522,19038,5216,19038,770,126
1815,3522,19039,5216,19039,770,126
1815,3522,19040,5216,19040,770,126
1815,3522,19041,5216,19041,770,126
1815,3522,19042,5216,19042,770,126
1815,3522,19043,5216,19043,770,126
1815,3522,19044,5216,19044,770,126
1815,3522,19045,5216,19045,770,126
1815,3522,19046,5216,19046,770,126
1816,3522,19047,5216,19047,770,126
1816,3522,19048,5216,19048,770,126
1816,3522,19049,5216,19049,770,126
1816,3522,19050,5216,19050,770,126
1815,3522,19051,5216,19051,770,125
1815,3522,19052,5216,19052,770,125
1815,3522,19053,5216,19053,770,125
1815,3522,19054,5216,19054,770,125
1815,3522,19055,5216,19055,770,125
1815,3522,19056,5216,19056,770,125
1815,3522,19057,5216,19057,770,125
1815,3522,19058,5216,19058,770,125
1815,3522,19059,5216,19059,770,125
1815,3522,19060,5216,19060,770,125
1815,3522,19061,5216,19061,770,125
1815,3522,19062,5216,19062,770,125
1813,3522,19063,5216,19063,770,125
1813,3522,19064,5216,19064,770,125
1813,3522,19065,5216,19065,770,125
1813,3522,19066,5216,19066,770,125
1813,3522,19067,5216,19067,770,125
1814,3522,19068,5216,19068,770,125
1814,3522,19069,5216,19069,770,125
1814,3522,19070,5216,19070,770,125
1813,3522,19071,5216,19071,770,125
1813,3522,19072,5216,19072,770,125
1813,3522,19073,5216,19073,770,125
1811,3522,19074,5216,19074,770,125
1812,3522,19075,5216,19075,770,125
1812,3522,19076,5216,19076,770,125
1812,3522,19077,5216,19077,770,125
1811,3522,19078,5216,19078,770,125
1811,3522,19079,5216,19079,770,125
1811,3522,19080,5216,19080,770,125
1811,3522,19081,5216,19081,770,125
1812,3522,19082,5216,19082,770,125
1812,3522,19083,5216,19083,770,125
1812,3522,19084,5216,19084,770,125
1812,3522,19085,5216,19085,770,125
1812,3522,19086,5216,19086,770,125
1812,3522,19087,5216,19087,770,125
1812,3522,19088,5216,19088,770,125
1813,3522,19089,5216,19089,770,125
1813,3522,19090,5216,19090,770,125
1813,3522,19091,5216,19091,770,125
1813,3522,19092,5216,19092,770,125
1813,3522,19093,5216,19093,770,125
1813,3522,19094,5216,19094,770,125
1813,3522,19095,5216,19095,770,125
1813,3522,19096,5216,19096,770,125
1813,3522,19097,5216,19097,770,125
1813,3522,19098,5216,19098,770,125
1813,3522,19099,5216,19099,770,125
1813,3522,19100,5216,19100,770,125
1812,3522,19101,5216,19101,770,125
1812,3522,19102,5216,19102,770,125
1812,3522,19103,5216,19103,770,125
1812,3522,19104,5216,19104,770,125
1812,3522,19105,5216,19105,770,125
1812,3522,19106,5216,19106,770,125
1812,3522,19107,5216,19107,770,125
1812,3522,19108,5216,19108,770,125
1811,3522,19109,5216,19109,770,125
1811,3522,19110,5216,19110,770,125
1811,3522,19111,5216,19111,770,125
1811,3522,19112,5216,19112,770,125
1810,3522,19113,5216,19113,770,125
1810,3522,19114,5216,19114,770,125
1810,3522,19115,5216,19115,770,125
1810,3522,19116,5216,19116,770,125
1810,3522,19117,5216,19117,770,125
1810,3522,19118,5216,19118,770,125
1810,3522,19119,5216,19119,770,125
1811,3522,19120,5216,19120,770,125
1809,3522,19121,5216,19121,770,125
1809,3522,19122,5216,19122,770,125
1808,3522,19123,5216,19123,770,125
1808,3522,19124,5216,19124,770,125
1808,3522,19125,5216,19125,770,125
1808,3522,19126,5216,19126,770,125
1809,3522,19127,5216,19127,770,125
1809,3522,19128,5216,19128,770,125
1807,3522,19129,5216,19129,770,125
1805,3522,19130,5216,19130,770,124
1805,3522,19131,5216,19131,770,124
1806,3522,19132,5216,19132,770,124
1806,3522,19133,5216,19133,770,124
1806,3522,19134,5216,19134,770,124
1806,3522,19135,5216,19135,770,124
1807,3522,19136,5216,19136,770,124
1807,3522,19137,5216,19137,770,124
1807,3522,19138,5216,19138,770,124
1807,3522,19139,5216,19139,770,124
1807,3522,19140,5216,19140,770,124
1807,3522,19141,5216,19141,770,124
1807,3522,19142,5216,19142,770,124
1807,3522,19143,5216,19143,770,124
1807,3522,19144,5216,19144,770,124
1807,3522,19145,5216,19145,770,124
1807,3522,19146,5216,19146,770,124
1806,3522,19147,5216,19147,770,124
1806,3522,19148,5216,19148,770,124
1806,3522,19149,5216,19149,770,124
1807,3522,19150,5216,19150,770,124
1807,3522,19151,5216,19151,770,124
1807,3522,19152,5216,19152,770,124
1807,3522,19153,5216,19153,770,124
1807,3522,19154,5216,19154,770,124
1807,3522,19155,5216,19155,770,124
1806,3522,19156,5216,19156,770,124
1806,3522,19157,5216,19157,770,124
1806,3522,19158,5216,19158,770,124
1806,3522,19159,5216,19159,770,124
1806,3522,19160,5216,19160,770,124
1807,3522,19161,5216,19161,770,124
1807,3522,19162,5216,19162,770,124
1807,3522,19163,5216,19163,770,124
1807,3522,19164,5216,19164,770,124
1807,3522,19165,5216,19165,770,124
1807,3522,19166,5216,19166,770,124
1807,3522,19167,5216,19167,770,124
1806,3522,19168,5216,19168,770,124
1806,3522,19169,5216,19169,770,124
1806,3522,19170,5216,19170,770,124
1806,3522,19171,5216,19171,770,124
1806,3522,19172,5216,19172,770,124
1806,3522,19173,5216,19173,770,124
1806,3522,19174,5216,19174,770,124
1806,3522,19175,5216,19175,770,124
1806,3522,19176,5216,19176,770,124
1806,3522,19177,5216,19177,770,124
1806,3522,19178,5216,19178,770,124
1806,3522,19179,5216,19179,770,124
1806,3522,19180,5216,19180,770,124
1806,3522,19181,5216,19181,770,124
1806,3522,19182,5216,19182,770,124
1806,3522,19183,5216,19183,770,124
1806,3522,19184,5216,19184,770,124
1806,3522,19185,5216,19185,770,124
1806,3522,19186,5216,19186,770,124
1806,3522,19187,5216,19187,770,124
1806,3522,19188,5216,19188,770,124
1806,3522,19189,5216,19189,770,124
1806,3522,19190,5216,19190,770,124
1806,3522,19191,5216,19191,770,124
1806,3522,19192,5216,19192,770,124
1806,3522,19193,5216,19193,770,124
1807,3522,19194,5216,19194,770,124
1807,3522,19195,5216,19195,770,124
1807,3522,19196,5216,19196,770,124
1807,3522,19197,5216,19197,770,124
1807,3522,19198,5216,19198,770,124
1807,3522,19199,5216,19199,770,124
1808,3522,19200,5216,19200,770,124
1808,3522,19201,5216,19201,770,124
1808,3522,19202,5216,19202,770,124
1808,3522,19203,5216,19203,770,124
1808,3522,19204,5216,19204,770,124
1808,3522,19205,5216,19205,770,124
1808,3522,19206,5216,19206,770,124
1809,3522,19207,5216,19207,770,124
1807,3522,19208,5216,19208,770,124
1807,3522,19209,5216,19209,770,124
1807,3522,19210,5216,19210,770,124
1807,3522,19211,5216,19211,770,124
1807,3522,19212,5216,19212,770,124
1807,3522,19213,5216,19213,770,124
1806,3522,19214,5216,19214,770,124
1806,3522,19215,5216,19215,770,124
1807,3522,19216,5216,19216,770,124
1807,3522,19217,5216,19217,770,124
1807,3522,19218,5216,19218,770,124
1807,3522,19219,5216,19219,770,124
1806,3522,19220,5216,19220,770,124
1806,3522,19221,5216,19221,770,124
1806,3522,19222,5216,19222,770,124
1804,3522,19223,5216,19223,770,123
1803,3522,19224,5216,19224,770,123
1803,3522,19225,5216,19225,770,123
1804,3522,19226,5216,19226,770,123
1804,3522,19227,5216,19227,770,123
1804,3522,19228,5216,19228,770,123
1804,3522,19229,5216,19229,770,123
1804,3522,19230,5216,19230,770,123
1803,3522,19231,5216,19231,770,123
1803,3522,19232,5216,19232,770,123
1803,3522,19233,5216,19233,770,123
1803,3522,19234,5216,19234,770,123
1802,3522,19235,5216,19235,770,123
1802,3522,19236,5216,19236,770,123
1802,3522,19237,5216,19237,770,123
1803,3522,19238,5216,19238,770,123
1803,3522,19239,5216,19239,770,123
1803,3522,19240,5216,19240,770,123
1803,3522,19241,5216,19241,770,123
1803,3522,19242,5216,19242,770,123
1802,3522,19243,5216,19243,770,123
1802,3522,19244,5216,19244,770,123
1802,3522,19245,5216,19245,770,123
1801,3522,19246,5216,19246,770,123
1801,3522,19247,5216,19247,770,123
1802,3522,19248,5216,19248,770,123
1802,3522,19249,5216,19249,770,123
1802,3522,19250,5216,19250,770,123
1802,3522,19251,5216,19251,770,123
1802,3522,19252,5216,19252,770,123
1802,3522,19253,5216,19253,770,123
1802,3522,19254,5216,19254,770,123
1802,3522,19255,5216,19255,770,123
1802,3522,19256,5216,19256,770,123
1802,3522,19257,5216,19257,770,123
1802,3522,19258,5216,19258,770,123
1802,3522,19259,5216,19259,770,123
1802,3522,19260,5216,19260,770,123
1802,3522,19261,5216,19261,770,123
1802,3522,19262,5216,19262,770,123
1802,3522,19263,5216,19263,770,123
1802,3522,19264,5216,19264,770,123
1802,3522,19265,5216,19265,770,123
1802,3522,19266,5216,19266,770,123
1803,3522,19267,5216,19267,770,123
1803,3522,19268,5216,19268,770,123
1803,3522,19269,5216,19269,770,123
1803,3522,19270,5216,19270,770,123
1803,3522,19271,5216,19271,770,123
1803,3522,19272,5216,19272,770,123
1802,3522,19273,5216,19273,770,122
1801,3522,19274,5216,19274,770,122
1801,3522,19275,5216,19275,770,122
1801,3522,19276,5216,19276,770,122
1801,3522,19277,5216,19277,770,122
1802,3522,19278,5216,19278,770,122
1801,3522,19279,5216,19279,770,122
1801,3522,19280,5216,19280,770,122
1801,3522,19281,5216,19281,770,122
1801,3522,19282,5216,19282,770,122
1801,3522,19283,5216,19283,770,122
1801,3522,19284,5216,19284,770,122
1801,3522,19285,5216,19285,770,122
1801,3522,19286,5216,19286,770,122
1801,3522,19287,5216,19287,770,122
1801,3522,19288,5216,19288,770,122
1801,3522,19289,5216,19289,770,122
1801,3522,19290,5216,19290,770,122
1801,3522,19291,5216,19291,770,122
1801,3522,19292,5216,19292,770,122
1801,3522,19293,5216,19293,770,122
1801,3522,19294,5216,19294,770,122
1801,3522,19295,5216,19295,770,122
1801,3522,19296,5216,19296,770,122
1801,3522,19297,5216,19297,770,122
1800,3522,19298,5216,19298,770,122
1800,3522,19299,5216,19299,770,122
1800,3522,19300,5216,19300,770,122
1801,3522,19301,5216,19301,770,122
1801,3522,19302,5216,19302,770,122
1801,3522,19303,5216,19303,770,122
1801,3522,19304,5216,19304,770,122
1801,3522,19305,5216,19305,770,122
1801,3522,19306,5216,19306,770,122
1801,3522,19307,5216,19307,770,122
1801,3522,19308,5216,19308,770,122
1801,3522,19309,5216,19309,770,122
1802,3522,19310,5216,19310,770,122
1802,3522,19311,5216,19311,770,122
1802,3522,19312,5216,19312,770,122
1802,3522,19313,5216,19313,770,122
1802,3522,19314,5216,19314,770,122
1802,3522,19315,5216,19315,770,122
1802,3522,19316,5216,19316,770,122
1802,3522,19317,5216,19317,770,122
1802,3522,19318,5216,19318,770,122
1802,3522,19319,5216,19319,770,122
1802,3522,19320,5216,19320,770,122
1802,3522,19321,5216,19321,770,122
1802,3522,19322,5216,19322,770,122
1803,3522,19323,5216,19323,770,122
1803,3522,19324,5216,19324,770,122
1804,3522,19325,5216,19325,770,122
1804,3522,19326,5216,19326,770,122
1805,3522,19327,5216,19327,770,122
1804,3522,19328,5216,19328,770,122
1805,3522,19329,5216,19329,770,122
1806,3522,19330,5216,19330,770,122
1806,3522,19331,5216,19331,770,122
1806,3522,19332,5216,19332,770,122
1806,3522,19333,5216,19333,770,122
1805,3522,19334,5216,19334,770,122
1805,3522,19335,5216,19335,770,122
1805,3522,19336,5216,19336,770,122
1805,3522,19337,5216,19337,770,122
1805,3522,19338,5216,19338,770,122
1806,3522,19339,5216,19339,770,122
1806,3522,19340,5216,19340,770,122
1806,3522,19341,5216,19341,770,122
1805,3522,19342,5216,19342,770,122
1805,3522,19343,5216,19343,770,122
1805,3522,19344,5216,19344,770,122
1805,3522,19345,5216,19345,770,122
1805,3522,19346,5216,19346,770,122
1805,3522,19347,5216,19347,770,122
1806,3522,19348,5216,19348,770,122
1806,3522,19349,5216,19349,770,122
1806,3522,19350,5216,19350,770,122
1805,3522,19351,5216,19351,770,121
1805,3522,19352,5216,19352,770,121
1805,3522,19353,5216,19353,770,121
1805,3522,19354,5216,19354,770,121
1805,3522,19355,5216,19355,770,121
1805,3522,19356,5216,19356,770,121
1805,3522,19357,5216,19357,770,121
1805,3522,19358,5216,19358,770,121
1805,3522,19359,5216,19359,770,121
1806,3522,19360,5216,19360,770,121
1806,3522,19361,5216,19361,770,121
1806,3522,19362,5216,19362,770,121
1806,3522,19363,5216,19363,770,121
1806,3522,19364,5216,19364,770,121
1806,3522,19365,5216,19365,770,121
1806,3522,19366,5216,19366,770,121
1806,3522,19367,5216,19367,770,121
1804,3522,19368,5216,19368,770,121
1804,3522,19369,5216,19369,770,121
1804,3522,19370,5216,19370,770,121
1804,3522,19371,5216,19371,770,121
1803,3522,19372,5216,19372,770,121
1803,3522,19373,5216,19373,770,121
1803,3522,19374,5216,19374,770,121
1803,3522,19375,5216,19375,770,121
1803,3522,19376,5216,19376,770,121
1803,3522,19377,5216,19377,770,121
1803,3522,19378,5216,19378,770,121
1803,3522,19379,5216,19379,770,121
1803,3522,19380,5216,19380,770,121
1803,3522,19381,5216,19381,770,121
1803,3522,19382,5216,19382,770,121
1803,3522,19383,5216,19383,770,121
1803,3522,19384,5216,19384,770,121
1803,3522,19385,5216,19385,770,121
1803,3522,19386,5216,19386,770,121
1803,3522,19387,5216,19387,770,121
1803,3522,19388,5216,19388,770,121
1803,3522,19389,5216,19389,770,121
1803,3522,19390,5216,19390,770,121
1803,3522,19391,5216,19391,770,121
1804,3522,19392,5216,19392,770,121
1803,3522,19393,5216,19393,770,121
1803,3522,19394,5216,19394,770,121
1803,3522,19395,5216,19395,770,121
1804,3522,19396,5216,19396,770,121
1804,3522,19397,5216,19397,770,121
1804,3522,19398,5216,19398,770,121
1804,3522,19399,5216,19399,770,121
1804,3522,19400,5216,19400,770,121
1804,3522,19401,5216,19401,770,121
1804,3522,19402,5216,19402,770,121
1804,3522,19403,5216,19403,770,121
1804,3522,19404,5216,19404,770,121
1804,3522,19405,5216,19405,770,121
1804,3522,19406,5216,19406,770,121
1804,3522,19407,5216,19407,770,121
1804,3522,19408,5216,19408,770,121
1804,3522,19409,5216,19409,770,121
1804,3522,19410,5216,19410,770,121
1803,3522,19411,5216,19411,770,121
1803,3522,19412,5216,19412,770,121
1803,3522,19413,5216,19413,770,121
1803,3522,19414,5216,19414,770,121
1803,3522,19415,5216,19415,770,121
1803,3522,19416,5216,19416,770,121
1803,3522,19417,5216,19417,770,121
1802,3522,19418,5216,19418,770,121
1801,3522,19419,5216,19419,770,121
1801,3522,19420,5216,19420,770,121
1801,3522,19421,5216,19421,770,121
1801,3522,19422,5216,19422,770,121
1801,3522,19423,5216,19423,770,121
1801,3522,19424,5216,19424,770,121
1802,3522,19425,5216,19425,770,121
1802,3522,19426,5216,19426,770,121
1802,3522,19427,5216,19427,770,121
1803,3522,19428,5216,19428,770,121
1803,3522,19429,5216,19429,770,121
1803,3522,19430,5216,19430,770,121
1803,3522,19431,5216,19431,770,121
1803,3522,19432,5216,19432,770,121
1803,3522,19433,5216,19433,770,121
1802,3522,19434,5216,19434,770,121
1802,3522,19435,5216,19435,770,121
1803,3522,19436,5216,19436,770,121
1803,3522,19437,5216,19437,770,121
1803,3522,19438,5216,19438,770,121
1803,3522,19439,5216,19439,770,121
1803,3522,19440,5216,19440,770,121
1803,3522,19441,5216,19441,770,121
1802,3522,19442,5216,19442,770,121
1802,3522,19443,5216,19443,770,121
1801,3522,19444,5216,19444,770,121
1800,3522,19445,5216,19445,770,121
1800,3522,19446,5216,19446,770,121
1801,3522,19447,5216,19447,770,121
1801,3522,19448,5216,19448,770,121
1801,3522,19449,5216,19449,770,121
1802,3522,19450,5216,19450,770,121
1802,3522,19451,5216,19451,770,121
1802,3522,19452,5216,19452,770,121
1802,3522,19453,5216,19453,770,121
1802,3522,19454,5216,19454,770,121
1803,3522,19455,5216,19455,770,121
1803,3522,19456,5216,19456,770,121
1803,3522,19457,5216,19457,770,121
1803,3522,19458,5216,19458,770,121
1801,3522,19459,5216,19459,770,121
1801,3522,19460,5216,19460,770,121
1801,3522,19461,5216,19461,770,121
1800,3522,19462,5216,19462,770,121
1799,3522,19463,5216,19463,770,121
1799,3522,19464,5216,19464,770,121
1799,3522,19465,5216,19465,770,121
1799,3522,19466,5216,19466,770,121
1799,3522,19467,5216,19467,770,121
1799,3522,19468,5216,19468,770,121
1798,3522,19469,5216,19469,770,121
1798,3522,19470,5216,19470,770,121
1797,3522,19471,5216,19471,770,121
1796,3522,19472,5216,19472,770,121
1796,3522,19473,5216,19473,770,121
1796,3522,19474,5216,19474,770,121
1796,3522,19475,5216,19475,770,121
1796,3522,19476,5216,19476,770,121
1796,3522,19477,5216,19477,770,121
1796,3522,19478,5216,19478,770,121
1796,3522,19479,5216,19479,770,121
1796,3522,19480,5216,19480,770,121
1796,3522,19481,5216,19481,770,121
1796,3522,19482,5216,19482,770,121
1796,3522,19483,5216,19483,770,121
1796,3522,19484,5216,19484,770,121
1796,3522,19485,5216,19485,770,121
1796,3522,19486,5216,19486,770,121
1796,3522,19487,5216,19487,770,121
1796,3522,19488,5216,19488,770,121
1796,3522,19489,5216,19489,770,121
1797,3522,19490,5216,19490,770,121
1797,3522,19491,5216,19491,770,121
1797,3522,19492,5216,19492,770,121
1798,3522,19493,5216,19493,770,121
1799,3522,19494,5216,19494,770,121
1799,3522,19495,5216,19495,770,121
1799,3522,19496,5216,19496,770,121
1799,3522,19497,5216,19497,770,121
1799,3522,19498,5216,19498,770,121
1799,3522,19499,5216,19499,770,121
1799,3522,19500,5216,19500,770,121
1799,3522,19501,5216,19501,770,121
1798,3522,19502,5216,19502,770,120
1798,3522,19503,5216,19503,770,120
1799,3522,19504,5216,19504,770,120
1799,3522,19505,5216,19505,770,120
1799,3522,19506,5216,19506,770,120
1799,3522,19507,5216,19507,770,120
1799,3522,19508,5216,19508,770,120
1799,3522,19509,5216,19509,770,120
1800,3522,19510,5216,19510,770,120
1800,3522,19511,5216,19511,770,120
1801,3522,19512,5216,19512,770,120
1801,3522,19513,5216,19513,770,120
1801,3522,19514,5216,19514,770,120
1801,3522,19515,5216,19515,770,120
1801,3522,19516,5216,19516,770,120
1801,3522,19517,5216,19517,770,120
1801,3522,19518,5216,19518,770,120
1801,3522,19519,5216,19519,770,120
1801,3522,19520,5216,19520,770,120
1801,3522,19521,5216,19521,770,120
1801,3522,19522,5216,19522,770,120
1801,3522,19523,5216,19523,770,120
1801,3522,19524,5216,19524,770,120
1801,3522,19525,5216,19525,770,120
1799,3522,19526,5216,19526,770,120
1799,3522,19527,5216,19527,770,120
1799,3522,19528,5216,19528,770,120
1798,3522,19529,5216,19529,770,120
1797,3522,19530,5216,19530,770,120
1797,3522,19531,5216,19531,770,120
1797,3522,19532,5216,19532,770,120
1797,3522,19533,5216,19533,770,120
1797,3522,19534,5216,19534,770,120
1798,3522,19535,5216,19535,770,120
1798,3522,19536,5216,19536,770,120
1798,3522,19537,5216,19537,770,120
1797,3522,19538,5216,19538,770,120
1797,3522,19539,5216,19539,770,120
1797,3522,19540,5216,19540,770,120
1797,3522,19541,5216,19541,770,120
1797,3522,19542,5216,19542,770,120
1797,3522,19543,5216,19543,770,120
1797,3522,19544,5216,19544,770,120
1797,3522,19545,5216,19545,770,120
1797,3522,19546,5216,19546,770,120
1797,3522,19547,5216,19547,770,120
1797,3522,19548,5216,19548,770,120
1797,3522,19549,5216,19549,770,120
1797,3522,19550,5216,19550,770,120
1797,3522,19551,5216,19551,770,120
1795,3522,19552,5216,19552,770,120
1795,3522,19553,5216,19553,770,120
1795,3522,19554,5216,19554,770,120
1795,3522,19555,5216,19555,770,120
1795,3522,19556,5216,19556,770,120
1795,3522,19557,5216,19557,770,120
1795,3522,19558,5216,19558,770,120
1795,3522,19559,5216,19559,770,120
1792,3522,19560,5216,19560,770,120
1792,3522,19561,5216,19561,770,120
1791,3522,19562,5216,19562,770,120
1791,3522,19563,5216,19563,770,120
1791,3522,19564,5216,19564,770,120
1792,3522,19565,5216,19565,770,120
1792,3522,19566,5216,19566,770,120
1792,3522,19567,5216,19567,770,120
1792,3522,19568,5216,19568,770,120
1792,3522,19569,5216,19569,770,120
1792,3522,19570,5216,19570,770,120
1792,3522,19571,5216,19571,770,120
1792,3522,19572,5216,19572,770,120
1792,3522,19573,5216,19573,770,120
1793,3522,19574,5216,19574,770,120
1793,3522,19575,5216,19575,770,120
1793,3522,19576,5216,19576,770,120
1793,3522,19577,5216,19577,770,120
1793,3522,19578,5216,19578,770,120
1793,3522,19579,5216,19579,770,120
1793,3522,19580,5216,19580,770,120
1793,3522,19581,5216,19581,770,120
1793,3522,19582,5216,19582,770,120
1793,3522,19583,5216,19583,770,120
1793,3522,19584,5216,19584,770,120
1793,3522,19585,5216,19585,770,120
1793,3522,19586,5216,19586,770,120
1793,3522,19587,5216,19587,770,120
1793,3522,19588,5216,19588,770,120
1793,3522,19589,5216,19589,770,120
1793,3522,19590,5216,19590,770,120
1793,3522,19591,5216,19591,770,120
1792,3522,19592,5216,19592,770,120
1792,3522,19593,5216,19593,770,120
1792,3522,19594,5216,19594,770,120
1792,3522,19595,5216,19595,770,120
1792,3522,19596,5216,19596,770,120
1791,3522,19597,5216,19597,770,120
1791,3522,19598,5216,19598,770,120
1791,3522,19599,5216,19599,770,120
1792,3522,19600,5216,19600,770,120
1792,3522,19601,5216,19601,770,120
1791,3522,19602,5216,19602,770,119
1791,3522,19603,5216,19603,770,119
1791,3522,19604,5216,19604,770,119
1791,3522,19605,5216,19605,770,119
1791,3522,19606,5216,19606,770,119
1791,3522,19607,5216,19607,770,119
1791,3522,19608,5216,19608,770,119
1790,3522,19609,5216,19609,770,119
1790,3522,19610,5216,19610,770,119
1790,3522,19611,5216,19611,770,119
1790,3522,19612,5216,19612,770,119
1790,3522,19613,5216,19613,770,119
1790,3522,19614,5216,19614,770,119
1790,3522,19615,5216,19615,770,119
1790,3522,19616,5216,19616,770,119
1790,3522,19617,5216,19617,770,119
1790,3522,19618,5216,19618,770,119
1790,3522,19619,5216,19619,770,119
1791,3522,19620,5216,19620,770,119
1791,3522,19621,5216,19621,770,119
1791,3522,19622,5216,19622,770,119
1791,3522,19623,5216,19623,770,119
1790,3522,19624,5216,19624,770,119
1790,3522,19625,5216,19625,770,119
1790,3522,19626,5216,19626,770,119
1790,3522,19627,5216,19627,770,119
1790,3522,19628,5216,19628,770,119
1790,3522,19629,5216,19629,770,119
1790,3522,19630,5216,19630,770,119
1790,3522,19631,5216,19631,770,119
1790,3522,19632,5216,19632,770,119
1790,3522,19633,5216,19633,770,119
1790,3522,19634,5216,19634,770,119
1790,3522,19635,5216,19635,770,119
1790,3522,19636,5216,19636,770,119
1790,3522,19637,5216,19637,770,119
1790,3522,19638,5216,19638,770,119
1789,3522,19639,5216,19639,770,119
1789,3522,19640,5216,19640,770,119
1789,3522,19641,5216,19641,770,119
1789,3522,19642,5216,19642,770,119
1789,3522,19643,5216,19643,770,119
1789,3522,19644,5216,19644,770,119
1790,3522,19645,5216,19645,770,119
1790,3522,19646,5216,19646,770,119
1791,3522,19647,5216,19647,770,119
1791,3522,19648,5216,19648,770,119
1791,3522,19649,5216,19649,770,119
1791,3522,19650,5216,19650,770,119
1791,3522,19651,5216,19651,770,119
1791,3522,19652,5216,19652,770,119
1791,3522,19653,5216,19653,770,119
1791,3522,19654,5216,19654,770,119
1791,3522,19655,5216,19655,770,119
1791,3522,19656,5216,19656,770,119
1791,3522,19657,5216,19657,770,119
1791,3522,19658,5216,19658,770,119
1791,3522,19659,5216,19659,770,119
1791,3522,19660,5216,19660,770,119
1792,3522,19661,5216,19661,770,119
1792,3522,19662,5216,19662,770,119
1792,3522,19663,5216,19663,770,119
1792,3522,19664,5216,19664,770,119
1793,3522,19665,5216,19665,770,119
1793,3522,19666,5216,19666,770,119
1793,3522,19667,5216,19667,770,119
1793,3522,19668,5216,19668,770,119
1793,3522,19669,5216,19669,770,119
1793,3522,19670,5216,19670,770,119
1794,3522,19671,5216,19671,770,119
1794,3522,19672,5216,19672,770,119
1794,3522,19673,5216,19673,770,119
1794,3522,19674,5216,19674,770,119
1795,3522,19675,5216,19675,770,119
1795,3522,19676,5216,19676,770,119
1796,3522,19677,5216,19677,770,119
1796,3522,19678,5216,19678,770,119
1796,3522,19679,5216,19679,770,119
1795,3522,19680,5216,19680,770,119
1795,3522,19681,5216,19681,770,119
1795,3522,19682,5216,19682,770,119
1795,3522,19683,5216,19683,770,119
1795,3522,19684,5216,19684,770,119
1795,3522,19685,5216,19685,770,119
1796,3522,19686,5216,19686,770,119
1796,3522,19687,5216,19687,770,119
1796,3522,19688,5216,19688,770,119
1796,3522,19689,5216,19689,770,119
1797,3522,19690,5216,19690,770,119
1797,3522,19691,5216,19691,770,119
1797,3522,19692,5216,19692,770,119
1797,3522,19693,5216,19693,770,119
1797,3522,19694,5216,19694,770,119
1798,3522,19695,5216,19695,770,119
1798,3522,19696,5216,19696,770,119
1798,3522,19697,5216,19697,770,119
1798,3522,19698,5216,19698,770,119
1798,3522,19699,5216,19699,770,119
1798,3522,19700,5216,19700,770,119
1798,3522,19701,5216,19701,770,119
1798,3522,19702,5216,19702,770,119
1798,3522,19703,5216,19703,770,119
1798,3522,19704,5216,19704,770,119
1798,3522,19705,5216,19705,770,119
1798,3522,19706,5216,19706,770,119
1798,3522,19707,5216,19707,770,119
1799,3522,19708,5216,19708,770,119
1799,3522,19709,5216,19709,770,119
1799,3522,19710,5216,19710,770,119
1799,3522,19711,5216,19711,770,119
1799,3522,19712,5216,19712,770,119
1798,3522,19713,5216,19713,770,119
1798,3522,19714,5216,19714,770,119
1799,3522,19715,5216,19715,770,119
1799,3522,19716,5216,19716,770,119
1799,3522,19717,5216,19717,770,119
1799,3522,19718,5216,19718,770,119
1800,3522,19719,5216,19719,770,119
1801,3522,19720,5216,19720,770,119
1801,3522,19721,5216,19721,770,119
1801,3522,19722,5216,19722,770,119
1801,3522,19723,5216,19723,770,119
1800,3522,19724,5216,19724,770,119
1800,3522,19725,5216,19725,770,119
1800,3522,19726,5216,19726,770,119
1800,3522,19727,5216,19727,770,119
1800,3522,19728,5216,19728,770,119
1800,3522,19729,5216,19729,770,119
1800,3522,19730,5216,19730,770,119
1800,3522,19731,5216,19731,770,119
1800,3522,19732,5216,19732,770,119
1800,3522,19733,5216,19733,770,119
1800,3522,19734,5216,19734,770,119
1798,3522,19735,5216,19735,770,119
1798,3522,19736,5216,19736,770,119
1798,3522,19737,5216,19737,770,119
1798,3522,19738,5216,19738,770,119
1797,3522,19739,5216,19739,770,119
1796,3522,19740,5216,19740,770,119
1796,3522,19741,5216,19741,770,119
1796,3522,19742,5216,19742,770,119
1796,3522,19743,5216,19743,770,119
1796,3522,19744,5216,19744,770,119
1796,3522,19745,5216,19745,770,119
1796,3522,19746,5216,19746,770,119
1796,3522,19747,5216,19747,770,119
1796,3522,19748,5216,19748,770,119
1796,3522,19749,5216,19749,770,119
1796,3522,19750,5216,19750,770,119
1796,3522,19751,5216,19751,770,119
1796,3522,19752,5216,19752,770,119
1796,3522,19753,5216,19753,770,119
1796,3522,19754,5216,19754,770,119
1796,3522,19755,5216,19755,770,119
1796,3522,19756,5216,19756,770,119
1797,3522,19757,5216,19757,770,119
1797,3522,19758,5216,19758,770,119
1797,3522,19759,5216,19759,770,119
1798,3522,19760,5216,19760,770,119
1798,3522,19761,5216,19761,770,119
1798,3522,19762,5216,19762,770,119
1798,3522,19763,5216,19763,770,119
1798,3522,19764,5216,19764,770,119
1799,3522,19765,5216,19765,770,119
1799,3522,19766,5216,19766,770,119
1799,3522,19767,5216,19767,770,119
1799,3522,19768,5216,19768,770,119
1799,3522,19769,5216,19769,770,119
1797,3522,19770,5216,19770,770,119
1797,3522,19771,5216,19771,770,119
1797,3522,19772,5216,19772,770,119
1797,3522,19773,5216,19773,770,119
1796,3522,19774,5216,19774,770,119
1795,3522,19775,5216,19775,770,119
1795,3522,19776,5216,19776,770,119
1795,3522,19777,5216,19777,770,119
1795,3522,19778,5216,19778,770,119
1795,3522,19779,5216,19779,770,119
1795,3522,19780,5216,19780,770,119
1795,3522,19781,5216,19781,770,119
1795,3522,19782,5216,19782,770,119
1795,3522,19783,5216,19783,770,119
1795,3522,19784,5216,19784,770,119
1795,3522,19785,5216,19785,770,119
1795,3522,19786,5216,19786,770,119
1795,3522,19787,5216,19787,770,119
1795,3522,19788,5216,19788,770,119
1795,3522,19789,5216,19789,770,119
1795,3522,19790,5216,19790,770,119
1795,3522,19791,5216,19791,770,119
1795,3522,19792,5216,19792,770,119
1795,3522,19793,5216,19793,770,119
1796,3522,19794,5216,19794,770,119
1796,3522,19795,5216,19795,770,119
1796,3522,19796,5216,19796,770,119
1795,3522,19797,5216,19797,770,119
1795,3522,19798,5216,19798,770,119
1795,3522,19799,5216,19799,770,119
1795,3522,19800,5216,19800,770,119
1795,3522,19801,5216,19801,770,119
1796,3522,19802,5216,19802,770,119
1796,3522,19803,5216,19803,770,119
1796,3522,19804,5216,19804,770,119
1796,3522,19805,5216,19805,770,119
1795,3522,19806,5216,19806,770,119
1795,3522,19807,5216,19807,770,119
1795,3522,19808,5216,19808,770,119
1795,3522,19809,5216,19809,770,119
1795,3522,19810,5216,19810,770,119
1795,3522,19811,5216,19811,770,119
1795,3522,19812,5216,19812,770,119
1795,3522,19813,5216,19813,770,119
1794,3522,19814,5216,19814,770,119
1793,3522,19815,5216,19815,770,119
1793,3522,19816,5216,19816,770,119
1794,3522,19817,5216,19817,770,119
1794,3522,19818,5216,19818,770,119
1794,3522,19819,5216,19819,770,119
1794,3522,19820,5216,19820,770,119
1795,3522,19821,5216,19821,770,119
1796,3522,19822,5216,19822,770,119
1796,3522,19823,5216,19823,770,119
1795,3522,19824,5216,19824,770,119
1794,3522,19825,5216,19825,770,119
1795,3522,19826,5216,19826,770,119
1795,3522,19827,5216,19827,770,119
1795,3522,19828,5216,19828,770,119
1795,3522,19829,5216,19829,770,119
1795,3522,19830,5216,19830,770,119
1795,3522,19831,5216,19831,770,119
1795,3522,19832,5216,19832,770,119
1795,3522,19833,5216,19833,770,119
1796,3522,19834,5216,19834,770,119
1796,3522,19835,5216,19835,770,119
1796,3522,19836,5216,19836,770,119
1796,3522,19837,5216,19837,770,119
1796,3522,19838,5216,19838,770,119
1796,3522,19839,5216,19839,770,119
1796,3522,19840,5216,19840,770,119
1796,3522,19841,5216,19841,770,119
1795,3522,19842,5216,19842,770,119
1795,3522,19843,5216,19843,770,119
1795,3522,19844,5216,19844,770,119
1795,3522,19845,5216,19845,770,119
1795,3522,19846,5216,19846,770,119
1795,3522,19847,5216,19847,770,119
1795,3522,19848,5216,19848,770,119
1795,3522,19849,5216,19849,770,119
1793,3522,19850,5216,19850,770,118
1793,3522,19851,5216,19851,770,118
1794,3522,19852,5216,19852,770,118
1794,3522,19853,5216,19853,770,118
1794,3522,19854,5216,19854,770,118
1795,3522,19855,5216,19855,770,118
1796,3522,19856,5216,19856,770,118
1795,3522,19857,5216,19857,770,118
1795,3522,19858,5216,19858,770,118
1795,3522,19859,5216,19859,770,118
1796,3522,19860,5216,19860,770,118
1796,3522,19861,5216,19861,770,118
1796,3522,19862,5216,19862,770,118
1796,3522,19863,5216,19863,770,118
1796,3522,19864,5216,19864,770,118
1796,3522,19865,5216,19865,770,118
1795,3522,19866,5216,19866,770,118
1795,3522,19867,5216,19867,770,118
1794,3522,19868,5216,19868,770,118
1794,3522,19869,5216,19869,770,118
1794,3522,19870,5216,19870,770,118
1794,3522,19871,5216,19871,770,118
1794,3522,19872,5216,19872,770,118
1794,3522,19873,5216,19873,770,118
1794,3522,19874,5216,19874,770,118
1794,3522,19875,5216,19875,770,118
1794,3522,19876,5216,19876,770,118
1794,3522,19877,5216,19877,770,118
1794,3522,19878,5216,19878,770,118
1793,3522,19879,5216,19879,770,118
1793,3522,19880,5216,19880,770,118
1792,3522,19881,5216,19881,770,118
1792,3522,19882,5216,19882,770,118
1792,3522,19883,5216,19883,770,118
1792,3522,19884,5216,19884,770,118
1792,3522,19885,5216,19885,770,118
1792,3522,19886,5216,19886,770,118
1792,3522,19887,5216,19887,770,118
1791,3522,19888,5216,19888,770,118
1791,3522,19889,5216,19889,770,118
1791,3522,19890,5216,19890,770,118
1791,3522,19891,5216,19891,770,118
1791,3522,19892,5216,19892,770,118
1791,3522,19893,5216,19893,770,118
1791,3522,19894,5216,19894,770,118
1791,3522,19895,5216,19895,770,118
1791,3522,19896,5216,19896,770,118
1791,3522,19897,5216,19897,770,118
1791,3522,19898,5216,19898,770,118
1791,3522,19899,5216,19899,770,118
1791,3522,19900,5216,19900,770,118
1791,3522,19901,5216,19901,770,118
1791,3522,19902,5216,19902,770,118
1791,3522,19903,5216,19903,770,118
1791,3522,19904,5216,19904,770,118
1791,3522,19905,5216,19905,770,118
1789,3522,19906,5216,19906,770,118
1789,3522,19907,5216,19907,770,118
1789,3522,19908,5216,19908,770,118
1789,3522,19909,5216,19909,770,118
1789,3522,19910,5216,19910,770,118
1788,3522,19911,5216,19911,770,117
1789,3522,19912,5216,19912,770,117
1789,3522,19913,5216,19913,770,117
1789,3522,19914,5216,19914,770,117
1789,3522,19915,5216,19915,770,117
1788,3522,19916,5216,19916,770,116
1788,3522,19917,5216,19917,770,116
1788,3522,19918,5216,19918,770,116
1788,3522,19919,5216,19919,770,116
1788,3522,19920,5216,19920,770,116
1788,3522,19921,5216,19921,770,116
1788,3522,19922,5216,19922,770,116
1788,3522,19923,5216,19923,770,116
1788,3522,19924,5216,19924,770,116
1788,3522,19925,5216,19925,770,116
1788,3522,19926,5216,19926,770,116
1788,3522,19927,5216,19927,770,116
1788,3522,19928,5216,19928,770,116
1788,3522,19929,5216,19929,770,116
1788,3522,19930,5216,19930,770,116
1786,3522,19931,5216,19931,770,116
1785,3522,19932,5216,19932,770,116
1785,3522,19933,5216,19933,770,116
1785,3522,19934,5216,19934,770,116
1785,3522,19935,5216,19935,770,116
1785,3522,19936,5216,19936,770,116
1786,3522,19937,5216,19937,770,116
1786,3522,19938,5216,19938,770,116
1786,3522,19939,5216,19939,770,116
1786,3522,19940,5216,19940,770,116
1784,3522,19941,5216,19941,770,116
1784,3522,19942,5216,19942,770,116
1784,3522,19943,5216,19943,770,116
1784,3522,19944,5216,19944,770,116
1784,3522,19945,5216,19945,770,116
1784,3522,19946,5216,19946,770,116
1785,3522,19947,5216,19947,770,116
1785,3522,19948,5216,19948,770,116
1785,3522,19949,5216,19949,770,116
1786,3522,19950,5216,19950,770,116
1786,3522,19951,5216,19951,770,116
1786,3522,19952,5216,19952,770,116
1786,3522,19953,5216,19953,770,116
1786,3522,19954,5216,19954,770,116
1787,3522,19955,5216,19955,770,116
1786,3522,19956,5216,19956,770,116
1786,3522,19957,5216,19957,770,116
1786,3522,19958,5216,19958,770,116
1786,3522,19959,5216,19959,770,116
1786,3522,19960,5216,19960,770,116
1786,3522,19961,5216,19961,770,116
1786,3522,19962,5216,19962,770,116
1786,3522,19963,5216,19963,770,116
1786,3522,19964,5216,19964,770,116
1786,3522,19965,5216,19965,770,116
1787,3522,19966,5216,19966,770,116
1787,3522,19967,5216,19967,770,116
1785,3522,19968,5216,19968,770,116
1785,3522,19969,5216,19969,770,116
1785,3522,19970,5216,19970,770,116
1785,3522,19971,5216,19971,770,116
1784,3522,19972,5216,19972,770,116
1784,3522,19973,5216,19973,770,116
1784,3522,19974,5216,19974,770,116
1784,3522,19975,5216,19975,770,116
1784,3522,19976,5216,19976,770,116
1784,3522,19977,5216,19977,770,116
1784,3522,19978,5216,19978,770,116
1784,3522,19979,5216,19979,770,116
1784,3522,19980,5216,19980,770,116
1784,3522,19981,5216,19981,770,116
1784,3522,19982,5216,19982,770,116
1784,3522,19983,5216,19983,770,116
1784,3522,19984,5216,19984,770,116
1784,3522,19985,5216,19985,770,116
1785,3522,19986,5216,19986,770,116
1785,3522,19987,5216,19987,770,116
1785,3522,19988,5216,19988,770,116
1785,3522,19989,5216,19989,770,116
1785,3522,19990,5216,19990,770,116
1785,3522,19991,5216,19991,770,116
1785,3522,19992,5216,19992,770,116
1785,3522,19993,5216,19993,770,116
1785,3522,19994,5216,19994,770,116
1785,3522,19995,5216,19995,770,116
1785,3522,19996,5216,19996,770,116
1784,3522,19997,5216,19997,770,116
1784,3522,19998,5216,19998,770,116
1784,3522,19999,5216,19999,770,116
1782,3522,20000,5216,20000,770,116
1783,3522,20001,5216,20001,770,116
1783,3522,20002,5216,20002,770,116
1783,3522,20003,5216,20003,770,116
1783,3522,20004,5216,20004,770,116
1783,3522,20005,5216,20005,770,116
1783,3522,20006,5216,20006,770,116
1783,3522,20007,5216,20007,770,116
1783,3522,20008,5216,20008,770,116
1783,3522,20009,5216,20009,770,116
1783,3522,20010,5216,20010,770,116
1783,3522,20011,5216,20011,770,116
1783,3522,20012,5216,20012,770,116
1783,3522,20013,5216,20013,770,116
1783,3522,20014,5216,20014,770,116
1783,3522,20015,5216,20015,770,116
1783,3522,20016,5216,20016,770,116
1783,3522,20017,5216,20017,770,116
1783,3522,20018,5216,20018,770,116
1781,3522,20019,5216,20019,770,116
1781,3522,20020,5216,20020,770,116
1782,3522,20021,5216,20021,770,116
1782,3522,20022,5216,20022,770,116
1782,3522,20023,5216,20023,770,116
1782,3522,20024,5216,20024,770,116
1783,3522,20025,5216,20025,770,116
1782,3522,20026,5216,20026,770,116
1782,3522,20027,5216,20027,770,116
1782,3522,20028,5216,20028,770,116
1782,3522,20029,5216,20029,770,116
1781,3522,20030,5216,20030,770,116
1780,3522,20031,5216,20031,770,116
1780,3522,20032,5216,20032,770,116
1780,3522,20033,5216,20033,770,116
1780,3522,20034,5216,20034,770,116
1780,3522,20035,5216,20035,770,116
1779,3522,20036,5216,20036,770,116
1778,3522,20037,5216,20037,770,116
1778,3522,20038,5216,20038,770,116
1778,3522,20039,5216,20039,770,116
1778,3522,20040,5216,20040,770,116
1778,3522,20041,5216,20041,770,116
1779,3522,20042,5216,20042,770,116
1779,3522,20043,5216,20043,770,116
1779,3522,20044,5216,20044,770,116
1779,3522,20045,5216,20045,770,116
1779,3522,20046,5216,20046,770,116
1779,3522,20047,5216,20047,770,116
1779,3522,20048,5216,20048,770,116
1780,3522,20049,5216,20049,770,116
1780,3522,20050,5216,20050,770,116
1780,3522,20051,5216,20051,770,116
1780,3522,20052,5216,20052,770,116
1780,3522,20053,5216,20053,770,116
1780,3522,20054,5216,20054,770,116
1781,3522,20055,5216,20055,770,116
1781,3522,20056,5216,20056,770,116
1782,3522,20057,5216,20057,770,116
1782,3522,20058,5216,20058,770,116
1782,3522,20059,5216,20059,770,116
1782,3522,20060,5216,20060,770,116
1782,3522,20061,5216,20061,770,116
1782,3522,20062,5216,20062,770,116
1782,3522,20063,5216,20063,770,116
1783,3522,20064,5216,20064,770,116
1783,3522,20065,5216,20065,770,116
1783,3522,20066,5216,20066,770,116
1784,3522,20067,5216,20067,770,116
1782,3522,20068,5216,20068,770,116
1782,3522,20069,5216,20069,770,116
1782,3522,20070,5216,20070,770,116
1782,3522,20071,5216,20071,770,116
1782,3522,20072,5216,20072,770,116
1782,3522,20073,5216,20073,770,116
1782,3522,20074,5216,20074,770,116
1782,3522,20075,5216,20075,770,116
1782,3522,20076,5216,20076,770,116
1782,3522,20077,5216,20077,770,116
1782,3522,20078,5216,20078,770,116
1783,3522,20079,5216,20079,770,116
1783,3522,20080,5216,20080,770,116
1783,3522,20081,5216,20081,770,116
1783,3522,20082,5216,20082,770,116
1783,3522,20083,5216,20083,770,116
1783,3522,20084,5216,20084,770,116
1783,3522,20085,5216,20085,770,116
1783,3522,20086,5216,20086,770,116
1783,3522,20087,5216,20087,770,116
1783,3522,20088,5216,20088,770,116
1783,3522,20089,5216,20089,770,116
1783,3522,20090,5216,20090,770,116
1783,3522,20091,5216,20091,770,116
1784,3522,20092,5216,20092,770,116
1784,3522,20093,5216,20093,770,116
1784,3522,20094,5216,20094,770,116
1784,3522,20095,5216,20095,770,116
1784,3522,20096,5216,20096,770,116
1784,3522,20097,5216,20097,770,116
1784,3522,20098,5216,20098,770,116
1784,3522,20099,5216,20099,770,116
1784,3522,20100,5216,20100,770,116
1784,3522,20101,5216,20101,770,116
1784,3522,20102,5216,20102,770,116
1784,3522,20103,5216,20103,770,116
1784,3522,20104,5216,20104,770,116
1783,3522,20105,5216,20105,770,116
1783,3522,20106,5216,20106,770,116
1783,3522,20107,5216,20107,770,116
1783,3522,20108,5216,20108,770,116
1783,3522,20109,5216,20109,770,116
1783,3522,20110,5216,20110,770,116
1783,3522,20111,5216,20111,770,116
1783,3522,20112,5216,20112,770,116
1783,3522,20113,5216,20113,770,116
1783,3522,20114,5216,20114,770,116
1783,3522,20115,5216,20115,770,116
1783,3522,20116,5216,20116,770,116
1783,3522,20117,5216,20117,770,116
1783,3522,20118,5216,20118,770,116
1783,3522,20119,5216,20119,770,116
1783,3522,20120,5216,20120,770,116
1782,3522,20121,5216,20121,770,116
1782,3522,20122,5216,20122,770,116
1782,3522,20123,5216,20123,770,116
1782,3522,20124,5216,20124,770,116
1782,3522,20125,5216,20125,770,116
1782,3522,20126,5216,20126,770,116
1782,3522,20127,5216,20127,770,116
1782,3522,20128,5216,20128,770,116
1782,3522,20129,5216,20129,770,116
1782,3522,20130,5216,20130,770,116
1782,3522,20131,5216,20131,770,116
1782,3522,20132,5216,20132,770,116
1782,3522,20133,5216,20133,770,116
1782,3522,20134,5216,20134,770,116
1782,3522,20135,5216,20135,770,116
1782,3522,20136,5216,20136,770,116
1781,3522,20137,5216,20137,770,116
1781,3522,20138,5216,20138,770,116
1781,3522,20139,5216,20139,770,116
1781,3522,20140,5216,20140,770,116
1781,3522,20141,5216,20141,770,116
1781,3522,20142,5216,20142,770,116
1781,3522,20143,5216,20143,770,116
1782,3522,20144,5216,20144,770,116
1782,3522,20145,5216,20145,770,116
1782,3522,20146,5216,20146,770,116
1782,3522,20147,5216,20147,770,116
1783,3522,20148,5216,20148,770,116
1782,3522,20149,5216,20149,770,116
1782,3522,20150,5216,20150,770,116
1782,3522,20151,5216,20151,770,116
1782,3522,20152,5216,20152,770,116
1782,3522,20153,5216,20153,770,116
1783,3522,20154,5216,20154,770,116
1783,3522,20155,5216,20155,770,116
1783,3522,20156,5216,20156,770,116
1782,3522,20157,5216,20157,770,116
1782,3522,20158,5216,20158,770,116
1782,3522,20159,5216,20159,770,116
1782,3522,20160,5216,20160,770,116
1782,3522,20161,5216,20161,770,116
1782,3522,20162,5216,20162,770,116
1782,3522,20163,5216,20163,770,116
1782,3522,20164,5216,20164,770,116
1783,3522,20165,5216,20165,770,116
1783,3522,20166,5216,20166,770,116
1783,3522,20167,5216,20167,770,116
1783,3522,20168,5216,20168,770,116
1783,3522,20169,5216,20169,770,116
1782,3522,20170,5216,20170,770,116
1782,3522,20171,5216,20171,770,116
1782,3522,20172,5216,20172,770,116
1783,3522,20173,5216,20173,770,116
1783,3522,20174,5216,20174,770,116
1783,3522,20175,5216,20175,770,116
1783,3522,20176,5216,20176,770,116
1783,3522,20177,5216,20177,770,116
1783,3522,20178,5216,20178,770,116
1783,3522,20179,5216,20179,770,116
1783,3522,20180,5216,20180,770,116
1783,3522,20181,5216,20181,770,116
1783,3522,20182,5216,20182,770,116
1784,3522,20183,5216,20183,770,116
1784,3522,20184,5216,20184,770,116
1784,3522,20185,5216,20185,770,116
1784,3522,20186,5216,20186,770,116
1785,3522,20187,5216,20187,770,116
1785,3522,20188,5216,20188,770,116
1785,3522,20189,5216,20189,770,116
1785,3522,20190,5216,20190,770,116
1784,3522,20191,5216,20191,770,116
1784,3522,20192,5216,20192,770,116
1784,3522,20193,5216,20193,770,116
1784,3522,20194,5216,20194,770,116
1784,3522,20195,5216,20195,770,116
1784,3522,20196,5216,20196,770,116
1784,3522,20197,5216,20197,770,116
1784,3522,20198,5216,20198,770,116
1784,3522,20199,5216,20199,770,116
1784,3522,20200,5216,20200,770,116
1784,3522,20201,5216,20201,770,116
1784,3522,20202,5216,20202,770,116
1784,3522,20203,5216,20203,770,116
1784,3522,20204,5216,20204,770,116
1784,3522,20205,5216,20205,770,116
1784,3522,20206,5216,20206,770,116
1784,3522,20207,5216,20207,770,116
1785,3522,20208,5216,20208,770,116
1784,3522,20209,5216,20209,770,116
1784,3522,20210,5216,20210,770,116
1782,3522,20211,5216,20211,770,116
1782,3522,20212,5216,20212,770,116
1781,3522,20213,5216,20213,770,116
1781,3522,20214,5216,20214,770,116
1781,3522,20215,5216,20215,770,116
1781,3522,20216,5216,20216,770,116
1782,3522,20217,5216,20217,770,116
1782,3522,20218,5216,20218,770,116
1781,3522,20219,5216,20219,770,116
1781,3522,20220,5216,20220,770,116
1782,3522,20221,5216,20221,770,116
1782,3522,20222,5216,20222,770,116
1782,3522,20223,5216,20223,770,116
1782,3522,20224,5216,20224,770,116
1782,3522,20225,5216,20225,770,116
1782,3522,20226,5216,20226,770,116
1782,3522,20227,5216,20227,770,116
1782,3522,20228,5216,20228,770,116
1782,3522,20229,5216,20229,770,116
1783,3522,20230,5216,20230,770,116
1783,3522,20231,5216,20231,770,116
1783,3522,20232,5216,20232,770,116
1783,3522,20233,5216,20233,770,116
1783,3522,20234,5216,20234,770,116
1782,3522,20235,5216,20235,770,116
1782,3522,20236,5216,20236,770,116
1782,3522,20237,5216,20237,770,116
1781,3522,20238,5216,20238,770,115
1781,3522,20239,5216,20239,770,115
1780,3522,20240,5216,20240,770,115
1780,3522,20241,5216,20241,770,115
1780,3522,20242,5216,20242,770,115
1780,3522,20243,5216,20243,770,115
1780,3522,20244,5216,20244,770,115
1780,3522,20245,5216,20245,770,115
1780,3522,20246,5216,20246,770,115
1780,3522,20247,5216,20247,770,115
1780,3522,20248,5216,20248,770,115
1780,3522,20249,5216,20249,770,115
1780,3522,20250,5216,20250,770,115
1780,3522,20251,5216,20251,770,115
1780,3522,20252,5216,20252,770,115
1780,3522,20253,5216,20253,770,115
1780,3522,20254,5216,20254,770,115
1780,3522,20255,5216,20255,770,115
1780,3522,20256,5216,20256,770,115
1780,3522,20257,5216,20257,770,115
1780,3522,20258,5216,20258,770,115
1781,3522,20259,5216,20259,770,115
1781,3522,20260,5216,20260,770,115
1781,3522,20261,5216,20261,770,115
1781,3522,20262,5216,20262,770,115
1781,3522,20263,5216,20263,770,115
1781,3522,20264,5216,20264,770,115
1781,3522,20265,5216,20265,770,115
1781,3522,20266,5216,20266,770,115
1781,3522,20267,5216,20267,770,115
1781,3522,20268,5216,20268,770,115
1781,3522,20269,5216,20269,770,115
1781,3522,20270,5216,20270,770,115
1781,3522,20271,5216,20271,770,115
1781,3522,20272,5216,20272,770,115
1781,3522,20273,5216,20273,770,115
1781,3522,20274,5216,20274,770,115
1781,3522,20275,5216,20275,770,115
1781,3522,20276,5216,20276,770,115
1782,3522,20277,5216,20277,770,115
1782,3522,20278,5216,20278,770,115
1782,3522,20279,5216,20279,770,115
1783,3522,20280,5216,20280,770,115
1783,3522,20281,5216,20281,770,115
1783,3522,20282,5216,20282,770,115
1783,3522,20283,5216,20283,770,115
1783,3522,20284,5216,20284,770,115
1783,3522,20285,5216,20285,770,115
1783,3522,20286,5216,20286,770,115
1783,3522,20287,5216,20287,770,115
1783,3522,20288,5216,20288,770,115
1783,3522,20289,5216,20289,770,115
1783,3522,20290,5216,20290,770,115
1783,3522,20291,5216,20291,770,115
1783,3522,20292,5216,20292,770,115
1783,3522,20293,5216,20293,770,115
1782,3522,20294,5216,20294,770,115
1783,3522,20295,5216,20295,770,115
1783,3522,20296,5216,20296,770,115
1783,3522,20297,5216,20297,770,115
1783,3522,20298,5216,20298,770,115
1783,3522,20299,5216,20299,770,115
1783,3522,20300,5216,20300,770,115
1783,3522,20301,5216,20301,770,115
1783,3522,20302,5216,20302,770,115
1783,3522,20303,5216,20303,770,115
1783,3522,20304,5216,20304,770,115
1783,3522,20305,5216,20305,770,115
1783,3522,20306,5216,20306,770,115
1783,3522,20307,5216,20307,770,115
1783,3522,20308,5216,20308,770,115
1784,3522,20309,5216,20309,770,115
1782,3522,20310,5216,20310,770,115
1782,3522,20311,5216,20311,770,115
1781,3522,20312,5216,20312,770,115
1781,3522,20313,5216,20313,770,115
1781,3522,20314,5216,20314,770,115
1780,3522,20315,5216,20315,770,115
1780,3522,20316,5216,20316,770,115
1780,3522,20317,5216,20317,770,115
1780,3522,20318,5216,20318,770,115
1780,3522,20319,5216,20319,770,115
1780,3522,20320,5216,20320,770,115
1780,3522,20321,5216,20321,770,115
1780,3522,20322,5216,20322,770,115
1780,3522,20323,5216,20323,770,115
1780,3522,20324,5216,20324,770,115
1780,3522,20325,5216,20325,770,115
1780,3522,20326,5216,20326,770,115
1780,3522,20327,5216,20327,770,115
1780,3522,20328,5216,20328,770,115
1780,3522,20329,5216,20329,770,115
1780,3522,20330,5216,20330,770,115
1780,3522,20331,5216,20331,770,115
1780,3522,20332,5216,20332,770,115
1779,3522,20333,5216,20333,770,115
1779,3522,20334,5216,20334,770,115
1780,3522,20335,5216,20335,770,115
1780,3522,20336,5216,20336,770,115
1780,3522,20337,5216,20337,770,115
1780,3522,20338,5216,20338,770,115
1780,3522,20339,5216,20339,770,115
1780,3522,20340,5216,20340,770,115
1780,3522,20341,5216,20341,770,115
1780,3522,20342,5216,20342,770,115
1780,3522,20343,5216,20343,770,115
1780,3522,20344,5216,20344,770,115
1780,3522,20345,5216,20345,770,115
1779,3522,20346,5216,20346,770,115
1779,3522,20347,5216,20347,770,115
1779,3522,20348,5216,20348,770,115
1779,3522,20349,5216,20349,770,115
1779,3522,20350,5216,20350,770,115
1779,3522,20351,5216,20351,770,115
1779,3522,20352,5216,20352,770,115
1779,3522,20353,5216,20353,770,115
1779,3522,20354,5216,20354,770,115
1779,3522,20355,5216,20355,770,115
1779,3522,20356,5216,20356,770,115
1779,3522,20357,5216,20357,770,115
1779,3522,20358,5216,20358,770,115
1779,3522,20359,5216,20359,770,115
1779,3522,20360,5216,20360,770,115
1779,3522,20361,5216,20361,770,115
1779,3522,20362,5216,20362,770,115
1779,3522,20363,5216,20363,770,115
1779,3522,20364,5216,20364,770,115
1779,3522,20365,5216,20365,770,115
1779,3522,20366,5216,20366,770,115
1778,3522,20367,5216,20367,770,115
1779,3522,20368,5216,20368,770,115
1779,3522,20369,5216,20369,770,115
1779,3522,20370,5216,20370,770,115
1779,3522,20371,5216,20371,770,115
1779,3522,20372,5216,20372,770,115
1779,3522,20373,5216,20373,770,115
1779,3522,20374,5216,20374,770,115
1779,3522,20375,5216,20375,770,115
1779,3522,20376,5216,20376,770,115
1779,3522,20377,5216,20377,770,115
1778,3522,20378,5216,20378,770,115
1778,3522,20379,5216,20379,770,115
1778,3522,20380,5216,20380,770,115
1778,3522,20381,5216,20381,770,115
1778,3522,20382,5216,20382,770,115
1778,3522,20383,5216,20383,770,115
1778,3522,20384,5216,20384,770,115
1778,3522,20385,5216,20385,770,115
1778,3522,20386,5216,20386,770,115
1778,3522,20387,5216,20387,770,115
1778,3522,20388,5216,20388,770,115
1778,3522,20389,5216,20389,770,115
1778,3522,20390,5216,20390,770,115
1778,3522,20391,5216,20391,770,115
1778,3522,20392,5216,20392,770,115
1779,3522,20393,5216,20393,770,115
1779,3522,20394,5216,20394,770,115
1779,3522,20395,5216,20395,770,115
1779,3522,20396,5216,20396,770,115
1779,3522,20397,5216,20397,770,115
1779,3522,20398,5216,20398,770,115
1779,3522,20399,5216,20399,770,115
1779,3522,20400,5216,20400,770,115
1780,3522,20401,5216,20401,770,115
1780,3522,20402,5216,20402,770,115
1780,3522,20403,5216,20403,770,115
1780,3522,20404,5216,20404,770,115
1780,3522,20405,5216,20405,770,115
1781,3522,20406,5216,20406,770,115
1781,3522,20407,5216,20407,770,115
1781,3522,20408,5216,20408,770,115
1781,3522,20409,5216,20409,770,115
1781,3522,20410,5216,20410,770,115
1781,3522,20411,5216,20411,770,115
1781,3522,20412,5216,20412,770,115
1781,3522,20413,5216,20413,770,115
1781,3522,20414,5216,20414,770,115
1780,3522,20415,5216,20415,770,115
1780,3522,20416,5216,20416,770,115
1781,3522,20417,5216,20417,770,115
1781,3522,20418,5216,20418,770,115
1781,3522,20419,5216,20419,770,115
1781,3522,20420,5216,20420,770,115
1781,3522,20421,5216,20421,770,115
1781,3522,20422,5216,20422,770,115
1781,3522,20423,5216,20423,770,115
1781,3522,20424,5216,20424,770,115
1781,3522,20425,5216,20425,770,115
1781,3522,20426,5216,20426,770,115
1782,3522,20427,5216,20427,770,115
1782,3522,20428,5216,20428,770,115
1782,3522,20429,5216,20429,770,115
1782,3522,20430,5216,20430,770,115
1781,3522,20431,5216,20431,770,115
1781,3522,20432,5216,20432,770,115
1781,3522,20433,5216,20433,770,115
1781,3522,20434,5216,20434,770,115
1781,3522,20435,5216,20435,770,115
1780,3522,20436,5216,20436,770,115
1780,3522,20437,5216,20437,770,115
1780,3522,20438,5216,20438,770,115
1780,3522,20439,5216,20439,770,115
1780,3522,20440,5216,20440,770,115
1780,3522,20441,5216,20441,770,115
1780,3522,20442,5216,20442,770,115
1780,3522,20443,5216,20443,770,115
1780,3522,20444,5216,20444,770,115
1780,3522,20445,5216,20445,770,115
1780,3522,20446,5216,20446,770,115
1781,3522,20447,5216,20447,770,115
1780,3522,20448,5216,20448,770,115
1780,3522,20449,5216,20449,770,115
1780,3522,20450,5216,20450,770,115
1780,3522,20451,5216,20451,770,115
1780,3522,20452,5216,20452,770,115
1778,3522,20453,5216,20453,770,115
1778,3522,20454,5216,20454,770,115
1778,3522,20455,5216,20455,770,115
1778,3522,20456,5216,20456,770,115
1778,3522,20457,5216,20457,770,115
1778,3522,20458,5216,20458,770,115
1778,3522,20459,5216,20459,770,115
1778,3522,20460,5216,20460,770,115
1778,3522,20461,5216,20461,770,115
1777,3522,20462,5216,20462,770,115
1777,3522,20463,5216,20463,770,115
1777,3522,20464,5216,20464,770,115
1777,3522,20465,5216,20465,770,115
1777,3522,20466,5216,20466,770,115
1777,3522,20467,5216,20467,770,115
1777,3522,20468,5216,20468,770,115
1777,3522,20469,5216,20469,770,115
1777,3522,20470,5216,20470,770,115
1777,3522,20471,5216,20471,770,115
1777,3522,20472,5216,20472,770,115
1777,3522,20473,5216,20473,770,115
1778,3522,20474,5216,20474,770,115
1778,3522,20475,5216,20475,770,115
1778,3522,20476,5216,20476,770,115
1778,3522,20477,5216,20477,770,115
1778,3522,20478,5216,20478,770,115
1778,3522,20479,5216,20479,770,115
1779,3522,20480,5216,20480,770,115
1780,3522,20481,5216,20481,770,115
1780,3522,20482,5216,20482,770,115
1781,3522,20483,5216,20483,770,115
1781,3522,20484,5216,20484,770,115
1780,3522,20485,5216,20485,770,115
1780,3522,20486,5216,20486,770,115
1780,3522,20487,5216,20487,770,115
1780,3522,20488,5216,20488,770,115
1779,3522,20489,5216,20489,770,115
1779,3522,20490,5216,20490,770,115
1779,3522,20491,5216,20491,770,115
1779,3522,20492,5216,20492,770,115
1779,3522,20493,5216,20493,770,115
1779,3522,20494,5216,20494,770,115
1780,3522,20495,5216,20495,770,115
1780,3522,20496,5216,20496,770,115
1779,3522,20497,5216,20497,770,115
1779,3522,20498,5216,20498,770,115
1779,3522,20499,5216,20499,770,115
1779,3522,20500,5216,20500,770,115
1779,3522,20501,5216,20501,770,115
1779,3522,20502,5216,20502,770,115
1779,3522,20503,5216,20503,770,115
1780,3522,20504,5216,20504,770,115
1780,3522,20505,5216,20505,770,115
1780,3522,20506,5216,20506,770,115
1779,3522,20507,5216,20507,770,115
1779,3522,20508,5216,20508,770,115
1779,3522,20509,5216,20509,770,115
1779,3522,20510,5216,20510,770,115
1779,3522,20511,5216,20511,770,115
1779,3522,20512,5216,20512,770,115
1779,3522,20513,5216,20513,770,115
1779,3522,20514,5216,20514,770,115
1777,3522,20515,5216,20515,770,115
1777,3522,20516,5216,20516,770,115
1778,3522,20517,5216,20517,770,115
1778,3522,20518,5216,20518,770,115
1777,3522,20519,5216,20519,770,115
1776,3522,20520,5216,20520,770,115
1777,3522,20521,5216,20521,770,115
1777,3522,20522,5216,20522,770,115
1777,3522,20523,5216,20523,770,115
1777,3522,20524,5216,20524,770,115
1777,3522,20525,5216,20525,770,115
1775,3522,20526,5216,20526,770,115
1775,3522,20527,5216,20527,770,115
1775,3522,20528,5216,20528,770,115
1775,3522,20529,5216,20529,770,115
1775,3522,20530,5216,20530,770,115
1775,3522,20531,5216,20531,770,115
1776,3522,20532,5216,20532,770,115
1776,3522,20533,5216,20533,770,115
1777,3522,20534,5216,20534,770,115
1777,3522,20535,5216,20535,770,115
1777,3522,20536,5216,20536,770,115
1778,3522,20537,5216,20537,770,115
1778,3522,20538,5216,20538,770,115
1778,3522,20539,5216,20539,770,115
1778,3522,20540,5216,20540,770,115
1778,3522,20541,5216,20541,770,115
1779,3522,20542,5216,20542,770,115
1779,3522,20543,5216,20543,770,115
1779,3522,20544,5216,20544,770,115
1779,3522,20545,5216,20545,770,115
1779,3522,20546,5216,20546,770,115
1779,3522,20547,5216,20547,770,115
1779,3522,20548,5216,20548,770,115
1779,3522,20549,5216,20549,770,115
1779,3522,20550,5216,20550,770,115
1779,3522,20551,5216,20551,770,115
1779,3522,20552,5216,20552,770,115
1779,3522,20553,5216,20553,770,115
1779,3522,20554,5216,20554,770,115
1779,3522,20555,5216,20555,770,115
1779,3522,20556,5216,20556,770,115
1779,3522,20557,5216,20557,770,115
1779,3522,20558,5216,20558,770,115
1778,3522,20559,5216,20559,770,115
1778,3522,20560,5216,20560,770,115
1778,3522,20561,5216,20561,770,115
1778,3522,20562,5216,20562,770,115
1778,3522,20563,5216,20563,770,115
1777,3522,20564,5216,20564,770,115
1777,3522,20565,5216,20565,770,115
1777,3522,20566,5216,20566,770,115
1777,3522,20567,5216,20567,770,115
1776,3522,20568,5216,20568,770,115
1776,3522,20569,5216,20569,770,115
1776,3522,20570,5216,20570,770,115
1776,3522,20571,5216,20571,770,115
1776,3522,20572,5216,20572,770,115
1776,3522,20573,5216,20573,770,115
1776,3522,20574,5216,20574,770,115
1776,3522,20575,5216,20575,770,115
1776,3522,20576,5216,20576,770,115
1777,3522,20577,5216,20577,770,115
1777,3522,20578,5216,20578,770,115
1777,3522,20579,5216,20579,770,115
1778,3522,20580,5216,20580,770,115
1778,3522,20581,5216,20581,770,115
1778,3522,20582,5216,20582,770,115
1778,3522,20583,5216,20583,770,115
1778,3522,20584,5216,20584,770,115
1778,3522,20585,5216,20585,770,115
1778,3522,20586,5216,20586,770,115
1778,3522,20587,5216,20587,770,115
1778,3522,20588,5216,20588,770,115
1778,3522,20589,5216,20589,770,115
1778,3522,20590,5216,20590,770,115
1778,3522,20591,5216,20591,770,115
1778,3522,20592,5216,20592,770,115
1778,3522,20593,5216,20593,770,115
1778,3522,20594,5216,20594,770,115
1777,3522,20595,5216,20595,770,115
1777,3522,20596,5216,20596,770,115
1776,3522,20597,5216,20597,770,115
1776,3522,20598,5216,20598,770,115
1776,3522,20599,5216,20599,770,115
1776,3522,20600,5216,20600,770,115
1776,3522,20601,5216,20601,770,115
1776,3522,20602,5216,20602,770,115
1776,3522,20603,5216,20603,770,115
1776,3522,20604,5216,20604,770,115
1776,3522,20605,5216,20605,770,115
1776,3522,20606,5216,20606,770,115
1777,3522,20607,5216,20607,770,115
1778,3522,20608,5216,20608,770,115
1779,3522,20609,5216,20609,770,115
1779,3522,20610,5216,20610,770,115
1779,3522,20611,5216,20611,770,115
1779,3522,20612,5216,20612,770,115
1779,3522,20613,5216,20613,770,115
1779,3522,20614,5216,20614,770,115
1779,3522,20615,5216,20615,770,115
1779,3522,20616,5216,20616,770,115
1779,3522,20617,5216,20617,770,115
1779,3522,20618,5216,20618,770,115
1780,3522,20619,5216,20619,770,115
1780,3522,20620,5216,20620,770,115
1780,3522,20621,5216,20621,770,115
1780,3522,20622,5216,20622,770,115
1779,3522,20623,5216,20623,770,115
1779,3522,20624,5216,20624,770,115
1778,3522,20625,5216,20625,770,115
1778,3522,20626,5216,20626,770,115
1778,3522,20627,5216,20627,770,115
1778,3522,20628,5216,20628,770,115
1777,3522,20629,5216,20629,770,115
1777,3522,20630,5216,20630,770,115
1777,3522,20631,5216,20631,770,115
1777,3522,20632,5216,20632,770,115
1777,3522,20633,5216,20633,770,115
1777,3522,20634,5216,20634,770,115
1777,3522,20635,5216,20635,770,115
1777,3522,20636,5216,20636,770,115
1777,3522,20637,5216,20637,770,115
1777,3522,20638,5216,20638,770,115
1777,3522,20639,5216,20639,770,115
1777,3522,20640,5216,20640,770,115
1776,3522,20641,5216,20641,770,114
1776,3522,20642,5216,20642,770,114
1777,3522,20643,5216,20643,770,114
1777,3522,20644,5216,20644,770,114
1777,3522,20645,5216,20645,770,114
1777,3522,20646,5216,20646,770,114
1777,3522,20647,5216,20647,770,114
1776,3522,20648,5216,20648,770,114
1776,3522,20649,5216,20649,770,114
1776,3522,20650,5216,20650,770,114
1776,3522,20651,5216,20651,770,114
1776,3522,20652,5216,20652,770,114
1776,3522,20653,5216,20653,770,114
1776,3522,20654,5216,20654,770,114
1775,3522,20655,5216,20655,770,114
1775,3522,20656,5216,20656,770,114
1775,3522,20657,5216,20657,770,114
1775,3522,20658,5216,20658,770,114
1775,3522,20659,5216,20659,770,114
1775,3522,20660,5216,20660,770,114
1775,3522,20661,5216,20661,770,114
1775,3522,20662,5216,20662,770,114
1774,3522,20663,5216,20663,770,114
1774,3522,20664,5216,20664,770,114
1774,3522,20665,5216,20665,770,114
1774,3522,20666,5216,20666,770,114
1774,3522,20667,5216,20667,770,114
1774,3522,20668,5216,20668,770,114
1775,3522,20669,5216,20669,770,114
1776,3522,20670,5216,20670,770,114
1776,3522,20671,5216,20671,770,114
1776,3522,20672,5216,20672,770,114
1775,3522,20673,5216,20673,770,114
1775,3522,20674,5216,20674,770,114
1775,3522,20675,5216,20675,770,114
1775,3522,20676,5216,20676,770,114
1775,3522,20677,5216,20677,770,114
1775,3522,20678,5216,20678,770,114
1775,3522,20679,5216,20679,770,114
1775,3522,20680,5216,20680,770,114
1775,3522,20681,5216,20681,770,114
1775,3522,20682,5216,20682,770,114
1775,3522,20683,5216,20683,770,114
1775,3522,20684,5216,20684,770,114
1776,3522,20685,5216,20685,770,114
1776,3522,20686,5216,20686,770,114
1776,3522,20687,5216,20687,770,114
1776,3522,20688,5216,20688,770,114
1776,3522,20689,5216,20689,770,114
1776,3522,20690,5216,20690,770,114
1776,3522,20691,5216,20691,770,114
1775,3522,20692,5216,20692,770,114
1775,3522,20693,5216,20693,770,114
1775,3522,20694,5216,20694,770,114
1775,3522,20695,5216,20695,770,114
1775,3522,20696,5216,20696,770,114
1775,3522,20697,5216,20697,770,114
1775,3522,20698,5216,20698,770,114
1775,3522,20699,5216,20699,770,114
1775,3522,20700,5216,20700,770,114
1775,3522,20701,5216,20701,770,114
1775,3522,20702,5216,20702,770,114
1775,3522,20703,5216,20703,770,114
1775,3522,20704,5216,20704,770,114
1774,3522,20705,5216,20705,770,114
1774,3522,20706,5216,20706,770,114
1774,3522,20707,5216,20707,770,114
1774,3522,20708,5216,20708,770,114
1773,3522,20709,5216,20709,770,114
1773,3522,20710,5216,20710,770,114
1772,3522,20711,5216,20711,770,114
1772,3522,20712,5216,20712,770,114
1772,3522,20713,5216,20713,770,114
1772,3522,20714,5216,20714,770,114
1772,3522,20715,5216,20715,770,114
1772,3522,20716,5216,20716,770,114
1772,3522,20717,5216,20717,770,114
1772,3522,20718,5216,20718,770,114
1772,3522,20719,5216,20719,770,114
1772,3522,20720,5216,20720,770,114
1772,3522,20721,5216,20721,770,114
1772,3522,20722,5216,20722,770,114
1772,3522,20723,5216,20723,770,114
1773,3522,20724,5216,20724,770,114
1774,3522,20725,5216,20725,770,114
1774,3522,20726,5216,20726,770,114
1774,3522,20727,5216,20727,770,114
1774,3522,20728,5216,20728,770,114
1774,3522,20729,5216,20729,770,114
1774,3522,20730,5216,20730,770,114
1774,3522,20731,5216,20731,770,114
1774,3522,20732,5216,20732,770,114
1774,3522,20733,5216,20733,770,114
1774,3522,20734,5216,20734,770,114
1775,3522,20735,5216,20735,770,114
1775,3522,20736,5216,20736,770,114
1775,3522,20737,5216,20737,770,114
1775,3522,20738,5216,20738,770,114
1775,3522,20739,5216,20739,770,114
1775,3522,20740,5216,20740,770,114
1775,3522,20741,5216,20741,770,114
1775,3522,20742,5216,20742,770,114
1775,3522,20743,5216,20743,770,114
1775,3522,20744,5216,20744,770,114
1775,3522,20745,5216,20745,770,114
1775,3522,20746,5216,20746,770,114
1775,3522,20747,5216,20747,770,114
1775,3522,20748,5216,20748,770,114
1776,3522,20749,5216,20749,770,114
1776,3522,20750,5216,20750,770,114
1776,3522,20751,5216,20751,770,114
1776,3522,20752,5216,20752,770,114
1775,3522,20753,5216,20753,770,114
1775,3522,20754,5216,20754,770,114
1775,3522,20755,5216,20755,770,114
1775,3522,20756,5216,20756,770,114
1775,3522,20757,5216,20757,770,114
1775,3522,20758,5216,20758,770,114
1775,3522,20759,5216,20759,770,114
1775,3522,20760,5216,20760,770,114
1774,3522,20761,5216,20761,770,114
1775,3522,20762,5216,20762,770,114
1775,3522,20763,5216,20763,770,114
1775,3522,20764,5216,20764,770,114
1775,3522,20765,5216,20765,770,114
1775,3522,20766,5216,20766,770,114
1775,3522,20767,5216,20767,770,114
1774,3522,20768,5216,20768,770,114
1775,3522,20769,5216,20769,770,114
1775,3522,20770,5216,20770,770,114
1775,3522,20771,5216,20771,770,114
1775,3522,20772,5216,20772,770,114
1776,3522,20773,5216,20773,770,114
1776,3522,20774,5216,20774,770,114
1775,3522,20775,5216,20775,770,114
1775,3522,20776,5216,20776,770,114
1775,3522,20777,5216,20777,770,114
1775,3522,20778,5216,20778,770,114
1775,3522,20779,5216,20779,770,114
1775,3522,20780,5216,20780,770,114
1775,3522,20781,5216,20781,770,114
1775,3522,20782,5216,20782,770,114
1775,3522,20783,5216,20783,770,114
1775,3522,20784,5216,20784,770,114
1775,3522,20785,5216,20785,770,114
1775,3522,20786,5216,20786,770,114
1775,3522,20787,5216,20787,770,114
1775,3522,20788,5216,20788,770,114
1775,3522,20789,5216,20789,770,114
1775,3522,20790,5216,20790,770,114
1775,3522,20791,5216,20791,770,114
1776,3522,20792,5216,20792,770,114
1776,3522,20793,5216,20793,770,114
1777,3522,20794,5216,20794,770,114
1777,3522,20795,5216,20795,770,114
1777,3522,20796,5216,20796,770,114
1777,3522,20797,5216,20797,770,114
1777,3522,20798,5216,20798,770,114
1777,3522,20799,5216,20799,770,114
1776,3522,20800,5216,20800,770,114
1776,3522,20801,5216,20801,770,114
1776,3522,20802,5216,20802,770,114
1776,3522,20803,5216,20803,770,114
1776,3522,20804,5216,20804,770,114
1776,3522,20805,5216,20805,770,114
1776,3522,20806,5216,20806,770,114
1776,3522,20807,5216,20807,770,114
1776,3522,20808,5216,20808,770,114
1776,3522,20809,5216,20809,770,114
1776,3522,20810,5216,20810,770,114
1776,3522,20811,5216,20811,770,114
1776,3522,20812,5216,20812,770,114
1776,3522,20813,5216,20813,770,114
1776,3522,20814,5216,20814,770,114
1776,3522,20815,5216,20815,770,114
1776,3522,20816,5216,20816,770,114
1776,3522,20817,5216,20817,770,114
1776,3522,20818,5216,20818,770,114
1776,3522,20819,5216,20819,770,114
1776,3522,20820,5216,20820,770,114
1776,3522,20821,5216,20821,770,114
1776,3522,20822,5216,20822,770,114
1776,3522,20823,5216,20823,770,114
1776,3522,20824,5216,20824,770,114
1776,3522,20825,5216,20825,770,114
1776,3522,20826,5216,20826,770,114
1776,3522,20827,5216,20827,770,114
1776,3522,20828,5216,20828,770,114
1775,3522,20829,5216,20829,770,114
1775,3522,20830,5216,20830,770,114
1775,3522,20831,5216,20831,770,114
1775,3522,20832,5216,20832,770,114
1775,3522,20833,5216,20833,770,114
1775,3522,20834,5216,20834,770,114
1776,3522,20835,5216,20835,770,114
1776,3522,20836,5216,20836,770,114
1776,3522,20837,5216,20837,770,114
1776,3522,20838,5216,20838,770,114
1776,3522,20839,5216,20839,770,114
1776,3522,20840,5216,20840,770,114
1775,3522,20841,5216,20841,770,114
1775,3522,20842,5216,20842,770,114
1775,3522,20843,5216,20843,770,114
1776,3522,20844,5216,20844,770,114
1776,3522,20845,5216,20845,770,114
1776,3522,20846,5216,20846,770,114
1776,3522,20847,5216,20847,770,114
1776,3522,20848,5216,20848,770,114
1776,3522,20849,5216,20849,770,114
1776,3522,20850,5216,20850,770,114
1776,3522,20851,5216,20851,770,114
1776,3522,20852,5216,20852,770,114
1774,3522,20853,5216,20853,770,114
1774,3522,20854,5216,20854,770,114
1774,3522,20855,5216,20855,770,114
1774,3522,20856,5216,20856,770,114
1774,3522,20857,5216,20857,770,114
1774,3522,20858,5216,20858,770,114
1774,3522,20859,5216,20859,770,114
1773,3522,20860,5216,20860,770,114
1773,3522,20861,5216,20861,770,114
1773,3522,20862,5216,20862,770,114
1773,3522,20863,5216,20863,770,114
1772,3522,20864,5216,20864,770,114
1772,3522,20865,5216,20865,770,114
1772,3522,20866,5216,20866,770,114
1770,3522,20867,5216,20867,770,113
1770,3522,20868,5216,20868,770,113
1770,3522,20869,5216,20869,770,113
1770,3522,20870,5216,20870,770,113
1770,3522,20871,5216,20871,770,113
1770,3522,20872,5216,20872,770,113
1770,3522,20873,5216,20873,770,113
1770,3522,20874,5216,20874,770,113
1769,3522,20875,5216,20875,770,113
1769,3522,20876,5216,20876,770,113
1769,3522,20877,5216,20877,770,113
1770,3522,20878,5216,20878,770,113
1770,3522,20879,5216,20879,770,113
1770,3522,20880,5216,20880,770,113
1770,3522,20881,5216,20881,770,113
1771,3522,20882,5216,20882,770,113
1771,3522,20883,5216,20883,770,113
1771,3522,20884,5216,20884,770,113
1771,3522,20885,5216,20885,770,113
1771,3522,20886,5216,20886,770,113
1771,3522,20887,5216,20887,770,113
1771,3522,20888,5216,20888,770,113
1771,3522,20889,5216,20889,770,113
1772,3522,20890,5216,20890,770,113
1772,3522,20891,5216,20891,770,113
1772,3522,20892,5216,20892,770,113
1771,3522,20893,5216,20893,770,113
1771,3522,20894,5216,20894,770,113
1771,3522,20895,5216,20895,770,113
1771,3522,20896,5216,20896,770,113
1771,3522,20897,5216,20897,770,113
1771,3522,20898,5216,20898,770,113
1771,3522,20899,5216,20899,770,113
1771,3522,20900,5216,20900,770,113
1771,3522,20901,5216,20901,770,113
1771,3522,20902,5216,20902,770,113
1771,3522,20903,5216,20903,770,113
1771,3522,20904,5216,20904,770,113
1771,3522,20905,5216,20905,770,113
1771,3522,20906,5216,20906,770,113
1771,3522,20907,5216,20907,770,113
1771,3522,20908,5216,20908,770,113
1771,3522,20909,5216,20909,770,113
1770,3522,20910,5216,20910,770,113
1770,3522,20911,5216,20911,770,113
1770,3522,20912,5216,20912,770,113
1770,3522,20913,5216,20913,770,113
1770,3522,20914,5216,20914,770,113
1770,3522,20915,5216,20915,770,113
1770,3522,20916,5216,20916,770,113
1770,3522,20917,5216,20917,770,113
1770,3522,20918,5216,20918,770,113
1770,3522,20919,5216,20919,770,113
1771,3522,20920,5216,20920,770,113
1771,3522,20921,5216,20921,770,113
1771,3522,20922,5216,20922,770,113
1771,3522,20923,5216,20923,770,113
1771,3522,20924,5216,20924,770,113
1771,3522,20925,5216,20925,770,113
1771,3522,20926,5216,20926,770,113
1771,3522,20927,5216,20927,770,113
1771,3522,20928,5216,20928,770,113
1771,3522,20929,5216,20929,770,113
1772,3522,20930,5216,20930,770,113
1772,3522,20931,5216,20931,770,113
1771,3522,20932,5216,20932,770,113
1770,3522,20933,5216,20933,770,113
1770,3522,20934,5216,20934,770,113
1770,3522,20935,5216,20935,770,113
1771,3522,20936,5216,20936,770,113
1771,3522,20937,5216,20937,770,113
1771,3522,20938,5216,20938,770,113
1771,3522,20939,5216,20939,770,113
1771,3522,20940,5216,20940,770,113
1771,3522,20941,5216,20941,770,113
1769,3522,20942,5216,20942,770,113
1769,3522,20943,5216,20943,770,113
1769,3522,20944,5216,20944,770,113
1769,3522,20945,5216,20945,770,113
1768,3522,20946,5216,20946,770,113
1768,3522,20947,5216,20947,770,113
1768,3522,20948,5216,20948,770,113
1768,3522,20949,5216,20949,770,113
1767,3522,20950,5216,20950,770,113
1767,3522,20951,5216,20951,770,113
1767,3522,20952,5216,20952,770,113
1767,3522,20953,5216,20953,770,113
1767,3522,20954,5216,20954,770,113
1768,3522,20955,5216,20955,770,113
1767,3522,20956,5216,20956,770,113
1767,3522,20957,5216,20957,770,113
1767,3522,20958,5216,20958,770,113
1767,3522,20959,5216,20959,770,113
1767,3522,20960,5216,20960,770,113
1767,3522,20961,5216,20961,770,113
1767,3522,20962,5216,20962,770,113
1766,3522,20963,5216,20963,770,113
1766,3522,20964,5216,20964,770,113
1767,3522,20965,5216,20965,770,113
1767,3522,20966,5216,20966,770,113
1767,3522,20967,5216,20967,770,113
1767,3522,20968,5216,20968,770,113
1768,3522,20969,5216,20969,770,113
1769,3522,20970,5216,20970,770,113
1769,3522,20971,5216,20971,770,113
1769,3522,20972,5216,20972,770,113
1769,3522,20973,5216,20973,770,113
1769,3522,20974,5216,20974,770,113
1769,3522,20975,5216,20975,770,113
1769,3522,20976,5216,20976,770,113
1769,3522,20977,5216,20977,770,113
1769,3522,20978,5216,20978,770,113
1769,3522,20979,5216,20979,770,113
1769,3522,20980,5216,20980,770,113
1769,3522,20981,5216,20981,770,113
1769,3522,20982,5216,20982,770,113
1769,3522,20983,5216,20983,770,113
1769,3522,20984,5216,20984,770,113
1769,3522,20985,5216,20985,770,113
1769,3522,20986,5216,20986,770,113
1769,3522,20987,5216,20987,770,113
1770,3522,20988,5216,20988,770,113
1770,3522,20989,5216,20989,770,113
1770,3522,20990,5216,20990,770,113
1770,3522,20991,5216,20991,770,113
1770,3522,20992,5216,20992,770,113
1770,3522,20993,5216,20993,770,113
1770,3522,20994,5216,20994,770,113
1770,3522,20995,5216,20995,770,113
1770,3522,20996,5216,20996,770,113
1770,3522,20997,5216,20997,770,113
1770,3522,20998,5216,20998,770,113
1770,3522,20999,5216,20999,770,113
1771,3522,21000,5216,21000,770,113
1771,3522,21001,5216,21001,770,113
1772,3522,21002,5216,21002,770,113
1772,3522,21003,5216,21003,770,113
1773,3522,21004,5216,21004,770,113
1773,3522,21005,5216,21005,770,113
1773,3522,21006,5216,21006,770,113
1773,3522,21007,5216,21007,770,113
1773,3522,21008,5216,21008,770,113
1773,3522,21009,5216,21009,770,113
1773,3522,21010,5216,21010,770,113
1773,3522,21011,5216,21011,770,113
1774,3522,21012,5216,21012,770,113
1774,3522,21013,5216,21013,770,113
1774,3522,21014,5216,21014,770,113
1772,3522,21015,5216,21015,770,113
1772,3522,21016,5216,21016,770,113
1772,3522,21017,5216,21017,770,113
1772,3522,21018,5216,21018,770,113
1772,3522,21019,5216,21019,770,113
1772,3522,21020,5216,21020,770,113
1772,3522,21021,5216,21021,770,113
1773,3522,21022,5216,21022,770,113
1773,3522,21023,5216,21023,770,113
1773,3522,21024,5216,21024,770,113
1773,3522,21025,5216,21025,770,113
1773,3522,21026,5216,21026,770,113
1774,3522,21027,5216,21027,770,113
1774,3522,21028,5216,21028,770,113
1774,3522,21029,5216,21029,770,113
1774,3522,21030,5216,21030,770,113
1774,3522,21031,5216,21031,770,113
1774,3522,21032,5216,21032,770,113
1774,3522,21033,5216,21033,770,113
1774,3522,21034,5216,21034,770,113
1774,3522,21035,5216,21035,770,113
1774,3522,21036,5216,21036,770,113
1774,3522,21037,5216,21037,770,113
1774,3522,21038,5216,21038,770,113
1774,3522,21039,5216,21039,770,113
1774,3522,21040,5216,21040,770,113
1771,3522,21041,5216,21041,770,113
1771,3522,21042,5216,21042,770,113
1771,3522,21043,5216,21043,770,113
1771,3522,21044,5216,21044,770,113
1771,3522,21045,5216,21045,770,113
1771,3522,21046,5216,21046,770,113
1771,3522,21047,5216,21047,770,113
1771,3522,21048,5216,21048,770,113
1771,3522,21049,5216,21049,770,113
1771,3522,21050,5216,21050,770,113
1771,3522,21051,5216,21051,770,113
1771,3522,21052,5216,21052,770,113
1771,3522,21053,5216,21053,770,113
1771,3522,21054,5216,21054,770,113
1771,3522,21055,5216,21055,770,113
1771,3522,21056,5216,21056,770,113
1771,3522,21057,5216,21057,770,113
1771,3522,21058,5216,21058,770,113
1771,3522,21059,5216,21059,770,113
1771,3522,21060,5216,21060,770,113
1771,3522,21061,5216,21061,770,113
1771,3522,21062,5216,21062,770,113
1771,3522,21063,5216,21063,770,113
1770,3522,21064,5216,21064,770,113
1770,3522,21065,5216,21065,770,113
1770,3522,21066,5216,21066,770,113
1770,3522,21067,5216,21067,770,113
1771,3522,21068,5216,21068,770,113
1771,3522,21069,5216,21069,770,113
1771,3522,21070,5216,21070,770,113
1771,3522,21071,5216,21071,770,113
1771,3522,21072,5216,21072,770,113
1771,3522,21073,5216,21073,770,113
1771,3522,21074,5216,21074,770,113
1771,3522,21075,5216,21075,770,113
1771,3522,21076,5216,21076,770,113
1771,3522,21077,5216,21077,770,113
1771,3522,21078,5216,21078,770,113
1771,3522,21079,5216,21079,770,113
1771,3522,21080,5216,21080,770,113
1772,3522,21081,5216,21081,770,113
1772,3522,21082,5216,21082,770,113
1772,3522,21083,5216,21083,770,113
1772,3522,21084,5216,21084,770,113
1772,3522,21085,5216,21085,770,113
1772,3522,21086,5216,21086,770,113
1772,3522,21087,5216,21087,770,113
1772,3522,21088,5216,21088,770,113
1772,3522,21089,5216,21089,770,113
1772,3522,21090,5216,21090,770,113
1772,3522,21091,5216,21091,770,113
1772,3522,21092,5216,21092,770,113
1772,3522,21093,5216,21093,770,113
1772,3522,21094,5216,21094,770,113
1772,3522,21095,5216,21095,770,113
1772,3522,21096,5216,21096,770,113
1772,3522,21097,5216,21097,770,113
1772,3522,21098,5216,21098,770,113
1771,3522,21099,5216,21099,770,113
1772,3522,21100,5216,21100,770,113
1772,3522,21101,5216,21101,770,113
1772,3522,21102,5216,21102,770,113
1772,3522,21103,5216,21103,770,113
1772,3522,21104,5216,21104,770,113
1772,3522,21105,5216,21105,770,113
1772,3522,21106,5216,21106,770,113
1772,3522,21107,5216,21107,770,113
1772,3522,21108,5216,21108,770,113
1771,3522,21109,5216,21109,770,113
1771,3522,21110,5216,21110,770,113
1771,3522,21111,5216,21111,770,113
1771,3522,21112,5216,21112,770,113
1771,3522,21113,5216,21113,770,113
1771,3522,21114,5216,21114,770,113
1771,3522,21115,5216,21115,770,113
1771,3522,21116,5216,21116,770,113
1771,3522,21117,5216,21117,770,113
1770,3522,21118,5216,21118,770,113
1770,3522,21119,5216,21119,770,113
1770,3522,21120,5216,21120,770,113
1770,3522,21121,5216,21121,770,113
1770,3522,21122,5216,21122,770,113
1770,3522,21123,5216,21123,770,113
1770,3522,21124,5216,21124,770,113
1769,3522,21125,5216,21125,770,113
1769,3522,21126,5216,21126,770,113
1768,3522,21127,5216,21127,770,113
1768,3522,21128,5216,21128,770,113
1768,3522,21129,5216,21129,770,113
1768,3522,21130,5216,21130,770,113
1768,3522,21131,5216,21131,770,113
1768,3522,21132,5216,21132,770,113
1768,3522,21133,5216,21133,770,113
1767,3522,21134,5216,21134,770,113
1767,3522,21135,5216,21135,770,113
1767,3522,21136,5216,21136,770,113
1766,3522,21137,5216,21137,770,113
1766,3522,21138,5216,21138,770,113
1765,3522,21139,5216,21139,770,113
1765,3522,21140,5216,21140,770,113
1765,3522,21141,5216,21141,770,113
1765,3522,21142,5216,21142,770,113
1765,3522,21143,5216,21143,770,113
1765,3522,21144,5216,21144,770,113
1765,3522,21145,5216,21145,770,113
1765,3522,21146,5216,21146,770,113
1765,3522,21147,5216,21147,770,113
1765,3522,21148,5216,21148,770,113
1765,3522,21149,5216,21149,770,113
1764,3522,21150,5216,21150,770,113
1764,3522,21151,5216,21151,770,113
1764,3522,21152,5216,21152,770,113
1765,3522,21153,5216,21153,770,113
1765,3522,21154,5216,21154,770,113
1765,3522,21155,5216,21155,770,113
1765,3522,21156,5216,21156,770,113
1765,3522,21157,5216,21157,770,113
1765,3522,21158,5216,21158,770,113
1765,3522,21159,5216,21159,770,113
1765,3522,21160,5216,21160,770,113
1765,3522,21161,5216,21161,770,113
1765,3522,21162,5216,21162,770,113
1764,3522,21163,5216,21163,770,113
1764,3522,21164,5216,21164,770,113
1765,3522,21165,5216,21165,770,113
1764,3522,21166,5216,21166,770,113
1764,3522,21167,5216,21167,770,113
1764,3522,21168,5216,21168,770,113
1763,3522,21169,5216,21169,770,113
1762,3522,21170,5216,21170,770,113
1762,3522,21171,5216,21171,770,113
1762,3522,21172,5216,21172,770,113
1762,3522,21173,5216,21173,770,113
1761,3522,21174,5216,21174,770,113
1761,3522,21175,5216,21175,770,113
1761,3522,21176,5216,21176,770,113
1761,3522,21177,5216,21177,770,113
1761,3522,21178,5216,21178,770,113
1761,3522,21179,5216,21179,770,113
1761,3522,21180,5216,21180,770,113
1761,3522,21181,5216,21181,770,113
1761,3522,21182,5216,21182,770,113
1761,3522,21183,5216,21183,770,113
1761,3522,21184,5216,21184,770,113
1761,3522,21185,5216,21185,770,113
1761,3522,21186,5216,21186,770,113
1761,3522,21187,5216,21187,770,113
1761,3522,21188,5216,21188,770,113
1761,3522,21189,5216,21189,770,113
1761,3522,21190,5216,21190,770,113
1760,3522,21191,5216,21191,770,113
1760,3522,21192,5216,21192,770,113
1760,3522,21193,5216,21193,770,113
1760,3522,21194,5216,21194,770,113
1761,3522,21195,5216,21195,770,113
1761,3522,21196,5216,21196,770,113
1761,3522,21197,5216,21197,770,113
1761,3522,21198,5216,21198,770,113
1761,3522,21199,5216,21199,770,113
1761,3522,21200,5216,21200,770,113
1761,3522,21201,5216,21201,770,113
1761,3522,21202,5216,21202,770,113
1762,3522,21203,5216,21203,770,113
1762,3522,21204,5216,21204,770,113
1762,3522,21205,5216,21205,770,113
1763,3522,21206,5216,21206,770,113
1763,3522,21207,5216,21207,770,113
1763,3522,21208,5216,21208,770,113
1763,3522,21209,5216,21209,770,113
1763,3522,21210,5216,21210,770,113
1763,3522,21211,5216,21211,770,113
1763,3522,21212,5216,21212,770,113
1763,3522,21213,5216,21213,770,113
1763,3522,21214,5216,21214,770,113
1764,3522,21215,5216,21215,770,113
1764,3522,21216,5216,21216,770,113
1764,3522,21217,5216,21217,770,113
1764,3522,21218,5216,21218,770,113
1764,3522,21219,5216,21219,770,113
1764,3522,21220,5216,21220,770,113
1764,3522,21221,5216,21221,770,113
1764,3522,21222,5216,21222,770,113
1764,3522,21223,5216,21223,770,113
1764,3522,21224,5216,21224,770,113
1764,3522,21225,5216,21225,770,113
1764,3522,21226,5216,21226,770,113
1764,3522,21227,5216,21227,770,113
1763,3522,21228,5216,21228,770,113
1763,3522,21229,5216,21229,770,113
1764,3522,21230,5216,21230,770,113
1764,3522,21231,5216,21231,770,113
1764,3522,21232,5216,21232,770,113
1764,3522,21233,5216,21233,770,113
1763,3522,21234,5216,21234,770,113
1763,3522,21235,5216,21235,770,113
1763,3522,21236,5216,21236,770,113
1763,3522,21237,5216,21237,770,113
1764,3522,21238,5216,21238,770,113
1764,3522,21239,5216,21239,770,113
1764,3522,21240,5216,21240,770,113
1764,3522,21241,5216,21241,770,113
1764,3522,21242,5216,21242,770,113
1764,3522,21243,5216,21243,770,113
1764,3522,21244,5216,21244,770,113
1763,3522,21245,5216,21245,770,113
1761,3522,21246,5216,21246,770,113
1761,3522,21247,5216,21247,770,113
1761,3522,21248,5216,21248,770,113
1761,3522,21249,5216,21249,770,113
1761,3522,21250,5216,21250,770,113
1761,3522,21251,5216,21251,770,113
1761,3522,21252,5216,21252,770,113
1761,3522,21253,5216,21253,770,113
1761,3522,21254,5216,21254,770,113
1761,3522,21255,5216,21255,770,113
1760,3522,21256,5216,21256,770,113
1760,3522,21257,5216,21257,770,113
1760,3522,21258,5216,21258,770,113
1760,3522,21259,5216,21259,770,113
1760,3522,21260,5216,21260,770,113
1760,3522,21261,5216,21261,770,113
1760,3522,21262,5216,21262,770,113
1760,3522,21263,5216,21263,770,113
1760,3522,21264,5216,21264,770,113
1760,3522,21265,5216,21265,770,113
1760,3522,21266,5216,21266,770,113
1761,3522,21267,5216,21267,770,113
1762,3522,21268,5216,21268,770,113
1762,3522,21269,5216,21269,770,113
1762,3522,21270,5216,21270,770,113
1762,3522,21271,5216,21271,770,113
1762,3522,21272,5216,21272,770,113
1763,3522,21273,5216,21273,770,113
1763,3522,21274,5216,21274,770,113
1763,3522,21275,5216,21275,770,113
1763,3522,21276,5216,21276,770,113
1763,3522,21277,5216,21277,770,113
1763,3522,21278,5216,21278,770,113
1763,3522,21279,5216,21279,770,113
1763,3522,21280,5216,21280,770,113
1764,3522,21281,5216,21281,770,113
1763,3522,21282,5216,21282,770,113
1763,3522,21283,5216,21283,770,113
1763,3522,21284,5216,21284,770,113
1764,3522,21285,5216,21285,770,113
1764,3522,21286,5216,21286,770,113
1764,3522,21287,5216,21287,770,113
1765,3522,21288,5216,21288,770,113
1765,3522,21289,5216,21289,770,113
1765,3522,21290,5216,21290,770,113
1765,3522,21291,5216,21291,770,113
1765,3522,21292,5216,21292,770,113
1765,3522,21293,5216,21293,770,113
1765,3522,21294,5216,21294,770,113
1765,3522,21295,5216,21295,770,113
1765,3522,21296,5216,21296,770,113
1765,3522,21297,5216,21297,770,113
1765,3522,21298,5216,21298,770,113
1765,3522,21299,5216,21299,770,113
1765,3522,21300,5216,21300,770,113
1765,3522,21301,5216,21301,770,113
1765,3522,21302,5216,21302,770,113
1765,3522,21303,5216,21303,770,113
1765,3522,21304,5216,21304,770,113
1765,3522,21305,5216,21305,770,113
1765,3522,21306,5216,21306,770,113
1766,3522,21307,5216,21307,770,113
1766,3522,21308,5216,21308,770,113
1766,3522,21309,5216,21309,770,113
1766,3522,21310,5216,21310,770,113
1766,3522,21311,5216,21311,770,113
1766,3522,21312,5216,21312,770,113
1766,3522,21313,5216,21313,770,113
1766,3522,21314,5216,21314,770,113
1766,3522,21315,5216,21315,770,113
1766,3522,21316,5216,21316,770,113
1766,3522,21317,5216,21317,770,113
1766,3522,21318,5216,21318,770,113
1767,3522,21319,5216,21319,770,113
1767,3522,21320,5216,21320,770,113
1767,3522,21321,5216,21321,770,113
1767,3522,21322,5216,21322,770,113
1768,3522,21323,5216,21323,770,113
1768,3522,21324,5216,21324,770,113
1768,3522,21325,5216,21325,770,113
1768,3522,21326,5216,21326,770,113
1769,3522,21327,5216,21327,770,113
1769,3522,21328,5216,21328,770,113
1769,3522,21329,5216,21329,770,113
1769,3522,21330,5216,21330,770,113
1769,3522,21331,5216,21331,770,113
1769,3522,21332,5216,21332,770,113
1769,3522,21333,5216,21333,770,113
1769,3522,21334,5216,21334,770,113
1769,3522,21335,5216,21335,770,113
1769,3522,21336,5216,21336,770,113
1769,3522,21337,5216,21337,770,113
1769,3522,21338,5216,21338,770,113
1770,3522,21339,5216,21339,770,113
1770,3522,21340,5216,21340,770,113
1770,3522,21341,5216,21341,770,113
1770,3522,21342,5216,21342,770,113
1770,3522,21343,5216,21343,770,113
1770,3522,21344,5216,21344,770,113
1771,3522,21345,5216,21345,770,113
1771,3522,21346,5216,21346,770,113
1771,3522,21347,5216,21347,770,113
1771,3522,21348,5216,21348,770,113
1771,3522,21349,5216,21349,770,113
1771,3522,21350,5216,21350,770,113
1771,3522,21351,5216,21351,770,113
1771,3522,21352,5216,21352,770,113
1771,3522,21353,5216,21353,770,113
1770,3522,21354,5216,21354,770,113
1771,3522,21355,5216,21355,770,113
1771,3522,21356,5216,21356,770,113
1771,3522,21357,5216,21357,770,113
1771,3522,21358,5216,21358,770,113
1771,3522,21359,5216,21359,770,113
1771,3522,21360,5216,21360,770,113
1771,3522,21361,5216,21361,770,113
1771,3522,21362,5216,21362,770,113
1771,3522,21363,5216,21363,770,113
1771,3522,21364,5216,21364,770,113
1771,3522,21365,5216,21365,770,113
1771,3522,21366,5216,21366,770,113
1771,3522,21367,5216,21367,770,113
1771,3522,21368,5216,21368,770,113
1771,3522,21369,5216,21369,770,113
1771,3522,21370,5216,21370,770,113
1771,3522,21371,5216,21371,770,113
1771,3522,21372,5216,21372,770,113
1771,3522,21373,5216,21373,770,113
1771,3522,21374,5216,21374,770,113
1771,3522,21375,5216,21375,770,113
1771,3522,21376,5216,21376,770,113
1771,3522,21377,5216,21377,770,113
1771,3522,21378,5216,21378,770,113
1771,3522,21379,5216,21379,770,113
1771,3522,21380,5216,21380,770,113
1772,3522,21381,5216,21381,770,113
1772,3522,21382,5216,21382,770,113
1772,3522,21383,5216,21383,770,113
1772,3522,21384,5216,21384,770,113
1772,3522,21385,5216,21385,770,113
1772,3522,21386,5216,21386,770,113
1772,3522,21387,5216,21387,770,113
1772,3522,21388,5216,21388,770,113
1772,3522,21389,5216,21389,770,113
1772,3522,21390,5216,21390,770,113
1772,3522,21391,5216,21391,770,113
1772,3522,21392,5216,21392,770,113
1772,3522,21393,5216,21393,770,113
1772,3522,21394,5216,21394,770,113
1772,3522,21395,5216,21395,770,113
1772,3522,21396,5216,21396,770,113
1771,3522,21397,5216,21397,770,113
1771,3522,21398,5216,21398,770,113
1771,3522,21399,5216,21399,770,113
1769,3522,21400,5216,21400,770,113
1769,3522,21401,5216,21401,770,113
1769,3522,21402,5216,21402,770,113
1769,3522,21403,5216,21403,770,113
1769,3522,21404,5216,21404,770,113
1769,3522,21405,5216,21405,770,113
1769,3522,21406,5216,21406,770,113
1769,3522,21407,5216,21407,770,113
1769,3522,21408,5216,21408,770,113
1770,3522,21409,5216,21409,770,113
1770,3522,21410,5216,21410,770,113
1770,3522,21411,5216,21411,770,113
1770,3522,21412,5216,21412,770,113
1769,3522,21413,5216,21413,770,113
1768,3522,21414,5216,21414,770,113
1768,3522,21415,5216,21415,770,113
1768,3522,21416,5216,21416,770,113
1769,3522,21417,5216,21417,770,113
1769,3522,21418,5216,21418,770,113
1769,3522,21419,5216,21419,770,113
1769,3522,21420,5216,21420,770,113
1769,3522,21421,5216,21421,770,113
1769,3522,21422,5216,21422,770,113
1769,3522,21423,5216,21423,770,113
1769,3522,21424,5216,21424,770,113
1769,3522,21425,5216,21425,770,113
1770,3522,21426,5216,21426,770,113
1771,3522,21427,5216,21427,770,113
1771,3522,21428,5216,21428,770,113
1771,3522,21429,5216,21429,770,113
1772,3522,21430,5216,21430,770,113
1771,3522,21431,5216,21431,770,113
1771,3522,21432,5216,21432,770,113
1772,3522,21433,5216,21433,770,113
1771,3522,21434,5216,21434,770,113
1771,3522,21435,5216,21435,770,113
1771,3522,21436,5216,21436,770,113
1771,3522,21437,5216,21437,770,113
1770,3522,21438,5216,21438,770,113
1770,3522,21439,5216,21439,770,113
1770,3522,21440,5216,21440,770,113
1770,3522,21441,5216,21441,770,113
1770,3522,21442,5216,21442,770,113
1770,3522,21443,5216,21443,770,113
1770,3522,21444,5216,21444,770,113
1770,3522,21445,5216,21445,770,113
1771,3522,21446,5216,21446,770,113
1770,3522,21447,5216,21447,770,113
1770,3522,21448,5216,21448,770,113
1770,3522,21449,5216,21449,770,113
1770,3522,21450,5216,21450,770,113
1770,3522,21451,5216,21451,770,113
1770,3522,21452,5216,21452,770,113
1770,3522,21453,5216,21453,770,113
1770,3522,21454,5216,21454,770,113
1770,3522,21455,5216,21455,770,113
1770,3522,21456,5216,21456,770,113
1770,3522,21457,5216,21457,770,113
1770,3522,21458,5216,21458,770,113
1770,3522,21459,5216,21459,770,113
1770,3522,21460,5216,21460,770,113
1770,3522,21461,5216,21461,770,113
1770,3522,21462,5216,21462,770,113
1770,3522,21463,5216,21463,770,113
1769,3522,21464,5216,21464,770,113
1768,3522,21465,5216,21465,770,113
1768,3522,21466,5216,21466,770,113
1767,3522,21467,5216,21467,770,113
1767,3522,21468,5216,21468,770,113
1767,3522,21469,5216,21469,770,113
1767,3522,21470,5216,21470,770,113
1767,3522,21471,5216,21471,770,113
1767,3522,21472,5216,21472,770,113
1767,3522,21473,5216,21473,770,113
1768,3522,21474,5216,21474,770,113
1767,3522,21475,5216,21475,770,113
1767,3522,21476,5216,21476,770,113
1767,3522,21477,5216,21477,770,113
1767,3522,21478,5216,21478,770,113
1768,3522,21479,5216,21479,770,113
1768,3522,21480,5216,21480,770,113
1768,3522,21481,5216,21481,770,113
1768,3522,21482,5216,21482,770,113
1768,3522,21483,5216,21483,770,113
1768,3522,21484,5216,21484,770,113
1768,3522,21485,5216,21485,770,113
1768,3522,21486,5216,21486,770,113
1768,3522,21487,5216,21487,770,113
1768,3522,21488,5216,21488,770,113
1767,3522,21489,5216,21489,770,113
1767,3522,21490,5216,21490,770,113
1767,3522,21491,5216,21491,770,113
1767,3522,21492,5216,21492,770,113
1767,3522,21493,5216,21493,770,113
1767,3522,21494,5216,21494,770,113
1768,3522,21495,5216,21495,770,113
1768,3522,21496,5216,21496,770,113
1768,3522,21497,5216,21497,770,113
1768,3522,21498,5216,21498,770,113
1768,3522,21499,5216,21499,770,113
1768,3522,21500,5216,21500,770,113
1768,3522,21501,5216,21501,770,113
1768,3522,21502,5216,21502,770,113
1768,3522,21503,5216,21503,770,113
1768,3522,21504,5216,21504,770,113
1768,3522,21505,5216,21505,770,113
1768,3522,21506,5216,21506,770,113
1768,3522,21507,5216,21507,770,113
1768,3522,21508,5216,21508,770,113
1768,3522,21509,5216,21509,770,113
1767,3522,21510,5216,21510,770,113
1767,3522,21511,5216,21511,770,113
1767,3522,21512,5216,21512,770,113
1766,3522,21513,5216,21513,770,113
1766,3522,21514,5216,21514,770,113
1767,3522,21515,5216,21515,770,113
1767,3522,21516,5216,21516,770,113
1767,3522,21517,5216,21517,770,113
1767,3522,21518,5216,21518,770,113
1767,3522,21519,5216,21519,770,113
1767,3522,21520,5216,21520,770,113
1767,3522,21521,5216,21521,770,113
1767,3522,21522,5216,21522,770,113
1766,3522,21523,5216,21523,770,113
1766,3522,21524,5216,21524,770,113
1766,3522,21525,5216,21525,770,113
1766,3522,21526,5216,21526,770,113
1766,3522,21527,5216,21527,770,113
1766,3522,21528,5216,21528,770,113
1766,3522,21529,5216,21529,770,113
1766,3522,21530,5216,21530,770,113
1767,3522,21531,5216,21531,770,113
1767,3522,21532,5216,21532,770,113
1767,3522,21533,5216,21533,770,113
1767,3522,21534,5216,21534,770,113
1767,3522,21535,5216,21535,770,113
1765,3522,21536,5216,21536,770,113
1765,3522,21537,5216,21537,770,113
1765,3522,21538,5216,21538,770,113
1764,3522,21539,5216,21539,770,113
1764,3522,21540,5216,21540,770,113
1764,3522,21541,5216,21541,770,113
1765,3522,21542,5216,21542,770,113
1765,3522,21543,5216,21543,770,113
1765,3522,21544,5216,21544,770,113
1765,3522,21545,5216,21545,770,113
1765,3522,21546,5216,21546,770,113
1765,3522,21547,5216,21547,770,113
1765,3522,21548,5216,21548,770,113
1765,3522,21549,5216,21549,770,113
1765,3522,21550,5216,21550,770,113
1765,3522,21551,5216,21551,770,113
1765,3522,21552,5216,21552,770,113
1765,3522,21553,5216,21553,770,113
1765,3522,21554,5216,21554,770,113
1765,3522,21555,5216,21555,770,113
1765,3522,21556,5216,21556,770,113
1765,3522,21557,5216,21557,770,113
1765,3522,21558,5216,21558,770,113
1765,3522,21559,5216,21559,770,113
1765,3522,21560,5216,21560,770,113
1765,3522,21561,5216,21561,770,113
1765,3522,21562,5216,21562,770,113
1765,3522,21563,5216,21563,770,113
1765,3522,21564,5216,21564,770,113
1765,3522,21565,5216,21565,770,113
1765,3522,21566,5216,21566,770,113
1765,3522,21567,5216,21567,770,113
1764,3522,21568,5216,21568,770,113
1764,3522,21569,5216,21569,770,113
1765,3522,21570,5216,21570,770,113
1765,3522,21571,5216,21571,770,113
1766,3522,21572,5216,21572,770,113
1766,3522,21573,5216,21573,770,113
1767,3522,21574,5216,21574,770,113
1767,3522,21575,5216,21575,770,113
1767,3522,21576,5216,21576,770,113
1767,3522,21577,5216,21577,770,113
1767,3522,21578,5216,21578,770,113
1767,3522,21579,5216,21579,770,113
1767,3522,21580,5216,21580,770,113
1767,3522,21581,5216,21581,770,113
1768,3522,21582,5216,21582,770,113
1768,3522,21583,5216,21583,770,113
1768,3522,21584,5216,21584,770,113
1768,3522,21585,5216,21585,770,113
1767,3522,21586,5216,21586,770,113
1767,3522,21587,5216,21587,770,113
1766,3522,21588,5216,21588,770,113
1766,3522,21589,5216,21589,770,113
1766,3522,21590,5216,21590,770,113
1766,3522,21591,5216,21591,770,113
1766,3522,21592,5216,21592,770,113
1766,3522,21593,5216,21593,770,113
1766,3522,21594,5216,21594,770,113
1765,3522,21595,5216,21595,770,112
1765,3522,21596,5216,21596,770,112
1765,3522,21597,5216,21597,770,112
1765,3522,21598,5216,21598,770,112
1764,3522,21599,5216,21599,770,112
1764,3522,21600,5216,21600,770,112
1764,3522,21601,5216,21601,770,112
1764,3522,21602,5216,21602,770,112
1764,3522,21603,5216,21603,770,112
1764,3522,21604,5216,21604,770,112
1764,3522,21605,5216,21605,770,112
1764,3522,21606,5216,21606,770,112
1764,3522,21607,5216,21607,770,112
1764,3522,21608,5216,21608,770,112
1764,3522,21609,5216,21609,770,112
1764,3522,21610,5216,21610,770,112
1764,3522,21611,5216,21611,770,112
1765,3522,21612,5216,21612,770,112
1765,3522,21613,5216,21613,770,112
1765,3522,21614,5216,21614,770,112
1765,3522,21615,5216,21615,770,112
1765,3522,21616,5216,21616,770,112
1765,3522,21617,5216,21617,770,112
1765,3522,21618,5216,21618,770,112
1765,3522,21619,5216,21619,770,112
1765,3522,21620,5216,21620,770,112
1765,3522,21621,5216,21621,770,112
1765,3522,21622,5216,21622,770,112
1765,3522,21623,5216,21623,770,112
1765,3522,21624,5216,21624,770,112
1765,3522,21625,5216,21625,770,112
1765,3522,21626,5216,21626,770,112
1764,3522,21627,5216,21627,770,112
1765,3522,21628,5216,21628,770,112
1765,3522,21629,5216,21629,770,112
1765,3522,21630,5216,21630,770,112
1765,3522,21631,5216,21631,770,112
1765,3522,21632,5216,21632,770,112
1765,3522,21633,5216,21633,770,112
1764,3522,21634,5216,21634,770,112
1764,3522,21635,5216,21635,770,112
1764,3522,21636,5216,21636,770,112
1763,3522,21637,5216,21637,770,112
1763,3522,21638,5216,21638,770,112
1763,3522,21639,5216,21639,770,112
1763,3522,21640,5216,21640,770,112
1763,3522,21641,5216,21641,770,112
1763,3522,21642,5216,21642,770,112
1763,3522,21643,5216,21643,770,112
1763,3522,21644,5216,21644,770,112
1763,3522,21645,5216,21645,770,112
1762,3522,21646,5216,21646,770,112
1762,3522,21647,5216,21647,770,112
1762,3522,21648,5216,21648,770,112
1762,3522,21649,5216,21649,770,112
1762,3522,21650,5216,21650,770,112
1762,3522,21651,5216,21651,770,112
1762,3522,21652,5216,21652,770,112
1762,3522,21653,5216,21653,770,112
1762,3522,21654,5216,21654,770,112
1762,3522,21655,5216,21655,770,112
1763,3522,21656,5216,21656,770,112
1764,3522,21657,5216,21657,770,112
1764,3522,21658,5216,21658,770,112
1762,3522,21659,5216,21659,770,112
1762,3522,21660,5216,21660,770,112
1762,3522,21661,5216,21661,770,112
1762,3522,21662,5216,21662,770,112
1762,3522,21663,5216,21663,770,112
1762,3522,21664,5216,21664,770,112
1762,3522,21665,5216,21665,770,112
1761,3522,21666,5216,21666,770,112
1761,3522,21667,5216,21667,770,112
1762,3522,21668,5216,21668,770,112
1761,3522,21669,5216,21669,770,112
1761,3522,21670,5216,21670,770,112
1761,3522,21671,5216,21671,770,112
1761,3522,21672,5216,21672,770,112
1761,3522,21673,5216,21673,770,112
1761,3522,21674,5216,21674,770,112
1761,3522,21675,5216,21675,770,112
1761,3522,21676,5216,21676,770,112
1761,3522,21677,5216,21677,770,112
1762,3522,21678,5216,21678,770,112
1762,3522,21679,5216,21679,770,112
1763,3522,21680,5216,21680,770,112
1763,3522,21681,5216,21681,770,112
1763,3522,21682,5216,21682,770,112
1763,3522,21683,5216,21683,770,112
1764,3522,21684,5216,21684,770,112
1764,3522,21685,5216,21685,770,112
1764,3522,21686,5216,21686,770,112
1764,3522,21687,5216,21687,770,112
1764,3522,21688,5216,21688,770,112
1764,3522,21689,5216,21689,770,112
1764,3522,21690,5216,21690,770,112
1763,3522,21691,5216,21691,770,112
1763,3522,21692,5216,21692,770,112
1763,3522,21693,5216,21693,770,112
1763,3522,21694,5216,21694,770,112
1763,3522,21695,5216,21695,770,112
1764,3522,21696,5216,21696,770,112
1764,3522,21697,5216,21697,770,112
1764,3522,21698,5216,21698,770,112
1764,3522,21699,5216,21699,770,112
1764,3522,21700,5216,21700,770,112
1764,3522,21701,5216,21701,770,112
1764,3522,21702,5216,21702,770,112
1764,3522,21703,5216,21703,770,112
1764,3522,21704,5216,21704,770,112
1764,3522,21705,5216,21705,770,112
1764,3522,21706,5216,21706,770,112
1764,3522,21707,5216,21707,770,112
1764,3522,21708,5216,21708,770,112
1764,3522,21709,5216,21709,770,112
1764,3522,21710,5216,21710,770,112
1764,3522,21711,5216,21711,770,112
1764,3522,21712,5216,21712,770,112
1764,3522,21713,5216,21713,770,112
1765,3522,21714,5216,21714,770,112
1765,3522,21715,5216,21715,770,112
1765,3522,21716,5216,21716,770,112
1765,3522,21717,5216,21717,770,112
1766,3522,21718,5216,21718,770,112
1766,3522,21719,5216,21719,770,112
1767,3522,21720,5216,21720,770,112
1767,3522,21721,5216,21721,770,112
1768,3522,21722,5216,21722,770,112
1768,3522,21723,5216,21723,770,112
1767,3522,21724,5216,21724,770,112
1768,3522,21725,5216,21725,770,112
1768,3522,21726,5216,21726,770,112
1768,3522,21727,5216,21727,770,112
1768,3522,21728,5216,21728,770,112
1768,3522,21729,5216,21729,770,112
1767,3522,21730,5216,21730,770,111
1767,3522,21731,5216,21731,770,111
1767,3522,21732,5216,21732,770,111
1767,3522,21733,5216,21733,770,111
1767,3522,21734,5216,21734,770,111
1767,3522,21735,5216,21735,770,111
1767,3522,21736,5216,21736,770,111
1767,3522,21737,5216,21737,770,111
1767,3522,21738,5216,21738,770,111
1767,3522,21739,5216,21739,770,111
1767,3522,21740,5216,21740,770,111
1767,3522,21741,5216,21741,770,111
1767,3522,21742,5216,21742,770,111
1767,3522,21743,5216,21743,770,111
1767,3522,21744,5216,21744,770,111
1768,3522,21745,5216,21745,770,111
1768,3522,21746,5216,21746,770,111
1768,3522,21747,5216,21747,770,111
1768,3522,21748,5216,21748,770,111
1768,3522,21749,5216,21749,770,111
1768,3522,21750,5216,21750,770,111
1768,3522,21751,5216,21751,770,111
1768,3522,21752,5216,21752,770,111
1768,3522,21753,5216,21753,770,111
1768,3522,21754,5216,21754,770,111
1768,3522,21755,5216,21755,770,111
1768,3522,21756,5216,21756,770,111
1768,3522,21757,5216,21757,770,111
1768,3522,21758,5216,21758,770,111
1768,3522,21759,5216,21759,770,111
1767,3522,21760,5216,21760,770,111
1767,3522,21761,5216,21761,770,111
1767,3522,21762,5216,21762,770,111
1767,3522,21763,5216,21763,770,111
1768,3522,21764,5216,21764,770,111
1768,3522,21765,5216,21765,770,111
1768,3522,21766,5216,21766,770,111
1768,3522,21767,5216,21767,770,111
1768,3522,21768,5216,21768,770,111
1768,3522,21769,5216,21769,770,111
1768,3522,21770,5216,21770,770,111
1768,3522,21771,5216,21771,770,111
1768,3522,21772,5216,21772,770,111
1767,3522,21773,5216,21773,770,111
1767,3522,21774,5216,21774,770,111
1767,3522,21775,5216,21775,770,111
1767,3522,21776,5216,21776,770,111
1766,3522,21777,5216,21777,770,111
1766,3522,21778,5216,21778,770,111
1766,3522,21779,5216,21779,770,111
1766,3522,21780,5216,21780,770,111
1766,3522,21781,5216,21781,770,111
1765,3522,21782,5216,21782,770,111
1765,3522,21783,5216,21783,770,111
1764,3522,21784,5216,21784,770,111
1764,3522,21785,5216,21785,770,111
1764,3522,21786,5216,21786,770,111
1764,3522,21787,5216,21787,770,111
1764,3522,21788,5216,21788,770,111
1764,3522,21789,5216,21789,770,111
1764,3522,21790,5216,21790,770,111
1763,3522,21791,5216,21791,770,111
1762,3522,21792,5216,21792,770,111
1763,3522,21793,5216,21793,770,111
1763,3522,21794,5216,21794,770,111
1763,3522,21795,5216,21795,770,111
1763,3522,21796,5216,21796,770,111
1763,3522,21797,5216,21797,770,111
1763,3522,21798,5216,21798,770,111
1763,3522,21799,5216,21799,770,111
1763,3522,21800,5216,21800,770,111
1763,3522,21801,5216,21801,770,111
1763,3522,21802,5216,21802,770,111
1763,3522,21803,5216,21803,770,111
1762,3522,21804,5216,21804,770,111
1762,3522,21805,5216,21805,770,111
1762,3522,21806,5216,21806,770,111
1762,3522,21807,5216,21807,770,111
1763,3522,21808,5216,21808,770,111
1763,3522,21809,5216,21809,770,111
1762,3522,21810,5216,21810,770,111
1762,3522,21811,5216,21811,770,111
1762,3522,21812,5216,21812,770,111
1763,3522,21813,5216,21813,770,111
1763,3522,21814,5216,21814,770,111
1763,3522,21815,5216,21815,770,111
1763,3522,21816,5216,21816,770,111
1763,3522,21817,5216,21817,770,111
1764,3522,21818,5216,21818,770,111
1764,3522,21819,5216,21819,770,111
1764,3522,21820,5216,21820,770,111
1764,3522,21821,5216,21821,770,111
1764,3522,21822,5216,21822,770,111
1764,3522,21823,5216,21823,770,111
1764,3522,21824,5216,21824,770,111
1764,3522,21825,5216,21825,770,111
1764,3522,21826,5216,21826,770,111
1764,3522,21827,5216,21827,770,111
1764,3522,21828,5216,21828,770,111
1764,3522,21829,5216,21829,770,111
1764,3522,21830,5216,21830,770,111
1764,3522,21831,5216,21831,770,111
1764,3522,21832,5216,21832,770,111
1764,3522,21833,5216,21833,770,111
1764,3522,21834,5216,21834,770,111
1764,3522,21835,5216,21835,770,111
1764,3522,21836,5216,21836,770,111
1764,3522,21837,5216,21837,770,111
1764,3522,21838,5216,21838,770,111
1764,3522,21839,5216,21839,770,111
1765,3522,21840,5216,21840,770,111
1764,3522,21841,5216,21841,770,111
1764,3522,21842,5216,21842,770,111
1764,3522,21843,5216,21843,770,111
1764,3522,21844,5216,21844,770,111
1764,3522,21845,5216,21845,770,111
1764,3522,21846,5216,21846,770,111
1764,3522,21847,5216,21847,770,111
1764,3522,21848,5216,21848,770,111
1764,3522,21849,5216,21849,770,111
1764,3522,21850,5216,21850,770,111
1764,3522,21851,5216,21851,770,111
1764,3522,21852,5216,21852,770,111
1764,3522,21853,5216,21853,770,111
1764,3522,21854,5216,21854,770,111
1764,3522,21855,5216,21855,770,111
1764,3522,21856,5216,21856,770,111
1764,3522,21857,5216,21857,770,111
1764,3522,21858,5216,21858,770,111
1764,3522,21859,5216,21859,770,111
1765,3522,21860,5216,21860,770,111
1765,3522,21861,5216,21861,770,111
1765,3522,21862,5216,21862,770,111
1765,3522,21863,5216,21863,770,111
1765,3522,21864,5216,21864,770,111
1765,3522,21865,5216,21865,770,111
1765,3522,21866,5216,21866,770,111
1765,3522,21867,5216,21867,770,111
1765,3522,21868,5216,21868,770,111
1765,3522,21869,5216,21869,770,111
1764,3522,21870,5216,21870,770,111
1764,3522,21871,5216,21871,770,111
1764,3522,21872,5216,21872,770,111
1764,3522,21873,5216,21873,770,111
1764,3522,21874,5216,21874,770,111
1764,3522,21875,5216,21875,770,111
1764,3522,21876,5216,21876,770,111
1764,3522,21877,5216,21877,770,111
1763,3522,21878,5216,21878,770,111
1763,3522,21879,5216,21879,770,111
1763,3522,21880,5216,21880,770,111
1763,3522,21881,5216,21881,770,111
1763,3522,21882,5216,21882,770,111
1763,3522,21883,5216,21883,770,111
1763,3522,21884,5216,21884,770,111
1764,3522,21885,5216,21885,770,111
1764,3522,21886,5216,21886,770,111
1764,3522,21887,5216,21887,770,111
1764,3522,21888,5216,21888,770,111
1764,3522,21889,5216,21889,770,111
1764,3522,21890,5216,21890,770,111
1765,3522,21891,5216,21891,770,111
1764,3522,21892,5216,21892,770,111
1763,3522,21893,5216,21893,770,111
1763,3522,21894,5216,21894,770,111
1763,3522,21895,5216,21895,770,111
1762,3522,21896,5216,21896,770,111
1762,3522,21897,5216,21897,770,111
1762,3522,21898,5216,21898,770,111
1762,3522,21899,5216,21899,770,111
1762,3522,21900,5216,21900,770,111
1762,3522,21901,5216,21901,770,111
1761,3522,21902,5216,21902,770,111
1761,3522,21903,5216,21903,770,111
1761,3522,21904,5216,21904,770,111
1761,3522,21905,5216,21905,770,111
1761,3522,21906,5216,21906,770,111
1761,3522,21907,5216,21907,770,111
1761,3522,21908,5216,21908,770,111
1761,3522,21909,5216,21909,770,111
1761,3522,21910,5216,21910,770,111
1761,3522,21911,5216,21911,770,111
1761,3522,21912,5216,21912,770,111
1761,3522,21913,5216,21913,770,111
1761,3522,21914,5216,21914,770,111
1760,3522,21915,5216,21915,770,111
1760,3522,21916,5216,21916,770,111
1760,3522,21917,5216,21917,770,111
1760,3522,21918,5216,21918,770,111
1760,3522,21919,5216,21919,770,111
1759,3522,21920,5216,21920,770,111
1759,3522,21921,5216,21921,770,111
1758,3522,21922,5216,21922,770,111
1756,3522,21923,5216,21923,770,110
1757,3522,21924,5216,21924,770,110
1757,3522,21925,5216,21925,770,110
1757,3522,21926,5216,21926,770,110
1757,3522,21927,5216,21927,770,110
1757,3522,21928,5216,21928,770,110
1757,3522,21929,5216,21929,770,110
1757,3522,21930,5216,21930,770,110
1757,3522,21931,5216,21931,770,110
1757,3522,21932,5216,21932,770,110
1758,3522,21933,5216,21933,770,110
1758,3522,21934,5216,21934,770,110
1757,3522,21935,5216,21935,770,110
1757,3522,21936,5216,21936,770,110
1757,3522,21937,5216,21937,770,110
1757,3522,21938,5216,21938,770,110
1757,3522,21939,5216,21939,770,110
1757,3522,21940,5216,21940,770,110
1757,3522,21941,5216,21941,770,110
1755,3522,21942,5216,21942,770,110
1755,3522,21943,5216,21943,770,110
1755,3522,21944,5216,21944,770,110
1755,3522,21945,5216,21945,770,110
1755,3522,21946,5216,21946,770,110
1755,3522,21947,5216,21947,770,110
1755,3522,21948,5216,21948,770,110
1756,3522,21949,5216,21949,770,110
1756,3522,21950,5216,21950,770,110
1756,3522,21951,5216,21951,770,110
1756,3522,21952,5216,21952,770,110
1756,3522,21953,5216,21953,770,110
1756,3522,21954,5216,21954,770,110
1756,3522,21955,5216,21955,770,110
1756,3522,21956,5216,21956,770,110
1756,3522,21957,5216,21957,770,110
1756,3522,21958,5216,21958,770,110
1756,3522,21959,5216,21959,770,110
1756,3522,21960,5216,21960,770,110
1756,3522,21961,5216,21961,770,110
1756,3522,21962,5216,21962,770,110
1756,3522,21963,5216,21963,770,110
1756,3522,21964,5216,21964,770,110
1756,3522,21965,5216,21965,770,110
1756,3522,21966,5216,21966,770,110
1756,3522,21967,5216,21967,770,110
1756,3522,21968,5216,21968,770,110
1756,3522,21969,5216,21969,770,110
1756,3522,21970,5216,21970,770,110
1756,3522,21971,5216,21971,770,110
1756,3522,21972,5216,21972,770,110
1756,3522,21973,5216,21973,770,110
1756,3522,21974,5216,21974,770,110
1756,3522,21975,5216,21975,770,110
1756,3522,21976,5216,21976,770,110
1756,3522,21977,5216,21977,770,110
1756,3522,21978,5216,21978,770,110
1756,3522,21979,5216,21979,770,110
1755,3522,21980,5216,21980,770,110
1755,3522,21981,5216,21981,770,110
1755,3522,21982,5216,21982,770,110
1755,3522,21983,5216,21983,770,110
1755,3522,21984,5216,21984,770,110
1755,3522,21985,5216,21985,770,110
1755,3522,21986,5216,21986,770,110
1755,3522,21987,5216,21987,770,110
1756,3522,21988,5216,21988,770,110
1756,3522,21989,5216,21989,770,110
1755,3522,21990,5216,21990,770,110
1755,3522,21991,5216,21991,770,110
1755,3522,21992,5216,21992,770,110
1755,3522,21993,5216,21993,770,110
1755,3522,21994,5216,21994,770,110
1755,3522,21995,5216,21995,770,110
1755,3522,21996,5216,21996,770,110
1755,3522,21997,5216,21997,770,110
1755,3522,21998,5216,21998,770,110
1755,3522,21999,5216,21999,770,110
1755,3522,22000,5216,22000,770,110
1755,3522,22001,5216,22001,770,110
1755,3522,22002,5216,22002,770,110
1755,3522,22003,5216,22003,770,110
1755,3522,22004,5216,22004,770,110
1755,3522,22005,5216,22005,770,110
1755,3522,22006,5216,22006,770,110
1755,3522,22007,5216,22007,770,110
1755,3522,22008,5216,22008,770,110
1755,3522,22009,5216,22009,770,110
1755,3522,22010,5216,22010,770,110
1755,3522,22011,5216,22011,770,110
1755,3522,22012,5216,22012,770,110
1755,3522,22013,5216,22013,770,110
1755,3522,22014,5216,22014,770,110
1755,3522,22015,5216,22015,770,110
1755,3522,22016,5216,22016,770,110
1754,3522,22017,5216,22017,770,110
1754,3522,22018,5216,22018,770,110
1752,3522,22019,5216,22019,770,108
1752,3522,22020,5216,22020,770,108
1752,3522,22021,5216,22021,770,108
1752,3522,22022,5216,22022,770,108
1752,3522,22023,5216,22023,770,108
1752,3522,22024,5216,22024,770,108
1752,3522,22025,5216,22025,770,108
1752,3522,22026,5216,22026,770,108
1752,3522,22027,5216,22027,770,108
1752,3522,22028,5216,22028,770,108
1752,3522,22029,5216,22029,770,108
1752,3522,22030,5216,22030,770,108
1752,3522,22031,5216,22031,770,108
1753,3522,22032,5216,22032,770,108
1753,3522,22033,5216,22033,770,108
1753,3522,22034,5216,22034,770,108
1753,3522,22035,5216,22035,770,108
1753,3522,22036,5216,22036,770,108
1753,3522,22037,5216,22037,770,108
1752,3522,22038,5216,22038,770,108
1752,3522,22039,5216,22039,770,108
1752,3522,22040,5216,22040,770,108
1752,3522,22041,5216,22041,770,108
1752,3522,22042,5216,22042,770,108
1752,3522,22043,5216,22043,770,108
1752,3522,22044,5216,22044,770,108
1752,3522,22045,5216,22045,770,108
1752,3522,22046,5216,22046,770,108
1752,3522,22047,5216,22047,770,108
1752,3522,22048,5216,22048,770,108
1752,3522,22049,5216,22049,770,108
1752,3522,22050,5216,22050,770,108
1752,3522,22051,5216,22051,770,108
1752,3522,22052,5216,22052,770,108
1752,3522,22053,5216,22053,770,108
1752,3522,22054,5216,22054,770,108
1751,3522,22055,5216,22055,770,108
1751,3522,22056,5216,22056,770,108
1751,3522,22057,5216,22057,770,108
1750,3522,22058,5216,22058,770,108
1750,3522,22059,5216,22059,770,108
1750,3522,22060,5216,22060,770,108
1750,3522,22061,5216,22061,770,108
1750,3522,22062,5216,22062,770,108
1751,3522,22063,5216,22063,770,108
1751,3522,22064,5216,22064,770,108
1751,3522,22065,5216,22065,770,108
1751,3522,22066,5216,22066,770,108
1751,3522,22067,5216,22067,770,108
1750,3522,22068,5216,22068,770,107
1750,3522,22069,5216,22069,770,107
1750,3522,22070,5216,22070,770,107
1750,3522,22071,5216,22071,770,107
1750,3522,22072,5216,22072,770,107
1750,3522,22073,5216,22073,770,107
1750,3522,22074,5216,22074,770,107
1750,3522,22075,5216,22075,770,107
1751,3522,22076,5216,22076,770,107
1751,3522,22077,5216,22077,770,107
1751,3522,22078,5216,22078,770,107
1751,3522,22079,5216,22079,770,107
1751,3522,22080,5216,22080,770,107
1751,3522,22081,5216,22081,770,107
1751,3522,22082,5216,22082,770,107
1751,3522,22083,5216,22083,770,107
1751,3522,22084,5216,22084,770,107
1751,3522,22085,5216,22085,770,107
1751,3522,22086,5216,22086,770,107
1751,3522,22087,5216,22087,770,107
1751,3522,22088,5216,22088,770,107
1752,3522,22089,5216,22089,770,107
1752,3522,22090,5216,22090,770,107
1752,3522,22091,5216,22091,770,107
1752,3522,22092,5216,22092,770,107
1752,3522,22093,5216,22093,770,107
1752,3522,22094,5216,22094,770,107
1752,3522,22095,5216,22095,770,107
1752,3522,22096,5216,22096,770,107
1752,3522,22097,5216,22097,770,107
1753,3522,22098,5216,22098,770,107
1753,3522,22099,5216,22099,770,107
1752,3522,22100,5216,22100,770,107
1752,3522,22101,5216,22101,770,107
1752,3522,22102,5216,22102,770,107
1752,3522,22103,5216,22103,770,107
1752,3522,22104,5216,22104,770,107
1752,3522,22105,5216,22105,770,107
1753,3522,22106,5216,22106,770,107
1753,3522,22107,5216,22107,770,107
1753,3522,22108,5216,22108,770,107
1753,3522,22109,5216,22109,770,107
1753,3522,22110,5216,22110,770,107
1753,3522,22111,5216,22111,770,107
1753,3522,22112,5216,22112,770,107
1753,3522,22113,5216,22113,770,107
1753,3522,22114,5216,22114,770,107
1752,3522,22115,5216,22115,770,107
1752,3522,22116,5216,22116,770,107
1752,3522,22117,5216,22117,770,107
1752,3522,22118,5216,22118,770,107
1751,3522,22119,5216,22119,770,107
1750,3522,22120,5216,22120,770,107
1750,3522,22121,5216,22121,770,107
1750,3522,22122,5216,22122,770,107
1750,3522,22123,5216,22123,770,107
1750,3522,22124,5216,22124,770,107
1750,3522,22125,5216,22125,770,107
1750,3522,22126,5216,22126,770,107
1749,3522,22127,5216,22127,770,107
1749,3522,22128,5216,22128,770,107
1749,3522,22129,5216,22129,770,107
1749,3522,22130,5216,22130,770,107
1749,3522,22131,5216,22131,770,107
1749,3522,22132,5216,22132,770,107
1747,3522,22133,5216,22133,770,107
1748,3522,22134,5216,22134,770,107
1748,3522,22135,5216,22135,770,107
1748,3522,22136,5216,22136,770,107
1748,3522,22137,5216,22137,770,107
1748,3522,22138,5216,22138,770,107
1748,3522,22139,5216,22139,770,107
1748,3522,22140,5216,22140,770,107
1748,3522,22141,5216,22141,770,107
1748,3522,22142,5216,22142,770,107
1748,3522,22143,5216,22143,770,107
1748,3522,22144,5216,22144,770,107
1749,3522,22145,5216,22145,770,107
1749,3522,22146,5216,22146,770,107
1749,3522,22147,5216,22147,770,107
1748,3522,22148,5216,22148,770,107
1748,3522,22149,5216,22149,770,107
1748,3522,22150,5216,22150,770,107
1748,3522,22151,5216,22151,770,107
1748,3522,22152,5216,22152,770,107
1748,3522,22153,5216,22153,770,107
1748,3522,22154,5216,22154,770,107
1748,3522,22155,5216,22155,770,107
1748,3522,22156,5216,22156,770,107
1748,3522,22157,5216,22157,770,107
1748,3522,22158,5216,22158,770,107
1749,3522,22159,5216,22159,770,107
1749,3522,22160,5216,22160,770,107
1749,3522,22161,5216,22161,770,107
1749,3522,22162,5216,22162,770,107
1749,3522,22163,5216,22163,770,107
1749,3522,22164,5216,22164,770,107
1749,3522,22165,5216,22165,770,107
1749,3522,22166,5216,22166,770,107
1749,3522,22167,5216,22167,770,107
1749,3522,22168,5216,22168,770,107
1749,3522,22169,5216,22169,770,107
1749,3522,22170,5216,22170,770,107
1749,3522,22171,5216,22171,770,107
1749,3522,22172,5216,22172,770,107
1749,3522,22173,5216,22173,770,107
1749,3522,22174,5216,22174,770,107
1749,3522,22175,5216,22175,770,107
1749,3522,22176,5216,22176,770,107
1750,3522,22177,5216,22177,770,107
1750,3522,22178,5216,22178,770,107
1750,3522,22179,5216,22179,770,107
1750,3522,22180,5216,22180,770,107
1750,3522,22181,5216,22181,770,107
1750,3522,22182,5216,22182,770,107
1750,3522,22183,5216,22183,770,107
1750,3522,22184,5216,22184,770,107
1750,3522,22185,5216,22185,770,107
1750,3522,22186,5216,22186,770,107
1750,3522,22187,5216,22187,770,107
1750,3522,22188,5216,22188,770,107
1749,3522,22189,5216,22189,770,107
1749,3522,22190,5216,22190,770,107
1749,3522,22191,5216,22191,770,107
1748,3522,22192,5216,22192,770,107
1748,3522,22193,5216,22193,770,107
1748,3522,22194,5216,22194,770,107
1748,3522,22195,5216,22195,770,107
1748,3522,22196,5216,22196,770,107
1749,3522,22197,5216,22197,770,107
1749,3522,22198,5216,22198,770,107
1749,3522,22199,5216,22199,770,107
1749,3522,22200,5216,22200,770,107
1750,3522,22201,5216,22201,770,107
1750,3522,22202,5216,22202,770,107
1750,3522,22203,5216,22203,770,107
1751,3522,22204,5216,22204,770,107
1751,3522,22205,5216,22205,770,107
1751,3522,22206,5216,22206,770,107
1752,3522,22207,5216,22207,770,107
1752,3522,22208,5216,22208,770,107
1752,3522,22209,5216,22209,770,107
1751,3522,22210,5216,22210,770,107
1751,3522,22211,5216,22211,770,107
1751,3522,22212,5216,22212,770,107
1750,3522,22213,5216,22213,770,107
1750,3522,22214,5216,22214,770,107
1750,3522,22215,5216,22215,770,107
1750,3522,22216,5216,22216,770,107
1750,3522,22217,5216,22217,770,107
1750,3522,22218,5216,22218,770,107
1750,3522,22219,5216,22219,770,107
1750,3522,22220,5216,22220,770,107
1750,3522,22221,5216,22221,770,107
1750,3522,22222,5216,22222,770,107
1749,3522,22223,5216,22223,770,107
1748,3522,22224,5216,22224,770,107
1748,3522,22225,5216,22225,770,107
1748,3522,22226,5216,22226,770,107
1747,3522,22227,5216,22227,770,107
1747,3522,22228,5216,22228,770,107
1747,3522,22229,5216,22229,770,107
1747,3522,22230,5216,22230,770,107
1747,3522,22231,5216,22231,770,107
1748,3522,22232,5216,22232,770,107
1748,3522,22233,5216,22233,770,107
1748,3522,22234,5216,22234,770,107
1747,3522,22235,5216,22235,770,107
1747,3522,22236,5216,22236,770,107
1748,3522,22237,5216,22237,770,107
1748,3522,22238,5216,22238,770,107
1748,3522,22239,5216,22239,770,107
1748,3522,22240,5216,22240,770,107
1748,3522,22241,5216,22241,770,107
1748,3522,22242,5216,22242,770,107
1748,3522,22243,5216,22243,770,107
1748,3522,22244,5216,22244,770,107
1747,3522,22245,5216,22245,770,107
1747,3522,22246,5216,22246,770,107
1747,3522,22247,5216,22247,770,107
1748,3522,22248,5216,22248,770,107
1748,3522,22249,5216,22249,770,107
1748,3522,22250,5216,22250,770,107
1748,3522,22251,5216,22251,770,107
1748,3522,22252,5216,22252,770,107
1748,3522,22253,5216,22253,770,107
1748,3522,22254,5216,22254,770,107
1748,3522,22255,5216,22255,770,107
1748,3522,22256,5216,22256,770,107
1748,3522,22257,5216,22257,770,107
1748,3522,22258,5216,22258,770,107
1748,3522,22259,5216,22259,770,107
1748,3522,22260,5216,22260,770,107
1747,3522,22261,5216,22261,770,107
1747,3522,22262,5216,22262,770,107
1747,3522,22263,5216,22263,770,107
1747,3522,22264,5216,22264,770,107
1747,3522,22265,5216,22265,770,107
1747,3522,22266,5216,22266,770,107
1747,3522,22267,5216,22267,770,107
1747,3522,22268,5216,22268,770,107
1746,3522,22269,5216,22269,770,106
1746,3522,22270,5216,22270,770,106
1746,3522,22271,5216,22271,770,106
1746,3522,22272,5216,22272,770,106
1746,3522,22273,5216,22273,770,106
1746,3522,22274,5216,22274,770,106
1747,3522,22275,5216,22275,770,106
1747,3522,22276,5216,22276,770,106
1747,3522,22277,5216,22277,770,106
1747,3522,22278,5216,22278,770,106
1747,3522,22279,5216,22279,770,106
1747,3522,22280,5216,22280,770,106
1747,3522,22281,5216,22281,770,106
1747,3522,22282,5216,22282,770,106
1747,3522,22283,5216,22283,770,106
1747,3522,22284,5216,22284,770,106
1747,3522,22285,5216,22285,770,106
1747,3522,22286,5216,22286,770,106
1747,3522,22287,5216,22287,770,106
1747,3522,22288,5216,22288,770,106
1747,3522,22289,5216,22289,770,106
1747,3522,22290,5216,22290,770,106
1747,3522,22291,5216,22291,770,106
1747,3522,22292,5216,22292,770,106
1747,3522,22293,5216,22293,770,106
1747,3522,22294,5216,22294,770,106
1747,3522,22295,5216,22295,770,106
1747,3522,22296,5216,22296,770,106
1747,3522,22297,5216,22297,770,106
1747,3522,22298,5216,22298,770,106
1747,3522,22299,5216,22299,770,106
1747,3522,22300,5216,22300,770,106
1747,3522,22301,5216,22301,770,106
1747,3522,22302,5216,22302,770,106
1747,3522,22303,5216,22303,770,106
1747,3522,22304,5216,22304,770,106
1748,3522,22305,5216,22305,770,106
1748,3522,22306,5216,22306,770,106
1748,3522,22307,5216,22307,770,106
1748,3522,22308,5216,22308,770,106
1748,3522,22309,5216,22309,770,106
1748,3522,22310,5216,22310,770,106
1748,3522,22311,5216,22311,770,106
1748,3522,22312,5216,22312,770,106
1748,3522,22313,5216,22313,770,106
1748,3522,22314,5216,22314,770,106
1748,3522,22315,5216,22315,770,106
1748,3522,22316,5216,22316,770,106
1748,3522,22317,5216,22317,770,106
1748,3522,22318,5216,22318,770,106
1748,3522,22319,5216,22319,770,106
1747,3522,22320,5216,22320,770,105
1746,3522,22321,5216,22321,770,105
1746,3522,22322,5216,22322,770,105
1746,3522,22323,5216,22323,770,105
1746,3522,22324,5216,22324,770,105
1746,3522,22325,5216,22325,770,105
1745,3522,22326,5216,22326,770,105
1745,3522,22327,5216,22327,770,105
1745,3522,22328,5216,22328,770,105
1745,3522,22329,5216,22329,770,105
1745,3522,22330,5216,22330,770,105
1743,3522,22331,5216,22331,770,105
1742,3522,22332,5216,22332,770,105
1742,3522,22333,5216,22333,770,105
1742,3522,22334,5216,22334,770,105
1742,3522,22335,5216,22335,770,105
1742,3522,22336,5216,22336,770,105
1741,3522,22337,5216,22337,770,105
1741,3522,22338,5216,22338,770,105
1741,3522,22339,5216,22339,770,105
1741,3522,22340,5216,22340,770,105
1741,3522,22341,5216,22341,770,105
1741,3522,22342,5216,22342,770,105
1740,3522,22343,5216,22343,770,105
1740,3522,22344,5216,22344,770,105
1740,3522,22345,5216,22345,770,105
1740,3522,22346,5216,22346,770,105
1740,3522,22347,5216,22347,770,105
1740,3522,22348,5216,22348,770,105
1740,3522,22349,5216,22349,770,105
1740,3522,22350,5216,22350,770,105
1740,3522,22351,5216,22351,770,105
1740,3522,22352,5216,22352,770,105
1740,3522,22353,5216,22353,770,105
1740,3522,22354,5216,22354,770,105
1740,3522,22355,5216,22355,770,105
1740,3522,22356,5216,22356,770,105
1740,3522,22357,5216,22357,770,105
1740,3522,22358,5216,22358,770,105
1739,3522,22359,5216,22359,770,105
1739,3522,22360,5216,22360,770,105
1739,3522,22361,5216,22361,770,105
1739,3522,22362,5216,22362,770,105
1740,3522,22363,5216,22363,770,105
1740,3522,22364,5216,22364,770,105
1740,3522,22365,5216,22365,770,105
1740,3522,22366,5216,22366,770,105
1740,3522,22367,5216,22367,770,105
1740,3522,22368,5216,22368,770,105
1740,3522,22369,5216,22369,770,105
1741,3522,22370,5216,22370,770,105
1741,3522,22371,5216,22371,770,105
1741,3522,22372,5216,22372,770,105
1741,3522,22373,5216,22373,770,105
1741,3522,22374,5216,22374,770,105
1741,3522,22375,5216,22375,770,105
1741,3522,22376,5216,22376,770,105
1741,3522,22377,5216,22377,770,105
1741,3522,22378,5216,22378,770,105
1741,3522,22379,5216,22379,770,105
1740,3522,22380,5216,22380,770,105
1740,3522,22381,5216,22381,770,105
1740,3522,22382,5216,22382,770,105
1740,3522,22383,5216,22383,770,105
1740,3522,22384,5216,22384,770,105
1740,3522,22385,5216,22385,770,105
1740,3522,22386,5216,22386,770,105
1740,3522,22387,5216,22387,770,105
1741,3522,22388,5216,22388,770,105
1741,3522,22389,5216,22389,770,105
1741,3522,22390,5216,22390,770,105
1741,3522,22391,5216,22391,770,105
1741,3522,22392,5216,22392,770,105
1741,3522,22393,5216,22393,770,105
1741,3522,22394,5216,22394,770,105
1741,3522,22395,5216,22395,770,105
1741,3522,22396,5216,22396,770,105
1741,3522,22397,5216,22397,770,105
1741,3522,22398,5216,22398,770,105
1741,3522,22399,5216,22399,770,105
1741,3522,22400,5216,22400,770,105
1741,3522,22401,5216,22401,770,105
1741,3522,22402,5216,22402,770,105
1741,3522,22403,5216,22403,770,105
1741,3522,22404,5216,22404,770,105
1742,3522,22405,5216,22405,770,105
1742,3522,22406,5216,22406,770,105
1743,3522,22407,5216,22407,770,105
1743,3522,22408,5216,22408,770,105
1743,3522,22409,5216,22409,770,105
1743,3522,22410,5216,22410,770,105
1742,3522,22411,5216,22411,770,105
1743,3522,22412,5216,22412,770,105
1743,3522,22413,5216,22413,770,105
1743,3522,22414,5216,22414,770,105
1744,3522,22415,5216,22415,770,105
1744,3522,22416,5216,22416,770,105
1744,3522,22417,5216,22417,770,105
1744,3522,22418,5216,22418,770,105
1744,3522,22419,5216,22419,770,105
1742,3522,22420,5216,22420,770,103
1742,3522,22421,5216,22421,770,103
1742,3522,22422,5216,22422,770,103
1742,3522,22423,5216,22423,770,103
1742,3522,22424,5216,22424,770,103
1741,3522,22425,5216,22425,770,103
1741,3522,22426,5216,22426,770,103
1741,3522,22427,5216,22427,770,103
1741,3522,22428,5216,22428,770,103
1742,3522,22429,5216,22429,770,103
1742,3522,22430,5216,22430,770,103
1742,3522,22431,5216,22431,770,103
1742,3522,22432,5216,22432,770,103
1742,3522,22433,5216,22433,770,103
1742,3522,22434,5216,22434,770,103
1742,3522,22435,5216,22435,770,103
1742,3522,22436,5216,22436,770,103
1742,3522,22437,5216,22437,770,103
1742,3522,22438,5216,22438,770,103
1742,3522,22439,5216,22439,770,103
1742,3522,22440,5216,22440,770,103
1742,3522,22441,5216,22441,770,103
1743,3522,22442,5216,22442,770,103
1743,3522,22443,5216,22443,770,103
1743,3522,22444,5216,22444,770,103
1743,3522,22445,5216,22445,770,103
1743,3522,22446,5216,22446,770,103
1742,3522,22447,5216,22447,770,103
1743,3522,22448,5216,22448,770,103
1743,3522,22449,5216,22449,770,103
1741,3522,22450,5216,22450,770,102
1741,3522,22451,5216,22451,770,102
1741,3522,22452,5216,22452,770,102
1741,3522,22453,5216,22453,770,102
1741,3522,22454,5216,22454,770,102
1742,3522,22455,5216,22455,770,102
1743,3522,22456,5216,22456,770,102
1743,3522,22457,5216,22457,770,102
1743,3522,22458,5216,22458,770,102
1743,3522,22459,5216,22459,770,102
1743,3522,22460,5216,22460,770,102
1743,3522,22461,5216,22461,770,102
1743,3522,22462,5216,22462,770,102
1743,3522,22463,5216,22463,770,102
1743,3522,22464,5216,22464,770,102
1743,3522,22465,5216,22465,770,102
1742,3522,22466,5216,22466,770,102
1742,3522,22467,5216,22467,770,102
1742,3522,22468,5216,22468,770,102
1742,3522,22469,5216,22469,770,102
1742,3522,22470,5216,22470,770,102
1742,3522,22471,5216,22471,770,102
1742,3522,22472,5216,22472,770,102
1742,3522,22473,5216,22473,770,102
1742,3522,22474,5216,22474,770,102
1742,3522,22475,5216,22475,770,102
1741,3522,22476,5216,22476,770,102
1741,3522,22477,5216,22477,770,102
1741,3522,22478,5216,22478,770,102
1741,3522,22479,5216,22479,770,102
1741,3522,22480,5216,22480,770,102
1740,3522,22481,5216,22481,770,102
1740,3522,22482,5216,22482,770,102
1740,3522,22483,5216,22483,770,102
1740,3522,22484,5216,22484,770,102
1740,3522,22485,5216,22485,770,102
1740,3522,22486,5216,22486,770,102
1740,3522,22487,5216,22487,770,102
1740,3522,22488,5216,22488,770,102
1740,3522,22489,5216,22489,770,102
1740,3522,22490,5216,22490,770,102
1740,3522,22491,5216,22491,770,102
1740,3522,22492,5216,22492,770,102
1740,3522,22493,5216,22493,770,102
1740,3522,22494,5216,22494,770,102
1739,3522,22495,5216,22495,770,102
1739,3522,22496,5216,22496,770,102
1739,3522,22497,5216,22497,770,102
1737,3522,22498,5216,22498,770,102
1737,3522,22499,5216,22499,770,102
1737,3522,22500,5216,22500,770,102
1737,3522,22501,5216,22501,770,102
1737,3522,22502,5216,22502,770,102
1737,3522,22503,5216,22503,770,102
1736,3522,22504,5216,22504,770,102
1736,3522,22505,5216,22505,770,102
1736,3522,22506,5216,22506,770,102
1735,3522,22507,5216,22507,770,101
1735,3522,22508,5216,22508,770,101
1735,3522,22509,5216,22509,770,101
1735,3522,22510,5216,22510,770,101
1735,3522,22511,5216,22511,770,101
1735,3522,22512,5216,22512,770,101
1735,3522,22513,5216,22513,770,101
1734,3522,22514,5216,22514,770,101
1734,3522,22515,5216,22515,770,101
1734,3522,22516,5216,22516,770,101
1734,3522,22517,5216,22517,770,101
1733,3522,22518,5216,22518,770,101
1733,3522,22519,5216,22519,770,101
1733,3522,22520,5216,22520,770,101
1733,3522,22521,5216,22521,770,101
1733,3522,22522,5216,22522,770,101
1733,3522,22523,5216,22523,770,101
1733,3522,22524,5216,22524,770,101
1733,3522,22525,5216,22525,770,101
1733,3522,22526,5216,22526,770,101
1733,3522,22527,5216,22527,770,101
1733,3522,22528,5216,22528,770,101
1733,3522,22529,5216,22529,770,101
1733,3522,22530,5216,22530,770,101
1733,3522,22531,5216,22531,770,101
1734,3522,22532,5216,22532,770,101
1734,3522,22533,5216,22533,770,101
1734,3522,22534,5216,22534,770,101
1733,3522,22535,5216,22535,770,101
1733,3522,22536,5216,22536,770,101
1733,3522,22537,5216,22537,770,101
1733,3522,22538,5216,22538,770,101
1733,3522,22539,5216,22539,770,101
1733,3522,22540,5216,22540,770,101
1733,3522,22541,5216,22541,770,101
1733,3522,22542,5216,22542,770,101
1733,3522,22543,5216,22543,770,101
1732,3522,22544,5216,22544,770,101
1732,3522,22545,5216,22545,770,101
1732,3522,22546,5216,22546,770,101
1732,3522,22547,5216,22547,770,101
1732,3522,22548,5216,22548,770,101
1732,3522,22549,5216,22549,770,101
1732,3522,22550,5216,22550,770,101
1732,3522,22551,5216,22551,770,101
1732,3522,22552,5216,22552,770,101
1732,3522,22553,5216,22553,770,101
1732,3522,22554,5216,22554,770,101
1732,3522,22555,5216,22555,770,101
1732,3522,22556,5216,22556,770,101
1732,3522,22557,5216,22557,770,101
1733,3522,22558,5216,22558,770,101
1733,3522,22559,5216,22559,770,101
1733,3522,22560,5216,22560,770,101
1733,3522,22561,5216,22561,770,101
1733,3522,22562,5216,22562,770,101
1733,3522,22563,5216,22563,770,101
1733,3522,22564,5216,22564,770,101
1733,3522,22565,5216,22565,770,101
1733,3522,22566,5216,22566,770,101
1733,3522,22567,5216,22567,770,101
1733,3522,22568,5216,22568,770,101
1733,3522,22569,5216,22569,770,101
1733,3522,22570,5216,22570,770,101
1732,3522,22571,5216,22571,770,101
1733,3522,22572,5216,22572,770,101
1733,3522,22573,5216,22573,770,101
1733,3522,22574,5216,22574,770,101
1733,3522,22575,5216,22575,770,101
1733,3522,22576,5216,22576,770,101
1733,3522,22577,5216,22577,770,101
1733,3522,22578,5216,22578,770,101
1733,3522,22579,5216,22579,770,101
1733,3522,22580,5216,22580,770,101
1733,3522,22581,5216,22581,770,101
1733,3522,22582,5216,22582,770,101
1733,3522,22583,5216,22583,770,101
1733,3522,22584,5216,22584,770,101
1733,3522,22585,5216,22585,770,101
1733,3522,22586,5216,22586,770,101
1733,3522,22587,5216,22587,770,101
1733,3522,22588,5216,22588,770,101
1731,3522,22589,5216,22589,770,101
1731,3522,22590,5216,22590,770,101
1731,3522,22591,5216,22591,770,101
1731,3522,22592,5216,22592,770,101
1731,3522,22593,5216,22593,770,101
1731,3522,22594,5216,22594,770,101
1732,3522,22595,5216,22595,770,101
1732,3522,22596,5216,22596,770,101
1732,3522,22597,5216,22597,770,101
1732,3522,22598,5216,22598,770,101
1732,3522,22599,5216,22599,770,101
1732,3522,22600,5216,22600,770,101
1732,3522,22601,5216,22601,770,101
1732,3522,22602,5216,22602,770,101
1733,3522,22603,5216,22603,770,101
1733,3522,22604,5216,22604,770,101
1733,3522,22605,5216,22605,770,101
1733,3522,22606,5216,22606,770,101
1733,3522,22607,5216,22607,770,101
1733,3522,22608,5216,22608,770,101
1733,3522,22609,5216,22609,770,101
1733,3522,22610,5216,22610,770,101
1733,3522,22611,5216,22611,770,101
1733,3522,22612,5216,22612,770,101
1733,3522,22613,5216,22613,770,101
1733,3522,22614,5216,22614,770,101
1733,3522,22615,5216,22615,770,101
1733,3522,22616,5216,22616,770,101
1733,3522,22617,5216,22617,770,101
1733,3522,22618,5216,22618,770,101
1733,3522,22619,5216,22619,770,101
1733,3522,22620,5216,22620,770,101
1732,3522,22621,5216,22621,770,100
1732,3522,22622,5216,22622,770,100
1732,3522,22623,5216,22623,770,100
1732,3522,22624,5216,22624,770,100
1732,3522,22625,5216,22625,770,100
1732,3522,22626,5216,22626,770,100
1732,3522,22627,5216,22627,770,100
1732,3522,22628,5216,22628,770,100
1732,3522,22629,5216,22629,770,100
1732,3522,22630,5216,22630,770,100
1731,3522,22631,5216,22631,770,100
1731,3522,22632,5216,22632,770,100
1731,3522,22633,5216,22633,770,100
1731,3522,22634,5216,22634,770,100
1731,3522,22635,5216,22635,770,100
1731,3522,22636,5216,22636,770,100
1731,3522,22637,5216,22637,770,100
1730,3522,22638,5216,22638,770,100
1731,3522,22639,5216,22639,770,100
1731,3522,22640,5216,22640,770,100
1731,3522,22641,5216,22641,770,100
1731,3522,22642,5216,22642,770,100
1731,3522,22643,5216,22643,770,100
1731,3522,22644,5216,22644,770,100
1731,3522,22645,5216,22645,770,100
1731,3522,22646,5216,22646,770,100
1731,3522,22647,5216,22647,770,100
1732,3522,22648,5216,22648,770,100
1732,3522,22649,5216,22649,770,100
1732,3522,22650,5216,22650,770,100
1733,3522,22651,5216,22651,770,100
1733,3522,22652,5216,22652,770,100
1733,3522,22653,5216,22653,770,100
1733,3522,22654,5216,22654,770,100
1733,3522,22655,5216,22655,770,100
1733,3522,22656,5216,22656,770,100
1733,3522,22657,5216,22657,770,100
1733,3522,22658,5216,22658,770,100
1733,3522,22659,5216,22659,770,100
1733,3522,22660,5216,22660,770,100
1733,3522,22661,5216,22661,770,100
1733,3522,22662,5216,22662,770,100
1733,3522,22663,5216,22663,770,100
1733,3522,22664,5216,22664,770,100
1734,3522,22665,5216,22665,770,100
1734,3522,22666,5216,22666,770,100
1734,3522,22667,5216,22667,770,100
1734,3522,22668,5216,22668,770,100
1734,3522,22669,5216,22669,770,100
1734,3522,22670,5216,22670,770,100
1734,3522,22671,5216,22671,770,100
1734,3522,22672,5216,22672,770,100
1733,3522,22673,5216,22673,770,100
1733,3522,22674,5216,22674,770,100
1733,3522,22675,5216,22675,770,100
1733,3522,22676,5216,22676,770,100
1733,3522,22677,5216,22677,770,100
1733,3522,22678,5216,22678,770,100
1733,3522,22679,5216,22679,770,100
1733,3522,22680,5216,22680,770,100
1733,3522,22681,5216,22681,770,100
1732,3522,22682,5216,22682,770,100
1732,3522,22683,5216,22683,770,100
1732,3522,22684,5216,22684,770,100
1732,3522,22685,5216,22685,770,100
1732,3522,22686,5216,22686,770,100
1732,3522,22687,5216,22687,770,100
1732,3522,22688,5216,22688,770,100
1732,3522,22689,5216,22689,770,100
1733,3522,22690,5216,22690,770,100
1733,3522,22691,5216,22691,770,100
1733,3522,22692,5216,22692,770,100
1733,3522,22693,5216,22693,770,100
1732,3522,22694,5216,22694,770,100
1732,3522,22695,5216,22695,770,100
1732,3522,22696,5216,22696,770,100
1732,3522,22697,5216,22697,770,100
1732,3522,22698,5216,22698,770,100
1732,3522,22699,5216,22699,770,100
1732,3522,22700,5216,22700,770,100
1732,3522,22701,5216,22701,770,100
1732,3522,22702,5216,22702,770,100
1732,3522,22703,5216,22703,770,100
1732,3522,22704,5216,22704,770,100
1731,3522,22705,5216,22705,770,100
1731,3522,22706,5216,22706,770,100
1731,3522,22707,5216,22707,770,100
1731,3522,22708,5216,22708,770,100
1731,3522,22709,5216,22709,770,100
1731,3522,22710,5216,22710,770,100
1731,3522,22711,5216,22711,770,100
1731,3522,22712,5216,22712,770,100
1730,3522,22713,5216,22713,770,100
1731,3522,22714,5216,22714,770,100
1731,3522,22715,5216,22715,770,100
1731,3522,22716,5216,22716,770,100
1730,3522,22717,5216,22717,770,100
1730,3522,22718,5216,22718,770,100
1730,3522,22719,5216,22719,770,100
1729,3522,22720,5216,22720,770,100
1729,3522,22721,5216,22721,770,100
1729,3522,22722,5216,22722,770,100
1729,3522,22723,5216,22723,770,100
1729,3522,22724,5216,22724,770,100
1729,3522,22725,5216,22725,770,100
1729,3522,22726,5216,22726,770,100
1729,3522,22727,5216,22727,770,100
1729,3522,22728,5216,22728,770,100
1729,3522,22729,5216,22729,770,100
1730,3522,22730,5216,22730,770,100
1730,3522,22731,5216,22731,770,100
1730,3522,22732,5216,22732,770,100
1730,3522,22733,5216,22733,770,100
1729,3522,22734,5216,22734,770,100
1729,3522,22735,5216,22735,770,100
1729,3522,22736,5216,22736,770,100
1729,3522,22737,5216,22737,770,100
1729,3522,22738,5216,22738,770,100
1729,3522,22739,5216,22739,770,100
1729,3522,22740,5216,22740,770,100
1729,3522,22741,5216,22741,770,100
1729,3522,22742,5216,22742,770,100
1729,3522,22743,5216,22743,770,100
1729,3522,22744,5216,22744,770,100
1729,3522,22745,5216,22745,770,100
1729,3522,22746,5216,22746,770,100
1729,3522,22747,5216,22747,770,100
1728,3522,22748,5216,22748,770,100
1728,3522,22749,5216,22749,770,100
1728,3522,22750,5216,22750,770,100
1728,3522,22751,5216,22751,770,100
1728,3522,22752,5216,22752,770,100
1728,3522,22753,5216,22753,770,100
1728,3522,22754,5216,22754,770,100
1728,3522,22755,5216,22755,770,100
1728,3522,22756,5216,22756,770,100
1726,3522,22757,5216,22757,770,100
1726,3522,22758,5216,22758,770,100
1727,3522,22759,5216,22759,770,100
1727,3522,22760,5216,22760,770,100
1727,3522,22761,5216,22761,770,100
1727,3522,22762,5216,22762,770,100
1727,3522,22763,5216,22763,770,100
1727,3522,22764,5216,22764,770,100
1727,3522,22765,5216,22765,770,100
1728,3522,22766,5216,22766,770,100
1728,3522,22767,5216,22767,770,100
1728,3522,22768,5216,22768,770,100
1728,3522,22769,5216,22769,770,100
1728,3522,22770,5216,22770,770,100
1728,3522,22771,5216,22771,770,100
1728,3522,22772,5216,22772,770,100
1728,3522,22773,5216,22773,770,100
1728,3522,22774,5216,22774,770,100
1728,3522,22775,5216,22775,770,100
1728,3522,22776,5216,22776,770,100
1729,3522,22777,5216,22777,770,100
1729,3522,22778,5216,22778,770,100
1729,3522,22779,5216,22779,770,100
1729,3522,22780,5216,22780,770,100
1729,3522,22781,5216,22781,770,100
1729,3522,22782,5216,22782,770,100
1729,3522,22783,5216,22783,770,100
1729,3522,22784,5216,22784,770,100
1729,3522,22785,5216,22785,770,100
1729,3522,22786,5216,22786,770,100
1729,3522,22787,5216,22787,770,100
1729,3522,22788,5216,22788,770,100
1729,3522,22789,5216,22789,770,100
1730,3522,22790,5216,22790,770,100
1730,3522,22791,5216,22791,770,100
1730,3522,22792,5216,22792,770,100
1730,3522,22793,5216,22793,770,100
1730,3522,22794,5216,22794,770,100
1730,3522,22795,5216,22795,770,100
1730,3522,22796,5216,22796,770,100
1730,3522,22797,5216,22797,770,100
1730,3522,22798,5216,22798,770,100
1730,3522,22799,5216,22799,770,100
1730,3522,22800,5216,22800,770,100
1730,3522,22801,5216,22801,770,100
1730,3522,22802,5216,22802,770,100
1730,3522,22803,5216,22803,770,100
1730,3522,22804,5216,22804,770,100
1730,3522,22805,5216,22805,770,100
1730,3522,22806,5216,22806,770,100
1730,3522,22807,5216,22807,770,100
1730,3522,22808,5216,22808,770,100
1730,3522,22809,5216,22809,770,100
1730,3522,22810,5216,22810,770,100
1730,3522,22811,5216,22811,770,100
1730,3522,22812,5216,22812,770,100
1730,3522,22813,5216,22813,770,100
1730,3522,22814,5216,22814,770,100
1730,3522,22815,5216,22815,770,100
1730,3522,22816,5216,22816,770,100
1730,3522,22817,5216,22817,770,100
1730,3522,22818,5216,22818,770,100
1730,3522,22819,5216,22819,770,100
1730,3522,22820,5216,22820,770,100
1731,3522,22821,5216,22821,770,100
1731,3522,22822,5216,22822,770,100
1731,3522,22823,5216,22823,770,100
1731,3522,22824,5216,22824,770,100
1731,3522,22825,5216,22825,770,100
1731,3522,22826,5216,22826,770,100
1730,3522,22827,5216,22827,770,100
1730,3522,22828,5216,22828,770,100
1730,3522,22829,5216,22829,770,100
1730,3522,22830,5216,22830,770,100
1730,3522,22831,5216,22831,770,100
1730,3522,22832,5216,22832,770,100
1730,3522,22833,5216,22833,770,100
1731,3522,22834,5216,22834,770,100
1731,3522,22835,5216,22835,770,100
1731,3522,22836,5216,22836,770,100
1731,3522,22837,5216,22837,770,100
1731,3522,22838,5216,22838,770,100
1731,3522,22839,5216,22839,770,100
1732,3522,22840,5216,22840,770,100
1732,3522,22841,5216,22841,770,100
1732,3522,22842,5216,22842,770,100
1732,3522,22843,5216,22843,770,100
1732,3522,22844,5216,22844,770,100
1732,3522,22845,5216,22845,770,100
1732,3522,22846,5216,22846,770,100
1732,3522,22847,5216,22847,770,100
1732,3522,22848,5216,22848,770,100
1732,3522,22849,5216,22849,770,100
1732,3522,22850,5216,22850,770,100
1732,3522,22851,5216,22851,770,100
1732,3522,22852,5216,22852,770,100
1732,3522,22853,5216,22853,770,100
1732,3522,22854,5216,22854,770,100
1732,3522,22855,5216,22855,770,100
1732,3522,22856,5216,22856,770,100
1732,3522,22857,5216,22857,770,100
1732,3522,22858,5216,22858,770,100
1732,3522,22859,5216,22859,770,100
1732,3522,22860,5216,22860,770,100
1732,3522,22861,5216,22861,770,100
1732,3522,22862,5216,22862,770,100
1732,3522,22863,5216,22863,770,100
1732,3522,22864,5216,22864,770,100
1733,3522,22865,5216,22865,770,100
1733,3522,22866,5216,22866,770,100
1733,3522,22867,5216,22867,770,100
1733,3522,22868,5216,22868,770,100
1733,3522,22869,5216,22869,770,100
1733,3522,22870,5216,22870,770,100
1733,3522,22871,5216,22871,770,100
1733,3522,22872,5216,22872,770,100
1733,3522,22873,5216,22873,770,100
1733,3522,22874,5216,22874,770,100
1733,3522,22875,5216,22875,770,100
1733,3522,22876,5216,22876,770,100
1733,3522,22877,5216,22877,770,100
1733,3522,22878,5216,22878,770,100
1733,3522,22879,5216,22879,770,100
1733,3522,22880,5216,22880,770,100
1732,3522,22881,5216,22881,770,100
1732,3522,22882,5216,22882,770,100
1732,3522,22883,5216,22883,770,100
1732,3522,22884,5216,22884,770,100
1731,3522,22885,5216,22885,770,100
1731,3522,22886,5216,22886,770,100
1731,3522,22887,5216,22887,770,100
1731,3522,22888,5216,22888,770,100
1731,3522,22889,5216,22889,770,100
1730,3522,22890,5216,22890,770,100
1730,3522,22891,5216,22891,770,100
1730,3522,22892,5216,22892,770,100
1730,3522,22893,5216,22893,770,100
1730,3522,22894,5216,22894,770,100
1731,3522,22895,5216,22895,770,100
1731,3522,22896,5216,22896,770,100
1731,3522,22897,5216,22897,770,100
1731,3522,22898,5216,22898,770,100
1731,3522,22899,5216,22899,770,100
1731,3522,22900,5216,22900,770,100
1731,3522,22901,5216,22901,770,100
1731,3522,22902,5216,22902,770,100
1731,3522,22903,5216,22903,770,100
1731,3522,22904,5216,22904,770,100
1731,3522,22905,5216,22905,770,100
1731,3522,22906,5216,22906,770,100
1731,3522,22907,5216,22907,770,100
1731,3522,22908,5216,22908,770,100
1731,3522,22909,5216,22909,770,100
1731,3522,22910,5216,22910,770,100
1731,3522,22911,5216,22911,770,100
1731,3522,22912,5216,22912,770,100
1731,3522,22913,5216,22913,770,100
1731,3522,22914,5216,22914,770,100
1731,3522,22915,5216,22915,770,100
1731,3522,22916,5216,22916,770,100
1731,3522,22917,5216,22917,770,100
1731,3522,22918,5216,22918,770,100
1729,3522,22919,5216,22919,770,100
1729,3522,22920,5216,22920,770,100
1729,3522,22921,5216,22921,770,100
1729,3522,22922,5216,22922,770,100
1728,3522,22923,5216,22923,770,100
1728,3522,22924,5216,22924,770,100
1728,3522,22925,5216,22925,770,100
1728,3522,22926,5216,22926,770,100
1729,3522,22927,5216,22927,770,100
1729,3522,22928,5216,22928,770,100
1728,3522,22929,5216,22929,770,100
1727,3522,22930,5216,22930,770,100
1727,3522,22931,5216,22931,770,100
1727,3522,22932,5216,22932,770,100
1727,3522,22933,5216,22933,770,100
1725,3522,22934,5216,22934,770,100
1725,3522,22935,5216,22935,770,100
1725,3522,22936,5216,22936,770,100
1725,3522,22937,5216,22937,770,100
1725,3522,22938,5216,22938,770,100
1725,3522,22939,5216,22939,770,100
1725,3522,22940,5216,22940,770,100
1725,3522,22941,5216,22941,770,100
1725,3522,22942,5216,22942,770,100
1725,3522,22943,5216,22943,770,100
1725,3522,22944,5216,22944,770,100
1725,3522,22945,5216,22945,770,100
1725,3522,22946,5216,22946,770,100
1725,3522,22947,5216,22947,770,100
1725,3522,22948,5216,22948,770,100
1725,3522,22949,5216,22949,770,100
1725,3522,22950,5216,22950,770,100
1725,3522,22951,5216,22951,770,100
1725,3522,22952,5216,22952,770,100
1724,3522,22953,5216,22953,770,100
1725,3522,22954,5216,22954,770,100
1725,3522,22955,5216,22955,770,100
1725,3522,22956,5216,22956,770,100
1725,3522,22957,5216,22957,770,100
1725,3522,22958,5216,22958,770,100
1725,3522,22959,5216,22959,770,100
1725,3522,22960,5216,22960,770,100
1725,3522,22961,5216,22961,770,100
1724,3522,22962,5216,22962,770,100
1724,3522,22963,5216,22963,770,100
1724,3522,22964,5216,22964,770,100
1724,3522,22965,5216,22965,770,100
1724,3522,22966,5216,22966,770,100
1724,3522,22967,5216,22967,770,100
1724,3522,22968,5216,22968,770,100
1724,3522,22969,5216,22969,770,100
1724,3522,22970,5216,22970,770,100
1724,3522,22971,5216,22971,770,100
1724,3522,22972,5216,22972,770,100
1724,3522,22973,5216,22973,770,100
1724,3522,22974,5216,22974,770,100
1724,3522,22975,5216,22975,770,100
1724,3522,22976,5216,22976,770,100
1724,3522,22977,5216,22977,770,100
1724,3522,22978,5216,22978,770,100
1724,3522,22979,5216,22979,770,100
1724,3522,22980,5216,22980,770,100
1724,3522,22981,5216,22981,770,100
1724,3522,22982,5216,22982,770,100
1724,3522,22983,5216,22983,770,100
1724,3522,22984,5216,22984,770,100
1724,3522,22985,5216,22985,770,100
1724,3522,22986,5216,22986,770,100
1724,3522,22987,5216,22987,770,100
1724,3522,22988,5216,22988,770,100
1724,3522,22989,5216,22989,770,100
1724,3522,22990,5216,22990,770,100
1724,3522,22991,5216,22991,770,100
1724,3522,22992,5216,22992,770,100
1724,3522,22993,5216,22993,770,100
1724,3522,22994,5216,22994,770,100
1724,3522,22995,5216,22995,770,100
1724,3522,22996,5216,22996,770,100
1724,3522,22997,5216,22997,770,100
1724,3522,22998,5216,22998,770,100
1724,3522,22999,5216,22999,770,100
1724,3522,23000,5216,23000,770,100
1724,3522,23001,5216,23001,770,100
1724,3522,23002,5216,23002,770,100
1725,3522,23003,5216,23003,770,100
1725,3522,23004,5216,23004,770,100
1725,3522,23005,5216,23005,770,100
1725,3522,23006,5216,23006,770,100
1725,3522,23007,5216,23007,770,100
1725,3522,23008,5216,23008,770,100
1725,3522,23009,5216,23009,770,100
1725,3522,23010,5216,23010,770,100
1724,3522,23011,5216,23011,770,100
1724,3522,23012,5216,23012,770,100
1724,3522,23013,5216,23013,770,100
1724,3522,23014,5216,23014,770,100
1724,3522,23015,5216,23015,770,100
1724,3522,23016,5216,23016,770,100
1724,3522,23017,5216,23017,770,100
1724,3522,23018,5216,23018,770,100
1724,3522,23019,5216,23019,770,100
1724,3522,23020,5216,23020,770,100
1724,3522,23021,5216,23021,770,100
1723,3522,23022,5216,23022,770,100
1723,3522,23023,5216,23023,770,100
1723,3522,23024,5216,23024,770,100
1723,3522,23025,5216,23025,770,100
1723,3522,23026,5216,23026,770,100
1723,3522,23027,5216,23027,770,100
1723,3522,23028,5216,23028,770,100
1723,3522,23029,5216,23029,770,100
1723,3522,23030,5216,23030,770,100
1723,3522,23031,5216,23031,770,100
1723,3522,23032,5216,23032,770,100
1723,3522,23033,5216,23033,770,100
1723,3522,23034,5216,23034,770,100
1724,3522,23035,5216,23035,770,100
1724,3522,23036,5216,23036,770,100
1724,3522,23037,5216,23037,770,100
1724,3522,23038,5216,23038,770,100
1724,3522,23039,5216,23039,770,100
1724,3522,23040,5216,23040,770,100
1724,3522,23041,5216,23041,770,100
1723,3522,23042,5216,23042,770,100
1723,3522,23043,5216,23043,770,100
1724,3522,23044,5216,23044,770,100
1723,3522,23045,5216,23045,770,100
1723,3522,23046,5216,23046,770,100
1723,3522,23047,5216,23047,770,100
1724,3522,23048,5216,23048,770,100
1724,3522,23049,5216,23049,770,100
1724,3522,23050,5216,23050,770,100
1724,3522,23051,5216,23051,770,100
1724,3522,23052,5216,23052,770,100
1724,3522,23053,5216,23053,770,100
1724,3522,23054,5216,23054,770,100
1724,3522,23055,5216,23055,770,100
1724,3522,23056,5216,23056,770,100
1724,3522,23057,5216,23057,770,100
1724,3522,23058,5216,23058,770,100
1724,3522,23059,5216,23059,770,100
1724,3522,23060,5216,23060,770,100
1723,3522,23061,5216,23061,770,100
1723,3522,23062,5216,23062,770,100
1723,3522,23063,5216,23063,770,100
1724,3522,23064,5216,23064,770,100
1725,3522,23065,5216,23065,770,100
1725,3522,23066,5216,23066,770,100
1725,3522,23067,5216,23067,770,100
1725,3522,23068,5216,23068,770,100
1724,3522,23069,5216,23069,770,100
1724,3522,23070,5216,23070,770,100
1724,3522,23071,5216,23071,770,100
1724,3522,23072,5216,23072,770,100
1724,3522,23073,5216,23073,770,100
1724,3522,23074,5216,23074,770,100
1724,3522,23075,5216,23075,770,100
1724,3522,23076,5216,23076,770,100
1724,3522,23077,5216,23077,770,100
1724,3522,23078,5216,23078,770,100
1724,3522,23079,5216,23079,770,100
1724,3522,23080,5216,23080,770,100
1724,3522,23081,5216,23081,770,100
1724,3522,23082,5216,23082,770,100
1724,3522,23083,5216,23083,770,100
1724,3522,23084,5216,23084,770,100
1724,3522,23085,5216,23085,770,100
1723,3522,23086,5216,23086,770,100
1723,3522,23087,5216,23087,770,100
1723,3522,23088,5216,23088,770,100
1723,3522,23089,5216,23089,770,100
1723,3522,23090,5216,23090,770,100
1723,3522,23091,5216,23091,770,100
1723,3522,23092,5216,23092,770,100
1723,3522,23093,5216,23093,770,100
1723,3522,23094,5216,23094,770,100
1723,3522,23095,5216,23095,770,100
1723,3522,23096,5216,23096,770,100
1722,3522,23097,5216,23097,770,100
1722,3522,23098,5216,23098,770,100
1723,3522,23099,5216,23099,770,100
1723,3522,23100,5216,23100,770,100
1723,3522,23101,5216,23101,770,100
1723,3522,23102,5216,23102,770,100
1723,3522,23103,5216,23103,770,100
1723,3522,23104,5216,23104,770,100
1723,3522,23105,5216,23105,770,100
1723,3522,23106,5216,23106,770,100
1723,3522,23107,5216,23107,770,100
1723,3522,23108,5216,23108,770,100
1723,3522,23109,5216,23109,770,100
1723,3522,23110,5216,23110,770,100
1723,3522,23111,5216,23111,770,100
1723,3522,23112,5216,23112,770,100
1723,3522,23113,5216,23113,770,100
1723,3522,23114,5216,23114,770,100
1723,3522,23115,5216,23115,770,100
1723,3522,23116,5216,23116,770,100
1723,3522,23117,5216,23117,770,100
1723,3522,23118,5216,23118,770,100
1723,3522,23119,5216,23119,770,100
1723,3522,23120,5216,23120,770,100
1723,3522,23121,5216,23121,770,100
1723,3522,23122,5216,23122,770,100
1722,3522,23123,5216,23123,770,100
1722,3522,23124,5216,23124,770,100
1722,3522,23125,5216,23125,770,100
1722,3522,23126,5216,23126,770,100
1722,3522,23127,5216,23127,770,100
1722,3522,23128,5216,23128,770,100
1723,3522,23129,5216,23129,770,100
1723,3522,23130,5216,23130,770,100
1723,3522,23131,5216,23131,770,100
1723,3522,23132,5216,23132,770,100
1723,3522,23133,5216,23133,770,100
1723,3522,23134,5216,23134,770,100
1724,3522,23135,5216,23135,770,100
1724,3522,23136,5216,23136,770,100
1724,3522,23137,5216,23137,770,100
1724,3522,23138,5216,23138,770,100
1724,3522,23139,5216,23139,770,100
1724,3522,23140,5216,23140,770,100
1724,3522,23141,5216,23141,770,100
1724,3522,23142,5216,23142,770,100
1724,3522,23143,5216,23143,770,100
1724,3522,23144,5216,23144,770,100
1724,3522,23145,5216,23145,770,100
1724,3522,23146,5216,23146,770,100
1725,3522,23147,5216,23147,770,100
1725,3522,23148,5216,23148,770,100
1725,3522,23149,5216,23149,770,100
1725,3522,23150,5216,23150,770,100
1725,3522,23151,5216,23151,770,100
1725,3522,23152,5216,23152,770,100
1725,3522,23153,5216,23153,770,100
1725,3522,23154,5216,23154,770,100
1726,3522,23155,5216,23155,770,100
1726,3522,23156,5216,23156,770,100
1726,3522,23157,5216,23157,770,100
1726,3522,23158,5216,23158,770,100
1726,3522,23159,5216,23159,770,100
1726,3522,23160,5216,23160,770,100
1726,3522,23161,5216,23161,770,100
1726,3522,23162,5216,23162,770,100
1726,3522,23163,5216,23163,770,100
1726,3522,23164,5216,23164,770,100
1727,3522,23165,5216,23165,770,100
1727,3522,23166,5216,23166,770,100
1727,3522,23167,5216,23167,770,100
1727,3522,23168,5216,23168,770,100
1727,3522,23169,5216,23169,770,100
1727,3522,23170,5216,23170,770,100
1727,3522,23171,5216,23171,770,100
1727,3522,23172,5216,23172,770,100
1727,3522,23173,5216,23173,770,100
1727,3522,23174,5216,23174,770,100
1727,3522,23175,5216,23175,770,100
1727,3522,23176,5216,23176,770,100
1727,3522,23177,5216,23177,770,100
1727,3522,23178,5216,23178,770,100
1727,3522,23179,5216,23179,770,100
1726,3522,23180,5216,23180,770,100
1726,3522,23181,5216,23181,770,100
1726,3522,23182,5216,23182,770,100
1726,3522,23183,5216,23183,770,100
1726,3522,23184,5216,23184,770,100
1726,3522,23185,5216,23185,770,100
1726,3522,23186,5216,23186,770,100
1726,3522,23187,5216,23187,770,100
1726,3522,23188,5216,23188,770,100
1725,3522,23189,5216,23189,770,100
1725,3522,23190,5216,23190,770,100
1725,3522,23191,5216,23191,770,100
1725,3522,23192,5216,23192,770,100
1726,3522,23193,5216,23193,770,100
1725,3522,23194,5216,23194,770,100
1725,3522,23195,5216,23195,770,100
1725,3522,23196,5216,23196,770,100
1725,3522,23197,5216,23197,770,100
1725,3522,23198,5216,23198,770,100
1725,3522,23199,5216,23199,770,100
1725,3522,23200,5216,23200,770,100
1725,3522,23201,5216,23201,770,100
1725,3522,23202,5216,23202,770,100
1725,3522,23203,5216,23203,770,100
1725,3522,23204,5216,23204,770,100
1725,3522,23205,5216,23205,770,100
1725,3522,23206,5216,23206,770,100
1725,3522,23207,5216,23207,770,100
1725,3522,23208,5216,23208,770,100
1725,3522,23209,5216,23209,770,100
1725,3522,23210,5216,23210,770,100
1725,3522,23211,5216,23211,770,100
1725,3522,23212,5216,23212,770,100
1725,3522,23213,5216,23213,770,100
1725,3522,23214,5216,23214,770,100
1725,3522,23215,5216,23215,770,100
1725,3522,23216,5216,23216,770,100
1725,3522,23217,5216,23217,770,100
1725,3522,23218,5216,23218,770,100
1725,3522,23219,5216,23219,770,100
1725,3522,23220,5216,23220,770,100
1725,3522,23221,5216,23221,770,100
1725,3522,23222,5216,23222,770,100
1725,3522,23223,5216,23223,770,100
1725,3522,23224,5216,23224,770,100
1725,3522,23225,5216,23225,770,100
1725,3522,23226,5216,23226,770,100
1725,3522,23227,5216,23227,770,100
1725,3522,23228,5216,23228,770,100
1725,3522,23229,5216,23229,770,100
1725,3522,23230,5216,23230,770,100
1725,3522,23231,5216,23231,770,100
1723,3522,23232,5216,23232,770,100
1723,3522,23233,5216,23233,770,100
1723,3522,23234,5216,23234,770,100
1721,3522,23235,5216,23235,770,100
1721,3522,23236,5216,23236,770,100
1721,3522,23237,5216,23237,770,100
1721,3522,23238,5216,23238,770,100
1721,3522,23239,5216,23239,770,100
1721,3522,23240,5216,23240,770,100
1721,3522,23241,5216,23241,770,100
1721,3522,23242,5216,23242,770,100
1721,3522,23243,5216,23243,770,100
1721,3522,23244,5216,23244,770,100
1721,3522,23245,5216,23245,770,100
1721,3522,23246,5216,23246,770,100
1721,3522,23247,5216,23247,770,100
1721,3522,23248,5216,23248,770,100
1721,3522,23249,5216,23249,770,100
1721,3522,23250,5216,23250,770,100
1721,3522,23251,5216,23251,770,100
1721,3522,23252,5216,23252,770,100
1721,3522,23253,5216,23253,770,100
1721,3522,23254,5216,23254,770,100
1721,3522,23255,5216,23255,770,100
1721,3522,23256,5216,23256,770,100
1721,3522,23257,5216,23257,770,100
1721,3522,23258,5216,23258,770,100
1721,3522,23259,5216,23259,770,100
1721,3522,23260,5216,23260,770,100
1720,3522,23261,5216,23261,770,100
1720,3522,23262,5216,23262,770,100
1720,3522,23263,5216,23263,770,100
1720,3522,23264,5216,23264,770,100
1720,3522,23265,5216,23265,770,100
1720,3522,23266,5216,23266,770,100
1720,3522,23267,5216,23267,770,100
1720,3522,23268,5216,23268,770,100
1720,3522,23269,5216,23269,770,100
1720,3522,23270,5216,23270,770,100
1721,3522,23271,5216,23271,770,100
1722,3522,23272,5216,23272,770,100
1722,3522,23273,5216,23273,770,100
1722,3522,23274,5216,23274,770,100
1722,3522,23275,5216,23275,770,100
1722,3522,23276,5216,23276,770,100
1722,3522,23277,5216,23277,770,100
1722,3522,23278,5216,23278,770,100
1722,3522,23279,5216,23279,770,100
1722,3522,23280,5216,23280,770,100
1722,3522,23281,5216,23281,770,100
1722,3522,23282,5216,23282,770,100
1723,3522,23283,5216,23283,770,100
1722,3522,23284,5216,23284,770,100
1722,3522,23285,5216,23285,770,100
1723,3522,23286,5216,23286,770,100
1723,3522,23287,5216,23287,770,100
1722,3522,23288,5216,23288,770,100
1722,3522,23289,5216,23289,770,100
1722,3522,23290,5216,23290,770,100
1723,3522,23291,5216,23291,770,100
1723,3522,23292,5216,23292,770,100
1723,3522,23293,5216,23293,770,100
1723,3522,23294,5216,23294,770,100
1723,3522,23295,5216,23295,770,100
1723,3522,23296,5216,23296,770,100
1723,3522,23297,5216,23297,770,100
1723,3522,23298,5216,23298,770,100
1723,3522,23299,5216,23299,770,100
1723,3522,23300,5216,23300,770,100
1723,3522,23301,5216,23301,770,100
1723,3522,23302,5216,23302,770,100
1723,3522,23303,5216,23303,770,100
1723,3522,23304,5216,23304,770,100
1723,3522,23305,5216,23305,770,100
1723,3522,23306,5216,23306,770,100
1723,3522,23307,5216,23307,770,100
1723,3522,23308,5216,23308,770,100
1723,3522,23309,5216,23309,770,100
1723,3522,23310,5216,23310,770,100
1723,3522,23311,5216,23311,770,100
1723,3522,23312,5216,23312,770,100
1723,3522,23313,5216,23313,770,100
1723,3522,23314,5216,23314,770,100
1723,3522,23315,5216,23315,770,100
1723,3522,23316,5216,23316,770,100
1723,3522,23317,5216,23317,770,100
1723,3522,23318,5216,23318,770,100
1723,3522,23319,5216,23319,770,100
1723,3522,23320,5216,23320,770,100
1723,3522,23321,5216,23321,770,100
1723,3522,23322,5216,23322,770,100
1723,3522,23323,5216,23323,770,100
1723,3522,23324,5216,23324,770,100
1723,3522,23325,5216,23325,770,100
1723,3522,23326,5216,23326,770,100
1723,3522,23327,5216,23327,770,100
1723,3522,23328,5216,23328,770,100
1723,3522,23329,5216,23329,770,100
1723,3522,23330,5216,23330,770,100
1723,3522,23331,5216,23331,770,100
1723,3522,23332,5216,23332,770,100
1723,3522,23333,5216,23333,770,100
1723,3522,23334,5216,23334,770,100
1723,3522,23335,5216,23335,770,100
1723,3522,23336,5216,23336,770,100
1723,3522,23337,5216,23337,770,100
1723,3522,23338,5216,23338,770,100
1723,3522,23339,5216,23339,770,100
1723,3522,23340,5216,23340,770,100
1723,3522,23341,5216,23341,770,100
1721,3522,23342,5216,23342,770,100
1721,3522,23343,5216,23343,770,100
1721,3522,23344,5216,23344,770,100
1721,3522,23345,5216,23345,770,100
1721,3522,23346,5216,23346,770,100
1721,3522,23347,5216,23347,770,100
1721,3522,23348,5216,23348,770,100
1721,3522,23349,5216,23349,770,100
1721,3522,23350,5216,23350,770,100
1721,3522,23351,5216,23351,770,100
1721,3522,23352,5216,23352,770,100
1721,3522,23353,5216,23353,770,100
1721,3522,23354,5216,23354,770,100
1721,3522,23355,5216,23355,770,100
1721,3522,23356,5216,23356,770,100
1721,3522,23357,5216,23357,770,100
1721,3522,23358,5216,23358,770,100
1721,3522,23359,5216,23359,770,100
1721,3522,23360,5216,23360,770,100
1721,3522,23361,5216,23361,770,100
1721,3522,23362,5216,23362,770,100
1721,3522,23363,5216,23363,770,100
1721,3522,23364,5216,23364,770,100
1721,3522,23365,5216,23365,770,100
1721,3522,23366,5216,23366,770,100
1721,3522,23367,5216,23367,770,100
1721,3522,23368,5216,23368,770,100
1722,3522,23369,5216,23369,770,100
1722,3522,23370,5216,23370,770,100
1722,3522,23371,5216,23371,770,100
1722,3522,23372,5216,23372,770,100
1722,3522,23373,5216,23373,770,100
1722,3522,23374,5216,23374,770,100
1722,3522,23375,5216,23375,770,100
1722,3522,23376,5216,23376,770,100
1722,3522,23377,5216,23377,770,100
1722,3522,23378,5216,23378,770,100
1722,3522,23379,5216,23379,770,100
1722,3522,23380,5216,23380,770,100
1722,3522,23381,5216,23381,770,100
1722,3522,23382,5216,23382,770,100
1722,3522,23383,5216,23383,770,100
1722,3522,23384,5216,23384,770,100
1722,3522,23385,5216,23385,770,100
1722,3522,23386,5216,23386,770,100
1722,3522,23387,5216,23387,770,100
1722,3522,23388,5216,23388,770,100
1722,3522,23389,5216,23389,770,100
1722,3522,23390,5216,23390,770,100
1722,3522,23391,5216,23391,770,100
1722,3522,23392,5216,23392,770,100
1722,3522,23393,5216,23393,770,100
1722,3522,23394,5216,23394,770,100
1722,3522,23395,5216,23395,770,100
1722,3522,23396,5216,23396,770,100
1722,3522,23397,5216,23397,770,100
1722,3522,23398,5216,23398,770,100
1722,3522,23399,5216,23399,770,100
1723,3522,23400,5216,23400,770,100
1723,3522,23401,5216,23401,770,100
1723,3522,23402,5216,23402,770,100
1723,3522,23403,5216,23403,770,100
1723,3522,23404,5216,23404,770,100
1723,3522,23405,5216,23405,770,100
1723,3522,23406,5216,23406,770,100
1723,3522,23407,5216,23407,770,100
1723,3522,23408,5216,23408,770,100
1723,3522,23409,5216,23409,770,100
1723,3522,23410,5216,23410,770,100
1723,3522,23411,5216,23411,770,100
1723,3522,23412,5216,23412,770,100
1723,3522,23413,5216,23413,770,100
1723,3522,23414,5216,23414,770,100
1723,3522,23415,5216,23415,770,100
1723,3522,23416,5216,23416,770,100
1723,3522,23417,5216,23417,770,100
1723,3522,23418,5216,23418,770,100
1723,3522,23419,5216,23419,770,100
1723,3522,23420,5216,23420,770,100
1723,3522,23421,5216,23421,770,100
1723,3522,23422,5216,23422,770,100
1723,3522,23423,5216,23423,770,100
1723,3522,23424,5216,23424,770,100
1723,3522,23425,5216,23425,770,100
1723,3522,23426,5216,23426,770,100
1723,3522,23427,5216,23427,770,100
1723,3522,23428,5216,23428,770,100
1723,3522,23429,5216,23429,770,100
1723,3522,23430,5216,23430,770,100
1724,3522,23431,5216,23431,770,100
1724,3522,23432,5216,23432,770,100
1724,3522,23433,5216,23433,770,100
1724,3522,23434,5216,23434,770,100
1724,3522,23435,5216,23435,770,100
1725,3522,23436,5216,23436,770,100
1725,3522,23437,5216,23437,770,100
1725,3522,23438,5216,23438,770,100
1725,3522,23439,5216,23439,770,100
1725,3522,23440,5216,23440,770,100
1725,3522,23441,5216,23441,770,100
1725,3522,23442,5216,23442,770,100
1725,3522,23443,5216,23443,770,100
1725,3522,23444,5216,23444,770,100
1725,3522,23445,5216,23445,770,100
1725,3522,23446,5216,23446,770,100
1725,3522,23447,5216,23447,770,100
1725,3522,23448,5216,23448,770,100
1725,3522,23449,5216,23449,770,100
1725,3522,23450,5216,23450,770,100
1725,3522,23451,5216,23451,770,100
1725,3522,23452,5216,23452,770,100
1725,3522,23453,5216,23453,770,100
1725,3522,23454,5216,23454,770,100
1721,3522,23455,5216,23455,770,97
1721,3522,23456,5216,23456,770,97
1721,3522,23457,5216,23457,770,97
1721,3522,23458,5216,23458,770,97
1721,3522,23459,5216,23459,770,97
1721,3522,23460,5216,23460,770,97
1721,3522,23461,5216,23461,770,97
1721,3522,23462,5216,23462,770,97
1720,3522,23463,5216,23463,770,97
1720,3522,23464,5216,23464,770,97
1720,3522,23465,5216,23465,770,97
1720,3522,23466,5216,23466,770,97
1720,3522,23467,5216,23467,770,97
1720,3522,23468,5216,23468,770,97
1720,3522,23469,5216,23469,770,97
1720,3522,23470,5216,23470,770,97
1720,3522,23471,5216,23471,770,97
1719,3522,23472,5216,23472,770,97
1719,3522,23473,5216,23473,770,97
1719,3522,23474,5216,23474,770,97
1720,3522,23475,5216,23475,770,97
1720,3522,23476,5216,23476,770,97
1720,3522,23477,5216,23477,770,97
1720,3522,23478,5216,23478,770,97
1720,3522,23479,5216,23479,770,97
1720,3522,23480,5216,23480,770,97
1720,3522,23481,5216,23481,770,97
1720,3522,23482,5216,23482,770,97
1720,3522,23483,5216,23483,770,97
1720,3522,23484,5216,23484,770,97
1720,3522,23485,5216,23485,770,97
1720,3522,23486,5216,23486,770,97
1720,3522,23487,5216,23487,770,97
1720,3522,23488,5216,23488,770,97
1720,3522,23489,5216,23489,770,97
1720,3522,23490,5216,23490,770,97
1720,3522,23491,5216,23491,770,97
1720,3522,23492,5216,23492,770,97
1720,3522,23493,5216,23493,770,97
1720,3522,23494,5216,23494,770,97
1720,3522,23495,5216,23495,770,97
1720,3522,23496,5216,23496,770,97
1720,3522,23497,5216,23497,770,97
1721,3522,23498,5216,23498,770,97
1722,3522,23499,5216,23499,770,97
1722,3522,23500,5216,23500,770,97
1722,3522,23501,5216,23501,770,97
1722,3522,23502,5216,23502,770,97
1721,3522,23503,5216,23503,770,97
1720,3522,23504,5216,23504,770,97
1720,3522,23505,5216,23505,770,97
1720,3522,23506,5216,23506,770,97
1720,3522,23507,5216,23507,770,97
1720,3522,23508,5216,23508,770,97
1720,3522,23509,5216,23509,770,97
1720,3522,23510,5216,23510,770,97
1720,3522,23511,5216,23511,770,97
1721,3522,23512,5216,23512,770,97
1721,3522,23513,5216,23513,770,97
1721,3522,23514,5216,23514,770,97
1721,3522,23515,5216,23515,770,97
1721,3522,23516,5216,23516,770,97
1721,3522,23517,5216,23517,770,97
1721,3522,23518,5216,23518,770,97
1721,3522,23519,5216,23519,770,97
1721,3522,23520,5216,23520,770,97
1721,3522,23521,5216,23521,770,97
1721,3522,23522,5216,23522,770,97
1721,3522,23523,5216,23523,770,97
1721,3522,23524,5216,23524,770,97
1721,3522,23525,5216,23525,770,97
1721,3522,23526,5216,23526,770,97
1721,3522,23527,5216,23527,770,97
1721,3522,23528,5216,23528,770,97
1721,3522,23529,5216,23529,770,97
1721,3522,23530,5216,23530,770,97
1721,3522,23531,5216,23531,770,97
1721,3522,23532,5216,23532,770,97
1721,3522,23533,5216,23533,770,97
1721,3522,23534,5216,23534,770,97
1721,3522,23535,5216,23535,770,97
1722,3522,23536,5216,23536,770,97
1722,3522,23537,5216,23537,770,97
1722,3522,23538,5216,23538,770,97
1722,3522,23539,5216,23539,770,97
1722,3522,23540,5216,23540,770,97
1722,3522,23541,5216,23541,770,97
1722,3522,23542,5216,23542,770,97
1722,3522,23543,5216,23543,770,97
1722,3522,23544,5216,23544,770,97
1722,3522,23545,5216,23545,770,97
1722,3522,23546,5216,23546,770,97
1722,3522,23547,5216,23547,770,97
1722,3522,23548,5216,23548,770,97
1722,3522,23549,5216,23549,770,97
1722,3522,23550,5216,23550,770,97
1722,3522,23551,5216,23551,770,97
1722,3522,23552,5216,23552,770,97
1721,3522,23553,5216,23553,770,97
1722,3522,23554,5216,23554,770,97
1722,3522,23555,5216,23555,770,97
1722,3522,23556,5216,23556,770,97
1722,3522,23557,5216,23557,770,97
1722,3522,23558,5216,23558,770,97
1722,3522,23559,5216,23559,770,97
1722,3522,23560,5216,23560,770,97
1722,3522,23561,5216,23561,770,97
1722,3522,23562,5216,23562,770,97
1723,3522,23563,5216,23563,770,97
1723,3522,23564,5216,23564,770,97
1723,3522,23565,5216,23565,770,97
1723,3522,23566,5216,23566,770,97
1723,3522,23567,5216,23567,770,97
1722,3522,23568,5216,23568,770,97
1722,3522,23569,5216,23569,770,97
1722,3522,23570,5216,23570,770,97
1721,3522,23571,5216,23571,770,97
1721,3522,23572,5216,23572,770,97
1721,3522,23573,5216,23573,770,97
1721,3522,23574,5216,23574,770,97
1721,3522,23575,5216,23575,770,97
1721,3522,23576,5216,23576,770,97
1721,3522,23577,5216,23577,770,97
1721,3522,23578,5216,23578,770,97
1721,3522,23579,5216,23579,770,97
1721,3522,23580,5216,23580,770,97
1720,3522,23581,5216,23581,770,97
1720,3522,23582,5216,23582,770,97
1720,3522,23583,5216,23583,770,97
1720,3522,23584,5216,23584,770,97
1720,3522,23585,5216,23585,770,97
1720,3522,23586,5216,23586,770,97
1720,3522,23587,5216,23587,770,97
1720,3522,23588,5216,23588,770,97
1720,3522,23589,5216,23589,770,97
1720,3522,23590,5216,23590,770,97
1720,3522,23591,5216,23591,770,97
1720,3522,23592,5216,23592,770,97
1718,3522,23593,5216,23593,770,97
1718,3522,23594,5216,23594,770,97
1718,3522,23595,5216,23595,770,97
1718,3522,23596,5216,23596,770,97
1718,3522,23597,5216,23597,770,97
1718,3522,23598,5216,23598,770,97
1718,3522,23599,5216,23599,770,97
1718,3522,23600,5216,23600,770,97
1718,3522,23601,5216,23601,770,97
1718,3522,23602,5216,23602,770,97
1718,3522,23603,5216,23603,770,97
1718,3522,23604,5216,23604,770,97
1718,3522,23605,5216,23605,770,97
1717,3522,23606,5216,23606,770,97
1717,3522,23607,5216,23607,770,97
1717,3522,23608,5216,23608,770,97
1717,3522,23609,5216,23609,770,97
1717,3522,23610,5216,23610,770,97
1717,3522,23611,5216,23611,770,97
1717,3522,23612,5216,23612,770,97
1717,3522,23613,5216,23613,770,97
1717,3522,23614,5216,23614,770,97
1716,3522,23615,5216,23615,770,97
1716,3522,23616,5216,23616,770,97
1716,3522,23617,5216,23617,770,97
1716,3522,23618,5216,23618,770,97
1716,3522,23619,5216,23619,770,97
1716,3522,23620,5216,23620,770,97
1716,3522,23621,5216,23621,770,97
1715,3522,23622,5216,23622,770,96
1715,3522,23623,5216,23623,770,96
1715,3522,23624,5216,23624,770,96
1715,3522,23625,5216,23625,770,96
1715,3522,23626,5216,23626,770,96
1715,3522,23627,5216,23627,770,96
1715,3522,23628,5216,23628,770,96
1715,3522,23629,5216,23629,770,96
1715,3522,23630,5216,23630,770,96
1715,3522,23631,5216,23631,770,96
1715,3522,23632,5216,23632,770,96
1715,3522,23633,5216,23633,770,96
1715,3522,23634,5216,23634,770,96
1715,3522,23635,5216,23635,770,96
1715,3522,23636,5216,23636,770,96
1714,3522,23637,5216,23637,770,96
1714,3522,23638,5216,23638,770,96
1714,3522,23639,5216,23639,770,96
1714,3522,23640,5216,23640,770,96
1714,3522,23641,5216,23641,770,96
1714,3522,23642,5216,23642,770,96
1714,3522,23643,5216,23643,770,96
1713,3522,23644,5216,23644,770,96
1713,3522,23645,5216,23645,770,96
1713,3522,23646,5216,23646,770,96
1713,3522,23647,5216,23647,770,96
1713,3522,23648,5216,23648,770,96
1713,3522,23649,5216,23649,770,96
1713,3522,23650,5216,23650,770,96
1713,3522,23651,5216,23651,770,96
1713,3522,23652,5216,23652,770,96
1713,3522,23653,5216,23653,770,96
1713,3522,23654,5216,23654,770,96
1713,3522,23655,5216,23655,770,96
1714,3522,23656,5216,23656,770,96
1714,3522,23657,5216,23657,770,96
1714,3522,23658,5216,23658,770,96
1714,3522,23659,5216,23659,770,96
1714,3522,23660,5216,23660,770,96
1714,3522,23661,5216,23661,770,96
1714,3522,23662,5216,23662,770,96
1714,3522,23663,5216,23663,770,96
1714,3522,23664,5216,23664,770,96
1714,3522,23665,5216,23665,770,96
1714,3522,23666,5216,23666,770,96
1714,3522,23667,5216,23667,770,96
1714,3522,23668,5216,23668,770,96
1714,3522,23669,5216,23669,770,96
1714,3522,23670,5216,23670,770,96
1714,3522,23671,5216,23671,770,96
1714,3522,23672,5216,23672,770,96
1714,3522,23673,5216,23673,770,96
1714,3522,23674,5216,23674,770,96
1714,3522,23675,5216,23675,770,96
1714,3522,23676,5216,23676,770,96
1714,3522,23677,5216,23677,770,96
1714,3522,23678,5216,23678,770,96
1714,3522,23679,5216,23679,770,96
1714,3522,23680,5216,23680,770,96
1714,3522,23681,5216,23681,770,96
1714,3522,23682,5216,23682,770,96
1714,3522,23683,5216,23683,770,96
1714,3522,23684,5216,23684,770,96
1715,3522,23685,5216,23685,770,96
1715,3522,23686,5216,23686,770,96
1715,3522,23687,5216,23687,770,96
1715,3522,23688,5216,23688,770,96
1715,3522,23689,5216,23689,770,96
1715,3522,23690,5216,23690,770,96
1715,3522,23691,5216,23691,770,96
1715,3522,23692,5216,23692,770,96
1715,3522,23693,5216,23693,770,96
1715,3522,23694,5216,23694,770,96
1715,3522,23695,5216,23695,770,96
1715,3522,23696,5216,23696,770,96
1713,3522,23697,5216,23697,770,96
1713,3522,23698,5216,23698,770,96
1713,3522,23699,5216,23699,770,96
1713,3522,23700,5216,23700,770,96
1713,3522,23701,5216,23701,770,96
1713,3522,23702,5216,23702,770,96
1713,3522,23703,5216,23703,770,96
1713,3522,23704,5216,23704,770,96
1713,3522,23705,5216,23705,770,96
1713,3522,23706,5216,23706,770,96
1713,3522,23707,5216,23707,770,96
1713,3522,23708,5216,23708,770,96
1712,3522,23709,5216,23709,770,95
1712,3522,23710,5216,23710,770,95
1712,3522,23711,5216,23711,770,95
1712,3522,23712,5216,23712,770,95
1712,3522,23713,5216,23713,770,95
1712,3522,23714,5216,23714,770,95
1713,3522,23715,5216,23715,770,95
1713,3522,23716,5216,23716,770,95
1713,3522,23717,5216,23717,770,95
1713,3522,23718,5216,23718,770,95
1713,3522,23719,5216,23719,770,95
1713,3522,23720,5216,23720,770,95
1713,3522,23721,5216,23721,770,95
1713,3522,23722,5216,23722,770,95
1713,3522,23723,5216,23723,770,95
1713,3522,23724,5216,23724,770,95
1713,3522,23725,5216,23725,770,95
1713,3522,23726,5216,23726,770,95
1713,3522,23727,5216,23727,770,95
1712,3522,23728,5216,23728,770,95
1712,3522,23729,5216,23729,770,95
1712,3522,23730,5216,23730,770,95
1712,3522,23731,5216,23731,770,95
1711,3522,23732,5216,23732,770,95
1711,3522,23733,5216,23733,770,95
1711,3522,23734,5216,23734,770,95
1711,3522,23735,5216,23735,770,95
1711,3522,23736,5216,23736,770,95
1711,3522,23737,5216,23737,770,95
1711,3522,23738,5216,23738,770,95
1711,3522,23739,5216,23739,770,95
1711,3522,23740,5216,23740,770,95
1711,3522,23741,5216,23741,770,95
1711,3522,23742,5216,23742,770,95
1710,3522,23743,5216,23743,770,95
1710,3522,23744,5216,23744,770,95
1710,3522,23745,5216,23745,770,95
1710,3522,23746,5216,23746,770,95
1710,3522,23747,5216,23747,770,95
1710,3522,23748,5216,23748,770,95
1710,3522,23749,5216,23749,770,95
1710,3522,23750,5216,23750,770,95
1710,3522,23751,5216,23751,770,95
1710,3522,23752,5216,23752,770,95
1710,3522,23753,5216,23753,770,95
1709,3522,23754,5216,23754,770,95
1710,3522,23755,5216,23755,770,95
1711,3522,23756,5216,23756,770,95
1711,3522,23757,5216,23757,770,95
1711,3522,23758,5216,23758,770,95
1711,3522,23759,5216,23759,770,95
1712,3522,23760,5216,23760,770,95
1712,3522,23761,5216,23761,770,95
1712,3522,23762,5216,23762,770,95
1712,3522,23763,5216,23763,770,95
1713,3522,23764,5216,23764,770,95
1713,3522,23765,5216,23765,770,95
1713,3522,23766,5216,23766,770,95
1713,3522,23767,5216,23767,770,95
1713,3522,23768,5216,23768,770,95
1713,3522,23769,5216,23769,770,95
1713,3522,23770,5216,23770,770,95
1712,3522,23771,5216,23771,770,95
1713,3522,23772,5216,23772,770,95
1713,3522,23773,5216,23773,770,95
1713,3522,23774,5216,23774,770,95
1713,3522,23775,5216,23775,770,95
1713,3522,23776,5216,23776,770,95
1713,3522,23777,5216,23777,770,95
1713,3522,23778,5216,23778,770,95
1713,3522,23779,5216,23779,770,95
1713,3522,23780,5216,23780,770,95
1713,3522,23781,5216,23781,770,95
1713,3522,23782,5216,23782,770,95
1713,3522,23783,5216,23783,770,95
1713,3522,23784,5216,23784,770,95
1713,3522,23785,5216,23785,770,95
1713,3522,23786,5216,23786,770,95
1713,3522,23787,5216,23787,770,95
1713,3522,23788,5216,23788,770,95
1713,3522,23789,5216,23789,770,95
1713,3522,23790,5216,23790,770,95
1713,3522,23791,5216,23791,770,95
1713,3522,23792,5216,23792,770,95
1713,3522,23793,5216,23793,770,95
1712,3522,23794,5216,23794,770,95
1712,3522,23795,5216,23795,770,95
1712,3522,23796,5216,23796,770,95
1712,3522,23797,5216,23797,770,95
1712,3522,23798,5216,23798,770,95
1712,3522,23799,5216,23799,770,95
1712,3522,23800,5216,23800,770,95
1712,3522,23801,5216,23801,770,95
1712,3522,23802,5216,23802,770,95
1712,3522,23803,5216,23803,770,95
1712,3522,23804,5216,23804,770,95
1712,3522,23805,5216,23805,770,95
1712,3522,23806,5216,23806,770,95
1712,3522,23807,5216,23807,770,95
1712,3522,23808,5216,23808,770,95
1712,3522,23809,5216,23809,770,95
1712,3522,23810,5216,23810,770,95
1712,3522,23811,5216,23811,770,95
1712,3522,23812,5216,23812,770,95
1711,3522,23813,5216,23813,770,95
1711,3522,23814,5216,23814,770,95
1711,3522,23815,5216,23815,770,95
1712,3522,23816,5216,23816,770,95
1712,3522,23817,5216,23817,770,95
1712,3522,23818,5216,23818,770,95
1712,3522,23819,5216,23819,770,95
1712,3522,23820,5216,23820,770,95
1711,3522,23821,5216,23821,770,95
1711,3522,23822,5216,23822,770,95
1711,3522,23823,5216,23823,770,95
1711,3522,23824,5216,23824,770,95
1711,3522,23825,5216,23825,770,95
1711,3522,23826,5216,23826,770,95
1712,3522,23827,5216,23827,770,95
1712,3522,23828,5216,23828,770,95
1712,3522,23829,5216,23829,770,95
1712,3522,23830,5216,23830,770,95
1712,3522,23831,5216,23831,770,95
1712,3522,23832,5216,23832,770,95
1712,3522,23833,5216,23833,770,95
1712,3522,23834,5216,23834,770,95
1712,3522,23835,5216,23835,770,95
1711,3522,23836,5216,23836,770,94
1711,3522,23837,5216,23837,770,94
1712,3522,23838,5216,23838,770,94
1712,3522,23839,5216,23839,770,94
1712,3522,23840,5216,23840,770,94
1712,3522,23841,5216,23841,770,94
1712,3522,23842,5216,23842,770,94
1712,3522,23843,5216,23843,770,94
1712,3522,23844,5216,23844,770,94
1711,3522,23845,5216,23845,770,94
1711,3522,23846,5216,23846,770,94
1711,3522,23847,5216,23847,770,94
1711,3522,23848,5216,23848,770,94
1711,3522,23849,5216,23849,770,94
1711,3522,23850,5216,23850,770,94
1711,3522,23851,5216,23851,770,94
1711,3522,23852,5216,23852,770,94
1711,3522,23853,5216,23853,770,94
1711,3522,23854,5216,23854,770,94
1711,3522,23855,5216,23855,770,94
1710,3522,23856,5216,23856,770,94
1710,3522,23857,5216,23857,770,94
1710,3522,23858,5216,23858,770,94
1710,3522,23859,5216,23859,770,94
1710,3522,23860,5216,23860,770,94
1710,3522,23861,5216,23861,770,94
1710,3522,23862,5216,23862,770,94
1710,3522,23863,5216,23863,770,94
1710,3522,23864,5216,23864,770,94
1710,3522,23865,5216,23865,770,94
1710,3522,23866,5216,23866,770,94
1710,3522,23867,5216,23867,770,94
1710,3522,23868,5216,23868,770,94
1710,3522,23869,5216,23869,770,94
1710,3522,23870,5216,23870,770,94
1711,3522,23871,5216,23871,770,94
1711,3522,23872,5216,23872,770,94
1711,3522,23873,5216,23873,770,94
1711,3522,23874,5216,23874,770,94
1711,3522,23875,5216,23875,770,94
1711,3522,23876,5216,23876,770,94
1711,3522,23877,5216,23877,770,94
1712,3522,23878,5216,23878,770,94
1712,3522,23879,5216,23879,770,94
1712,3522,23880,5216,23880,770,94
1712,3522,23881,5216,23881,770,94
1712,3522,23882,5216,23882,770,94
1712,3522,23883,5216,23883,770,94
1712,3522,23884,5216,23884,770,94
1712,3522,23885,5216,23885,770,94
1712,3522,23886,5216,23886,770,94
1712,3522,23887,5216,23887,770,94
1712,3522,23888,5216,23888,770,94
1712,3522,23889,5216,23889,770,94
1712,3522,23890,5216,23890,770,94
1712,3522,23891,5216,23891,770,94
1712,3522,23892,5216,23892,770,94
1712,3522,23893,5216,23893,770,94
1712,3522,23894,5216,23894,770,94
1712,3522,23895,5216,23895,770,94
1712,3522,23896,5216,23896,770,94
1712,3522,23897,5216,23897,770,94
1712,3522,23898,5216,23898,770,94
1712,3522,23899,5216,23899,770,94
1712,3522,23900,5216,23900,770,94
1712,3522,23901,5216,23901,770,94
1712,3522,23902,5216,23902,770,94
1713,3522,23903,5216,23903,770,94
1713,3522,23904,5216,23904,770,94
1713,3522,23905,5216,23905,770,94
1713,3522,23906,5216,23906,770,94
1713,3522,23907,5216,23907,770,94
1713,3522,23908,5216,23908,770,94
1713,3522,23909,5216,23909,770,94
1713,3522,23910,5216,23910,770,94
1713,3522,23911,5216,23911,770,94
1713,3522,23912,5216,23912,770,94
1713,3522,23913,5216,23913,770,94
1713,3522,23914,5216,23914,770,94
1713,3522,23915,5216,23915,770,94
1713,3522,23916,5216,23916,770,94
1713,3522,23917,5216,23917,770,94
1714,3522,23918,5216,23918,770,94
1714,3522,23919,5216,23919,770,94
1714,3522,23920,5216,23920,770,94
1714,3522,23921,5216,23921,770,94
1714,3522,23922,5216,23922,770,94
1714,3522,23923,5216,23923,770,94
1714,3522,23924,5216,23924,770,94
1715,3522,23925,5216,23925,770,94
1715,3522,23926,5216,23926,770,94
1715,3522,23927,5216,23927,770,94
1715,3522,23928,5216,23928,770,94
1715,3522,23929,5216,23929,770,94
1715,3522,23930,5216,23930,770,94
1715,3522,23931,5216,23931,770,94
1715,3522,23932,5216,23932,770,94
1715,3522,23933,5216,23933,770,94
1715,3522,23934,5216,23934,770,94
1715,3522,23935,5216,23935,770,94
1715,3522,23936,5216,23936,770,94
1715,3522,23937,5216,23937,770,94
1715,3522,23938,5216,23938,770,94
1715,3522,23939,5216,23939,770,94
1715,3522,23940,5216,23940,770,94
1714,3522,23941,5216,23941,770,93
1714,3522,23942,5216,23942,770,93
1714,3522,23943,5216,23943,770,93
1714,3522,23944,5216,23944,770,93
1714,3522,23945,5216,23945,770,93
1714,3522,23946,5216,23946,770,93
1714,3522,23947,5216,23947,770,93
1714,3522,23948,5216,23948,770,93
1714,3522,23949,5216,23949,770,93
1713,3522,23950,5216,23950,770,93
1713,3522,23951,5216,23951,770,93
1713,3522,23952,5216,23952,770,93
1713,3522,23953,5216,23953,770,93
1713,3522,23954,5216,23954,770,93
1713,3522,23955,5216,23955,770,93
1713,3522,23956,5216,23956,770,93
1713,3522,23957,5216,23957,770,93
1713,3522,23958,5216,23958,770,93
1714,3522,23959,5216,23959,770,93
1714,3522,23960,5216,23960,770,93
1714,3522,23961,5216,23961,770,93
1714,3522,23962,5216,23962,770,93
1714,3522,23963,5216,23963,770,93
1714,3522,23964,5216,23964,770,93
1714,3522,23965,5216,23965,770,93
1714,3522,23966,5216,23966,770,93
1714,3522,23967,5216,23967,770,93
1714,3522,23968,5216,23968,770,93
1714,3522,23969,5216,23969,770,93
1714,3522,23970,5216,23970,770,93
1714,3522,23971,5216,23971,770,93
1714,3522,23972,5216,23972,770,93
1714,3522,23973,5216,23973,770,93
1714,3522,23974,5216,23974,770,93
1714,3522,23975,5216,23975,770,93
1714,3522,23976,5216,23976,770,93
1714,3522,23977,5216,23977,770,93
1714,3522,23978,5216,23978,770,93
1714,3522,23979,5216,23979,770,93
1714,3522,23980,5216,23980,770,93
1715,3522,23981,5216,23981,770,93
1715,3522,23982,5216,23982,770,93
1715,3522,23983,5216,23983,770,93
1715,3522,23984,5216,23984,770,93
1715,3522,23985,5216,23985,770,93
1715,3522,23986,5216,23986,770,93
1715,3522,23987,5216,23987,770,93
1715,3522,23988,5216,23988,770,93
1713,3522,23989,5216,23989,770,93
1713,3522,23990,5216,23990,770,93
1713,3522,23991,5216,23991,770,93
1713,3522,23992,5216,23992,770,93
1713,3522,23993,5216,23993,770,93
1713,3522,23994,5216,23994,770,93
1713,3522,23995,5216,23995,770,93
1713,3522,23996,5216,23996,770,93
1713,3522,23997,5216,23997,770,93
1713,3522,23998,5216,23998,770,93
1713,3522,23999,5216,23999,770,93
1713,3522,24000,5216,24000,770,93
1713,3522,24001,5216,24001,770,93
1711,3522,24002,5216,24002,770,93
1712,3522,24003,5216,24003,770,93
1712,3522,24004,5216,24004,770,93
1712,3522,24005,5216,24005,770,93
1712,3522,24006,5216,24006,770,93
1711,3522,24007,5216,24007,770,93
1711,3522,24008,5216,24008,770,93
1711,3522,24009,5216,24009,770,93
1711,3522,24010,5216,24010,770,93
1711,3522,24011,5216,24011,770,93
1711,3522,24012,5216,24012,770,93
1711,3522,24013,5216,24013,770,93
1712,3522,24014,5216,24014,770,93
1711,3522,24015,5216,24015,770,93
1711,3522,24016,5216,24016,770,93
1711,3522,24017,5216,24017,770,93
1711,3522,24018,5216,24018,770,93
1711,3522,24019,5216,24019,770,93
1711,3522,24020,5216,24020,770,93
1711,3522,24021,5216,24021,770,93
1710,3522,24022,5216,24022,770,93
1710,3522,24023,5216,24023,770,93
1710,3522,24024,5216,24024,770,93
1710,3522,24025,5216,24025,770,93
1710,3522,24026,5216,24026,770,93
1710,3522,24027,5216,24027,770,93
1710,3522,24028,5216,24028,770,93
1710,3522,24029,5216,24029,770,93
1710,3522,24030,5216,24030,770,93
1709,3522,24031,5216,24031,770,93
1709,3522,24032,5216,24032,770,93
1709,3522,24033,5216,24033,770,93
1709,3522,24034,5216,24034,770,93
1709,3522,24035,5216,24035,770,93
1709,3522,24036,5216,24036,770,93
1709,3522,24037,5216,24037,770,93
1709,3522,24038,5216,24038,770,93
1709,3522,24039,5216,24039,770,93
1709,3522,24040,5216,24040,770,93
1709,3522,24041,5216,24041,770,93
1708,3522,24042,5216,24042,770,93
1708,3522,24043,5216,24043,770,93
1708,3522,24044,5216,24044,770,93
1707,3522,24045,5216,24045,770,93
1707,3522,24046,5216,24046,770,93
1707,3522,24047,5216,24047,770,93
1707,3522,24048,5216,24048,770,93
1707,3522,24049,5216,24049,770,93
1707,3522,24050,5216,24050,770,93
1707,3522,24051,5216,24051,770,93
1707,3522,24052,5216,24052,770,93
1706,3522,24053,5216,24053,770,93
1706,3522,24054,5216,24054,770,93
1706,3522,24055,5216,24055,770,93
1706,3522,24056,5216,24056,770,93
1706,3522,24057,5216,24057,770,93
1706,3522,24058,5216,24058,770,93
1706,3522,24059,5216,24059,770,93
1706,3522,24060,5216,24060,770,93
1707,3522,24061,5216,24061,770,93
1707,3522,24062,5216,24062,770,93
1707,3522,24063,5216,24063,770,93
1707,3522,24064,5216,24064,770,93
1707,3522,24065,5216,24065,770,93
1707,3522,24066,5216,24066,770,93
1707,3522,24067,5216,24067,770,93
1707,3522,24068,5216,24068,770,93
1707,3522,24069,5216,24069,770,93
1707,3522,24070,5216,24070,770,93
1707,3522,24071,5216,24071,770,93
1707,3522,24072,5216,24072,770,93
1707,3522,24073,5216,24073,770,93
1707,3522,24074,5216,24074,770,93
1707,3522,24075,5216,24075,770,93
1707,3522,24076,5216,24076,770,93
1707,3522,24077,5216,24077,770,93
1707,3522,24078,5216,24078,770,93
1707,3522,24079,5216,24079,770,93
1707,3522,24080,5216,24080,770,93
1707,3522,24081,5216,24081,770,93
1707,3522,24082,5216,24082,770,93
1707,3522,24083,5216,24083,770,93
1707,3522,24084,5216,24084,770,93
1708,3522,24085,5216,24085,770,93
1708,3522,24086,5216,24086,770,93
1708,3522,24087,5216,24087,770,93
1708,3522,24088,5216,24088,770,93
1708,3522,24089,5216,24089,770,93
1708,3522,24090,5216,24090,770,93
1708,3522,24091,5216,24091,770,93
1708,3522,24092,5216,24092,770,93
1709,3522,24093,5216,24093,770,93
1709,3522,24094,5216,24094,770,93
1709,3522,24095,5216,24095,770,93
1709,3522,24096,5216,24096,770,93
1709,3522,24097,5216,24097,770,93
1709,3522,24098,5216,24098,770,93
1709,3522,24099,5216,24099,770,93
1709,3522,24100,5216,24100,770,93
1709,3522,24101,5216,24101,770,93
1709,3522,24102,5216,24102,770,93
1709,3522,24103,5216,24103,770,93
1709,3522,24104,5216,24104,770,93
1709,3522,24105,5216,24105,770,93
1709,3522,24106,5216,24106,770,93
1707,3522,24107,5216,24107,770,93
1707,3522,24108,5216,24108,770,93
1707,3522,24109,5216,24109,770,93
1707,3522,24110,5216,24110,770,93
1707,3522,24111,5216,24111,770,93
1707,3522,24112,5216,24112,770,93
1707,3522,24113,5216,24113,770,93
1707,3522,24114,5216,24114,770,93
1707,3522,24115,5216,24115,770,93
1707,3522,24116,5216,24116,770,93
1706,3522,24117,5216,24117,770,93
1706,3522,24118,5216,24118,770,93
1706,3522,24119,5216,24119,770,93
1706,3522,24120,5216,24120,770,93
1706,3522,24121,5216,24121,770,93
1706,3522,24122,5216,24122,770,93
1706,3522,24123,5216,24123,770,93
1706,3522,24124,5216,24124,770,93
1706,3522,24125,5216,24125,770,93
1706,3522,24126,5216,24126,770,93
1707,3522,24127,5216,24127,770,93
1707,3522,24128,5216,24128,770,93
1707,3522,24129,5216,24129,770,93
1707,3522,24130,5216,24130,770,93
1707,3522,24131,5216,24131,770,93
1707,3522,24132,5216,24132,770,93
1707,3522,24133,5216,24133,770,93
1707,3522,24134,5216,24134,770,93
1707,3522,24135,5216,24135,770,93
1707,3522,24136,5216,24136,770,93
1707,3522,24137,5216,24137,770,93
1707,3522,24138,5216,24138,770,93
1707,3522,24139,5216,24139,770,93
1706,3522,24140,5216,24140,770,93
1706,3522,24141,5216,24141,770,93
1706,3522,24142,5216,24142,770,93
1706,3522,24143,5216,24143,770,93
1706,3522,24144,5216,24144,770,93
1706,3522,24145,5216,24145,770,93
1706,3522,24146,5216,24146,770,93
1706,3522,24147,5216,24147,770,93
1705,3522,24148,5216,24148,770,92
1705,3522,24149,5216,24149,770,92
1705,3522,24150,5216,24150,770,92
1705,3522,24151,5216,24151,770,92
1705,3522,24152,5216,24152,770,92
1705,3522,24153,5216,24153,770,92
1703,3522,24154,5216,24154,770,92
1703,3522,24155,5216,24155,770,92
1703,3522,24156,5216,24156,770,92
1703,3522,24157,5216,24157,770,92
1703,3522,24158,5216,24158,770,92
1702,3522,24159,5216,24159,770,92
1702,3522,24160,5216,24160,770,92
1702,3522,24161,5216,24161,770,92
1702,3522,24162,5216,24162,770,92
1702,3522,24163,5216,24163,770,92
1702,3522,24164,5216,24164,770,92
1702,3522,24165,5216,24165,770,92
1702,3522,24166,5216,24166,770,92
1702,3522,24167,5216,24167,770,92
1701,3522,24168,5216,24168,770,92
1701,3522,24169,5216,24169,770,92
1701,3522,24170,5216,24170,770,92
1701,3522,24171,5216,24171,770,92
1701,3522,24172,5216,24172,770,92
1701,3522,24173,5216,24173,770,92
1701,3522,24174,5216,24174,770,92
1701,3522,24175,5216,24175,770,92
1701,3522,24176,5216,24176,770,92
1701,3522,24177,5216,24177,770,92
1701,3522,24178,5216,24178,770,92
1702,3522,24179,5216,24179,770,92
1702,3522,24180,5216,24180,770,92
1702,3522,24181,5216,24181,770,92
1702,3522,24182,5216,24182,770,92
1702,3522,24183,5216,24183,770,92
1702,3522,24184,5216,24184,770,92
1702,3522,24185,5216,24185,770,92
1702,3522,24186,5216,24186,770,92
1703,3522,24187,5216,24187,770,92
1703,3522,24188,5216,24188,770,92
1703,3522,24189,5216,24189,770,92
1703,3522,24190,5216,24190,770,92
1703,3522,24191,5216,24191,770,92
1703,3522,24192,5216,24192,770,92
1703,3522,24193,5216,24193,770,92
1703,3522,24194,5216,24194,770,92
1703,3522,24195,5216,24195,770,92
1703,3522,24196,5216,24196,770,92
1703,3522,24197,5216,24197,770,92
1703,3522,24198,5216,24198,770,92
1703,3522,24199,5216,24199,770,92
1703,3522,24200,5216,24200,770,92
1703,3522,24201,5216,24201,770,92
1703,3522,24202,5216,24202,770,92
1703,3522,24203,5216,24203,770,92
1703,3522,24204,5216,24204,770,92
1703,3522,24205,5216,24205,770,92
1703,3522,24206,5216,24206,770,92
1703,3522,24207,5216,24207,770,92
1703,3522,24208,5216,24208,770,92
1703,3522,24209,5216,24209,770,92
1703,3522,24210,5216,24210,770,92
1703,3522,24211,5216,24211,770,92
1703,3522,24212,5216,24212,770,92
1703,3522,24213,5216,24213,770,92
1703,3522,24214,5216,24214,770,92
1703,3522,24215,5216,24215,770,92
1703,3522,24216,5216,24216,770,92
1703,3522,24217,5216,24217,770,92
1703,3522,24218,5216,24218,770,92
1703,3522,24219,5216,24219,770,92
1703,3522,24220,5216,24220,770,92
1703,3522,24221,5216,24221,770,92
1703,3522,24222,5216,24222,770,92
1702,3522,24223,5216,24223,770,92
1701,3522,24224,5216,24224,770,92
1701,3522,24225,5216,24225,770,92
1701,3522,24226,5216,24226,770,92
1701,3522,24227,5216,24227,770,92
1701,3522,24228,5216,24228,770,92
1701,3522,24229,5216,24229,770,92
1701,3522,24230,5216,24230,770,92
1701,3522,24231,5216,24231,770,92
1701,3522,24232,5216,24232,770,92
1701,3522,24233,5216,24233,770,92
1701,3522,24234,5216,24234,770,92
1701,3522,24235,5216,24235,770,92
1701,3522,24236,5216,24236,770,92
1701,3522,24237,5216,24237,770,92
1701,3522,24238,5216,24238,770,92
1701,3522,24239,5216,24239,770,92
1701,3522,24240,5216,24240,770,92
1701,3522,24241,5216,24241,770,92
1702,3522,24242,5216,24242,770,92
1703,3522,24243,5216,24243,770,92
1703,3522,24244,5216,24244,770,92
1703,3522,24245,5216,24245,770,92
1703,3522,24246,5216,24246,770,92
1704,3522,24247,5216,24247,770,92
1704,3522,24248,5216,24248,770,92
1704,3522,24249,5216,24249,770,92
1704,3522,24250,5216,24250,770,92
1704,3522,24251,5216,24251,770,92
1704,3522,24252,5216,24252,770,92
1704,3522,24253,5216,24253,770,92
1704,3522,24254,5216,24254,770,92
1704,3522,24255,5216,24255,770,92
1704,3522,24256,5216,24256,770,92
1704,3522,24257,5216,24257,770,92
1704,3522,24258,5216,24258,770,92
1704,3522,24259,5216,24259,770,92
1704,3522,24260,5216,24260,770,92
1704,3522,24261,5216,24261,770,92
1704,3522,24262,5216,24262,770,92
1703,3522,24263,5216,24263,770,92
1703,3522,24264,5216,24264,770,92
1702,3522,24265,5216,24265,770,92
1702,3522,24266,5216,24266,770,92
1702,3522,24267,5216,24267,770,92
1702,3522,24268,5216,24268,770,92
1702,3522,24269,5216,24269,770,92
1702,3522,24270,5216,24270,770,92
1702,3522,24271,5216,24271,770,92
1702,3522,24272,5216,24272,770,92
1702,3522,24273,5216,24273,770,92
1702,3522,24274,5216,24274,770,92
1702,3522,24275,5216,24275,770,92
1702,3522,24276,5216,24276,770,92
1702,3522,24277,5216,24277,770,92
1702,3522,24278,5216,24278,770,92
1702,3522,24279,5216,24279,770,92
1702,3522,24280,5216,24280,770,92
1702,3522,24281,5216,24281,770,92
1702,3522,24282,5216,24282,770,92
1702,3522,24283,5216,24283,770,92
1702,3522,24284,5216,24284,770,92
1702,3522,24285,5216,24285,770,92
1702,3522,24286,5216,24286,770,92
1702,3522,24287,5216,24287,770,92
1702,3522,24288,5216,24288,770,92
1701,3522,24289,5216,24289,770,92
1701,3522,24290,5216,24290,770,92
1701,3522,24291,5216,24291,770,92
1701,3522,24292,5216,24292,770,92
1701,3522,24293,5216,24293,770,92
1701,3522,24294,5216,24294,770,92
1701,3522,24295,5216,24295,770,92
1701,3522,24296,5216,24296,770,92
1701,3522,24297,5216,24297,770,92
1702,3522,24298,5216,24298,770,92
1702,3522,24299,5216,24299,770,92
1700,3522,24300,5216,24300,770,92
1700,3522,24301,5216,24301,770,92
1701,3522,24302,5216,24302,770,92
1701,3522,24303,5216,24303,770,92
1701,3522,24304,5216,24304,770,92
1701,3522,24305,5216,24305,770,92
1701,3522,24306,5216,24306,770,92
1701,3522,24307,5216,24307,770,92
1701,3522,24308,5216,24308,770,92
1701,3522,24309,5216,24309,770,92
1701,3522,24310,5216,24310,770,92
1701,3522,24311,5216,24311,770,92
1701,3522,24312,5216,24312,770,92
1701,3522,24313,5216,24313,770,92
1701,3522,24314,5216,24314,770,92
1701,3522,24315,5216,24315,770,92
1701,3522,24316,5216,24316,770,92
1701,3522,24317,5216,24317,770,92
1701,3522,24318,5216,24318,770,92
1701,3522,24319,5216,24319,770,92
1701,3522,24320,5216,24320,770,92
1701,3522,24321,5216,24321,770,92
1701,3522,24322,5216,24322,770,92
1699,3522,24323,5216,24323,770,92
1699,3522,24324,5216,24324,770,92
1699,3522,24325,5216,24325,770,92
1699,3522,24326,5216,24326,770,92
1699,3522,24327,5216,24327,770,92
1699,3522,24328,5216,24328,770,92
1699,3522,24329,5216,24329,770,92
1699,3522,24330,5216,24330,770,92
1699,3522,24331,5216,24331,770,92
1699,3522,24332,5216,24332,770,92
1699,3522,24333,5216,24333,770,92
1699,3522,24334,5216,24334,770,92
1699,3522,24335,5216,24335,770,92
1699,3522,24336,5216,24336,770,92
1698,3522,24337,5216,24337,770,92
1698,3522,24338,5216,24338,770,92
1698,3522,24339,5216,24339,770,92
1698,3522,24340,5216,24340,770,92
1698,3522,24341,5216,24341,770,92
1698,3522,24342,5216,24342,770,92
1698,3522,24343,5216,24343,770,92
1698,3522,24344,5216,24344,770,92
1698,3522,24345,5216,24345,770,92
1698,3522,24346,5216,24346,770,92
1699,3522,24347,5216,24347,770,92
1699,3522,24348,5216,24348,770,92
1699,3522,24349,5216,24349,770,92
1699,3522,24350,5216,24350,770,92
1699,3522,24351,5216,24351,770,92
1699,3522,24352,5216,24352,770,92
1699,3522,24353,5216,24353,770,92
1699,3522,24354,5216,24354,770,92
1699,3522,24355,5216,24355,770,92
1699,3522,24356,5216,24356,770,92
1699,3522,24357,5216,24357,770,92
1699,3522,24358,5216,24358,770,92
1699,3522,24359,5216,24359,770,92
1697,3522,24360,5216,24360,770,92
1697,3522,24361,5216,24361,770,92
1697,3522,24362,5216,24362,770,92
1697,3522,24363,5216,24363,770,92
1697,3522,24364,5216,24364,770,92
1697,3522,24365,5216,24365,770,92
1697,3522,24366,5216,24366,770,92
1697,3522,24367,5216,24367,770,92
1697,3522,24368,5216,24368,770,92
1697,3522,24369,5216,24369,770,92
1697,3522,24370,5216,24370,770,92
1697,3522,24371,5216,24371,770,92
1697,3522,24372,5216,24372,770,92
1698,3522,24373,5216,24373,770,92
1698,3522,24374,5216,24374,770,92
1698,3522,24375,5216,24375,770,92
1698,3522,24376,5216,24376,770,92
1698,3522,24377,5216,24377,770,92
1698,3522,24378,5216,24378,770,92
1698,3522,24379,5216,24379,770,92
1698,3522,24380,5216,24380,770,92
1698,3522,24381,5216,24381,770,92
1698,3522,24382,5216,24382,770,92
1698,3522,24383,5216,24383,770,92
1698,3522,24384,5216,24384,770,92
1698,3522,24385,5216,24385,770,92
1698,3522,24386,5216,24386,770,92
1698,3522,24387,5216,24387,770,92
1698,3522,24388,5216,24388,770,92
1698,3522,24389,5216,24389,770,92
1698,3522,24390,5216,24390,770,92
1698,3522,24391,5216,24391,770,92
1698,3522,24392,5216,24392,770,92
1698,3522,24393,5216,24393,770,92
1698,3522,24394,5216,24394,770,92
1698,3522,24395,5216,24395,770,92
1698,3522,24396,5216,24396,770,92
1698,3522,24397,5216,24397,770,92
1698,3522,24398,5216,24398,770,92
1698,3522,24399,5216,24399,770,92
1698,3522,24400,5216,24400,770,92
1698,3522,24401,5216,24401,770,92
1698,3522,24402,5216,24402,770,92
1699,3522,24403,5216,24403,770,92
1699,3522,24404,5216,24404,770,92
1699,3522,24405,5216,24405,770,92
1699,3522,24406,5216,24406,770,92
1699,3522,24407,5216,24407,770,92
1699,3522,24408,5216,24408,770,92
1699,3522,24409,5216,24409,770,92
1699,3522,24410,5216,24410,770,92
1699,3522,24411,5216,24411,770,92
1699,3522,24412,5216,24412,770,92
1699,3522,24413,5216,24413,770,92
1699,3522,24414,5216,24414,770,92
1699,3522,24415,5216,24415,770,92
1699,3522,24416,5216,24416,770,92
1699,3522,24417,5216,24417,770,92
1699,3522,24418,5216,24418,770,92
1699,3522,24419,5216,24419,770,92
1699,3522,24420,5216,24420,770,92
1698,3522,24421,5216,24421,770,91
1698,3522,24422,5216,24422,770,91
1698,3522,24423,5216,24423,770,91
1698,3522,24424,5216,24424,770,91
1698,3522,24425,5216,24425,770,91
1698,3522,24426,5216,24426,770,91
1698,3522,24427,5216,24427,770,91
1698,3522,24428,5216,24428,770,91
1699,3522,24429,5216,24429,770,91
1699,3522,24430,5216,24430,770,91
1700,3522,24431,5216,24431,770,91
1700,3522,24432,5216,24432,770,91
1700,3522,24433,5216,24433,770,91
1700,3522,24434,5216,24434,770,91
1700,3522,24435,5216,24435,770,91
1700,3522,24436,5216,24436,770,91
1700,3522,24437,5216,24437,770,91
1700,3522,24438,5216,24438,770,91
1700,3522,24439,5216,24439,770,91
1700,3522,24440,5216,24440,770,91
1700,3522,24441,5216,24441,770,91
1700,3522,24442,5216,24442,770,91
1700,3522,24443,5216,24443,770,91
1700,3522,24444,5216,24444,770,91
1700,3522,24445,5216,24445,770,91
1700,3522,24446,5216,24446,770,91
1700,3522,24447,5216,24447,770,91
1700,3522,24448,5216,24448,770,91
1700,3522,24449,5216,24449,770,91
1700,3522,24450,5216,24450,770,91
1700,3522,24451,5216,24451,770,91
1700,3522,24452,5216,24452,770,91
1700,3522,24453,5216,24453,770,91
1700,3522,24454,5216,24454,770,91
1699,3522,24455,5216,24455,770,91
1699,3522,24456,5216,24456,770,91
1700,3522,24457,5216,24457,770,91
1700,3522,24458,5216,24458,770,91
1700,3522,24459,5216,24459,770,91
1700,3522,24460,5216,24460,770,91
1700,3522,24461,5216,24461,770,91
1700,3522,24462,5216,24462,770,91
1700,3522,24463,5216,24463,770,91
1700,3522,24464,5216,24464,770,91
1700,3522,24465,5216,24465,770,91
1701,3522,24466,5216,24466,770,91
1701,3522,24467,5216,24467,770,91
1701,3522,24468,5216,24468,770,91
1701,3522,24469,5216,24469,770,91
1701,3522,24470,5216,24470,770,91
1701,3522,24471,5216,24471,770,91
1701,3522,24472,5216,24472,770,91
1701,3522,24473,5216,24473,770,91
1701,3522,24474,5216,24474,770,91
1700,3522,24475,5216,24475,770,91
1700,3522,24476,5216,24476,770,91
1699,3522,24477,5216,24477,770,91
1699,3522,24478,5216,24478,770,91
1699,3522,24479,5216,24479,770,91
1699,3522,24480,5216,24480,770,91
1699,3522,24481,5216,24481,770,91
1699,3522,24482,5216,24482,770,91
1699,3522,24483,5216,24483,770,91
1699,3522,24484,5216,24484,770,91
1699,3522,24485,5216,24485,770,91
1699,3522,24486,5216,24486,770,91
1699,3522,24487,5216,24487,770,91
1699,3522,24488,5216,24488,770,91
1699,3522,24489,5216,24489,770,91
1699,3522,24490,5216,24490,770,91
1699,3522,24491,5216,24491,770,91
1699,3522,24492,5216,24492,770,91
1699,3522,24493,5216,24493,770,91
1699,3522,24494,5216,24494,770,91
1699,3522,24495,5216,24495,770,91
1699,3522,24496,5216,24496,770,91
1699,3522,24497,5216,24497,770,91
1699,3522,24498,5216,24498,770,91
1699,3522,24499,5216,24499,770,91
1699,3522,24500,5216,24500,770,91
1699,3522,24501,5216,24501,770,91
1699,3522,24502,5216,24502,770,91
1699,3522,24503,5216,24503,770,91
1699,3522,24504,5216,24504,770,91
1699,3522,24505,5216,24505,770,91
1699,3522,24506,5216,24506,770,91
1699,3522,24507,5216,24507,770,91
1699,3522,24508,5216,24508,770,91
1699,3522,24509,5216,24509,770,91
1699,3522,24510,5216,24510,770,91
1699,3522,24511,5216,24511,770,91
1699,3522,24512,5216,24512,770,91
1699,3522,24513,5216,24513,770,91
1699,3522,24514,5216,24514,770,91
1699,3522,24515,5216,24515,770,91
1699,3522,24516,5216,24516,770,91
1699,3522,24517,5216,24517,770,91
1699,3522,24518,5216,24518,770,91
1699,3522,24519,5216,24519,770,91
1699,3522,24520,5216,24520,770,91
1699,3522,24521,5216,24521,770,91
1699,3522,24522,5216,24522,770,91
1699,3522,24523,5216,24523,770,91
1699,3522,24524,5216,24524,770,91
1699,3522,24525,5216,24525,770,91
1699,3522,24526,5216,24526,770,91
1699,3522,24527,5216,24527,770,91
1699,3522,24528,5216,24528,770,91
1699,3522,24529,5216,24529,770,91
1699,3522,24530,5216,24530,770,91
1699,3522,24531,5216,24531,770,91
1699,3522,24532,5216,24532,770,91
1699,3522,24533,5216,24533,770,91
1699,3522,24534,5216,24534,770,91
1699,3522,24535,5216,24535,770,91
1699,3522,24536,5216,24536,770,91
1698,3522,24537,5216,24537,770,91
1698,3522,24538,5216,24538,770,91
1698,3522,24539,5216,24539,770,91
1698,3522,24540,5216,24540,770,91
1698,3522,24541,5216,24541,770,91
1698,3522,24542,5216,24542,770,91
1698,3522,24543,5216,24543,770,91
1699,3522,24544,5216,24544,770,91
1699,3522,24545,5216,24545,770,91
1699,3522,24546,5216,24546,770,91
1699,3522,24547,5216,24547,770,91
1699,3522,24548,5216,24548,770,91
1699,3522,24549,5216,24549,770,91
1699,3522,24550,5216,24550,770,91
1699,3522,24551,5216,24551,770,91
1699,3522,24552,5216,24552,770,91
1699,3522,24553,5216,24553,770,91
1699,3522,24554,5216,24554,770,91
1699,3522,24555,5216,24555,770,91
1699,3522,24556,5216,24556,770,91
1699,3522,24557,5216,24557,770,91
1699,3522,24558,5216,24558,770,91
1699,3522,24559,5216,24559,770,91
1699,3522,24560,5216,24560,770,91
1699,3522,24561,5216,24561,770,91
1699,3522,24562,5216,24562,770,91
1699,3522,24563,5216,24563,770,91
1699,3522,24564,5216,24564,770,91
1698,3522,24565,5216,24565,770,91
1698,3522,24566,5216,24566,770,91
1698,3522,24567,5216,24567,770,91
1698,3522,24568,5216,24568,770,91
1698,3522,24569,5216,24569,770,91
1698,3522,24570,5216,24570,770,91
1698,3522,24571,5216,24571,770,91
1698,3522,24572,5216,24572,770,91
1698,3522,24573,5216,24573,770,91
1698,3522,24574,5216,24574,770,91
1698,3522,24575,5216,24575,770,91
1698,3522,24576,5216,24576,770,91
1698,3522,24577,5216,24577,770,91
1698,3522,24578,5216,24578,770,91
1698,3522,24579,5216,24579,770,91
1698,3522,24580,5216,24580,770,91
1698,3522,24581,5216,24581,770,91
1698,3522,24582,5216,24582,770,91
1698,3522,24583,5216,24583,770,91
1698,3522,24584,5216,24584,770,91
1698,3522,24585,5216,24585,770,91
1698,3522,24586,5216,24586,770,91
1697,3522,24587,5216,24587,770,91
1697,3522,24588,5216,24588,770,91
1697,3522,24589,5216,24589,770,91
1697,3522,24590,5216,24590,770,91
1697,3522,24591,5216,24591,770,91
1697,3522,24592,5216,24592,770,91
1697,3522,24593,5216,24593,770,91
1697,3522,24594,5216,24594,770,91
1696,3522,24595,5216,24595,770,91
1696,3522,24596,5216,24596,770,91
1696,3522,24597,5216,24597,770,91
1696,3522,24598,5216,24598,770,91
1696,3522,24599,5216,24599,770,91
1696,3522,24600,5216,24600,770,91
1696,3522,24601,5216,24601,770,91
1696,3522,24602,5216,24602,770,91
1696,3522,24603,5216,24603,770,91
1696,3522,24604,5216,24604,770,91
1696,3522,24605,5216,24605,770,91
1696,3522,24606,5216,24606,770,91
1693,3522,24607,5216,24607,770,91
1693,3522,24608,5216,24608,770,91
1692,3522,24609,5216,24609,770,91
1692,3522,24610,5216,24610,770,91
1692,3522,24611,5216,24611,770,91
1690,3522,24612,5216,24612,770,90
1690,3522,24613,5216,24613,770,90
1690,3522,24614,5216,24614,770,90
1690,3522,24615,5216,24615,770,90
1690,3522,24616,5216,24616,770,90
1690,3522,24617,5216,24617,770,90
1690,3522,24618,5216,24618,770,90
1690,3522,24619,5216,24619,770,90
1690,3522,24620,5216,24620,770,90
1690,3522,24621,5216,24621,770,90
1690,3522,24622,5216,24622,770,90
1689,3522,24623,5216,24623,770,90
1689,3522,24624,5216,24624,770,90
1689,3522,24625,5216,24625,770,90
1689,3522,24626,5216,24626,770,90
1689,3522,24627,5216,24627,770,90
1689,3522,24628,5216,24628,770,90
1689,3522,24629,5216,24629,770,90
1689,3522,24630,5216,24630,770,90
1689,3522,24631,5216,24631,770,90
1689,3522,24632,5216,24632,770,90
1689,3522,24633,5216,24633,770,90
1689,3522,24634,5216,24634,770,90
1689,3522,24635,5216,24635,770,90
1689,3522,24636,5216,24636,770,90
1689,3522,24637,5216,24637,770,90
1689,3522,24638,5216,24638,770,90
1688,3522,24639,5216,24639,770,90
1688,3522,24640,5216,24640,770,90
1688,3522,24641,5216,24641,770,90
1688,3522,24642,5216,24642,770,90
1688,3522,24643,5216,24643,770,90
1688,3522,24644,5216,24644,770,90
1688,3522,24645,5216,24645,770,90
1688,3522,24646,5216,24646,770,90
1688,3522,24647,5216,24647,770,90
1688,3522,24648,5216,24648,770,90
1688,3522,24649,5216,24649,770,90
1688,3522,24650,5216,24650,770,90
1688,3522,24651,5216,24651,770,90
1688,3522,24652,5216,24652,770,90
1688,3522,24653,5216,24653,770,90
1688,3522,24654,5216,24654,770,90
1688,3522,24655,5216,24655,770,90
1688,3522,24656,5216,24656,770,90
1688,3522,24657,5216,24657,770,90
1688,3522,24658,5216,24658,770,90
1688,3522,24659,5216,24659,770,90
1688,3522,24660,5216,24660,770,90
1688,3522,24661,5216,24661,770,90
1688,3522,24662,5216,24662,770,90
1688,3522,24663,5216,24663,770,90
1688,3522,24664,5216,24664,770,90
1687,3522,24665,5216,24665,770,90
1687,3522,24666,5216,24666,770,90
1687,3522,24667,5216,24667,770,90
1687,3522,24668,5216,24668,770,90
1687,3522,24669,5216,24669,770,90
1687,3522,24670,5216,24670,770,90
1687,3522,24671,5216,24671,770,90
1688,3522,24672,5216,24672,770,90
1687,3522,24673,5216,24673,770,90
1687,3522,24674,5216,24674,770,90
1687,3522,24675,5216,24675,770,90
1687,3522,24676,5216,24676,770,90
1687,3522,24677,5216,24677,770,90
1686,3522,24678,5216,24678,770,89
1687,3522,24679,5216,24679,770,89
1687,3522,24680,5216,24680,770,89
1687,3522,24681,5216,24681,770,89
1687,3522,24682,5216,24682,770,89
1687,3522,24683,5216,24683,770,89
1687,3522,24684,5216,24684,770,89
1687,3522,24685,5216,24685,770,89
1687,3522,24686,5216,24686,770,89
1687,3522,24687,5216,24687,770,89
1688,3522,24688,5216,24688,770,89
1688,3522,24689,5216,24689,770,89
1688,3522,24690,5216,24690,770,89
1687,3522,24691,5216,24691,770,89
1687,3522,24692,5216,24692,770,89
1687,3522,24693,5216,24693,770,89
1687,3522,24694,5216,24694,770,89
1687,3522,24695,5216,24695,770,89
1687,3522,24696,5216,24696,770,89
1687,3522,24697,5216,24697,770,89
1688,3522,24698,5216,24698,770,89
1688,3522,24699,5216,24699,770,89
1688,3522,24700,5216,24700,770,89
1688,3522,24701,5216,24701,770,89
1688,3522,24702,5216,24702,770,89
1688,3522,24703,5216,24703,770,89
1688,3522,24704,5216,24704,770,89
1689,3522,24705,5216,24705,770,89
1689,3522,24706,5216,24706,770,89
1689,3522,24707,5216,24707,770,89
1689,3522,24708,5216,24708,770,89
1689,3522,24709,5216,24709,770,89
1690,3522,24710,5216,24710,770,89
1690,3522,24711,5216,24711,770,89
1690,3522,24712,5216,24712,770,89
1690,3522,24713,5216,24713,770,89
1690,3522,24714,5216,24714,770,89
1690,3522,24715,5216,24715,770,89
1690,3522,24716,5216,24716,770,89
1690,3522,24717,5216,24717,770,89
1690,3522,24718,5216,24718,770,89
1690,3522,24719,5216,24719,770,89
1690,3522,24720,5216,24720,770,89
1690,3522,24721,5216,24721,770,89
1690,3522,24722,5216,24722,770,89
1688,3522,24723,5216,24723,770,88
1689,3522,24724,5216,24724,770,88
1689,3522,24725,5216,24725,770,88
1689,3522,24726,5216,24726,770,88
1689,3522,24727,5216,24727,770,88
1689,3522,24728,5216,24728,770,88
1688,3522,24729,5216,24729,770,88
1689,3522,24730,5216,24730,770,88
1689,3522,24731,5216,24731,770,88
1689,3522,24732,5216,24732,770,88
1689,3522,24733,5216,24733,770,88
1688,3522,24734,5216,24734,770,88
1688,3522,24735,5216,24735,770,88
1688,3522,24736,5216,24736,770,88
1688,3522,24737,5216,24737,770,88
1688,3522,24738,5216,24738,770,88
1688,3522,24739,5216,24739,770,88
1689,3522,24740,5216,24740,770,88
1689,3522,24741,5216,24741,770,88
1689,3522,24742,5216,24742,770,88
1689,3522,24743,5216,24743,770,88
1689,3522,24744,5216,24744,770,88
1689,3522,24745,5216,24745,770,88
1689,3522,24746,5216,24746,770,88
1689,3522,24747,5216,24747,770,88
1689,3522,24748,5216,24748,770,88
1689,3522,24749,5216,24749,770,88
1689,3522,24750,5216,24750,770,88
1689,3522,24751,5216,24751,770,88
1689,3522,24752,5216,24752,770,88
1690,3522,24753,5216,24753,770,88
1690,3522,24754,5216,24754,770,88
1690,3522,24755,5216,24755,770,88
1691,3522,24756,5216,24756,770,88
1691,3522,24757,5216,24757,770,88
1691,3522,24758,5216,24758,770,88
1691,3522,24759,5216,24759,770,88
1691,3522,24760,5216,24760,770,88
1691,3522,24761,5216,24761,770,88
1691,3522,24762,5216,24762,770,88
1691,3522,24763,5216,24763,770,88
1691,3522,24764,5216,24764,770,88
1691,3522,24765,5216,24765,770,88
1691,3522,24766,5216,24766,770,88
1691,3522,24767,5216,24767,770,88
1691,3522,24768,5216,24768,770,88
1691,3522,24769,5216,24769,770,88
1691,3522,24770,5216,24770,770,88
1692,3522,24771,5216,24771,770,88
1692,3522,24772,5216,24772,770,88
1692,3522,24773,5216,24773,770,88
1692,3522,24774,5216,24774,770,88
1693,3522,24775,5216,24775,770,88
1693,3522,24776,5216,24776,770,88
1693,3522,24777,5216,24777,770,88
1693,3522,24778,5216,24778,770,88
1693,3522,24779,5216,24779,770,88
1692,3522,24780,5216,24780,770,88
1692,3522,24781,5216,24781,770,88
1691,3522,24782,5216,24782,770,88
1691,3522,24783,5216,24783,770,88
1691,3522,24784,5216,24784,770,88
1691,3522,24785,5216,24785,770,88
1691,3522,24786,5216,24786,770,88
1689,3522,24787,5216,24787,770,88
1689,3522,24788,5216,24788,770,88
1689,3522,24789,5216,24789,770,88
1689,3522,24790,5216,24790,770,88
1689,3522,24791,5216,24791,770,88
1689,3522,24792,5216,24792,770,88
1689,3522,24793,5216,24793,770,88
1689,3522,24794,5216,24794,770,88
1689,3522,24795,5216,24795,770,88
1689,3522,24796,5216,24796,770,88
1689,3522,24797,5216,24797,770,88
1689,3522,24798,5216,24798,770,88
1689,3522,24799,5216,24799,770,88
1689,3522,24800,5216,24800,770,88
1689,3522,24801,5216,24801,770,88
1689,3522,24802,5216,24802,770,88
1689,3522,24803,5216,24803,770,88
1689,3522,24804,5216,24804,770,88
1689,3522,24805,5216,24805,770,88
1689,3522,24806,5216,24806,770,88
1689,3522,24807,5216,24807,770,88
1688,3522,24808,5216,24808,770,88
1688,3522,24809,5216,24809,770,88
1688,3522,24810,5216,24810,770,88
1688,3522,24811,5216,24811,770,88
1688,3522,24812,5216,24812,770,88
1688,3522,24813,5216,24813,770,88
1688,3522,24814,5216,24814,770,88
1688,3522,24815,5216,24815,770,88
1688,3522,24816,5216,24816,770,88
1688,3522,24817,5216,24817,770,88
1688,3522,24818,5216,24818,770,88
1688,3522,24819,5216,24819,770,88
1688,3522,24820,5216,24820,770,88
1688,3522,24821,5216,24821,770,88
1687,3522,24822,5216,24822,770,88
1687,3522,24823,5216,24823,770,88
1686,3522,24824,5216,24824,770,88
1686,3522,24825,5216,24825,770,88
1686,3522,24826,5216,24826,770,88
1686,3522,24827,5216,24827,770,88
1686,3522,24828,5216,24828,770,88
1686,3522,24829,5216,24829,770,88
1685,3522,24830,5216,24830,770,88
1685,3522,24831,5216,24831,770,88
1685,3522,24832,5216,24832,770,88
1684,3522,24833,5216,24833,770,88
1684,3522,24834,5216,24834,770,88
1684,3522,24835,5216,24835,770,88
1684,3522,24836,5216,24836,770,88
1684,3522,24837,5216,24837,770,88
1684,3522,24838,5216,24838,770,88
1684,3522,24839,5216,24839,770,88
1684,3522,24840,5216,24840,770,88
1684,3522,24841,5216,24841,770,88
1684,3522,24842,5216,24842,770,88
1684,3522,24843,5216,24843,770,88
1684,3522,24844,5216,24844,770,88
1684,3522,24845,5216,24845,770,88
1684,3522,24846,5216,24846,770,88
1684,3522,24847,5216,24847,770,88
1684,3522,24848,5216,24848,770,88
1684,3522,24849,5216,24849,770,88
1684,3522,24850,5216,24850,770,88
1683,3522,24851,5216,24851,770,88
1682,3522,24852,5216,24852,770,88
1682,3522,24853,5216,24853,770,88
1683,3522,24854,5216,24854,770,88
1683,3522,24855,5216,24855,770,88
1683,3522,24856,5216,24856,770,88
1683,3522,24857,5216,24857,770,88
1683,3522,24858,5216,24858,770,88
1683,3522,24859,5216,24859,770,88
1683,3522,24860,5216,24860,770,88
1683,3522,24861,5216,24861,770,88
1683,3522,24862,5216,24862,770,88
1683,3522,24863,5216,24863,770,88
1683,3522,24864,5216,24864,770,88
1683,3522,24865,5216,24865,770,88
1683,3522,24866,5216,24866,770,88
1683,3522,24867,5216,24867,770,88
1683,3522,24868,5216,24868,770,88
1683,3522,24869,5216,24869,770,88
1683,3522,24870,5216,24870,770,88
1683,3522,24871,5216,24871,770,88
1683,3522,24872,5216,24872,770,88
1683,3522,24873,5216,24873,770,88
1683,3522,24874,5216,24874,770,88
1683,3522,24875,5216,24875,770,88
1683,3522,24876,5216,24876,770,88
1683,3522,24877,5216,24877,770,88
1683,3522,24878,5216,24878,770,88
1683,3522,24879,5216,24879,770,88
1683,3522,24880,5216,24880,770,88
1683,3522,24881,5216,24881,770,88
1683,3522,24882,5216,24882,770,88
1683,3522,24883,5216,24883,770,88
1683,3522,24884,5216,24884,770,88
1683,3522,24885,5216,24885,770,88
1683,3522,24886,5216,24886,770,88
1683,3522,24887,5216,24887,770,88
1683,3522,24888,5216,24888,770,88
1683,3522,24889,5216,24889,770,88
1683,3522,24890,5216,24890,770,88
1683,3522,24891,5216,24891,770,88
1683,3522,24892,5216,24892,770,88
1683,3522,24893,5216,24893,770,88
1683,3522,24894,5216,24894,770,88
1682,3522,24895,5216,24895,770,88
1682,3522,24896,5216,24896,770,88
1682,3522,24897,5216,24897,770,88
1682,3522,24898,5216,24898,770,88
1682,3522,24899,5216,24899,770,88
1682,3522,24900,5216,24900,770,88
1682,3522,24901,5216,24901,770,88
1682,3522,24902,5216,24902,770,88
1682,3522,24903,5216,24903,770,88
1682,3522,24904,5216,24904,770,88
1682,3522,24905,5216,24905,770,88
1682,3522,24906,5216,24906,770,88
1683,3522,24907,5216,24907,770,88
1683,3522,24908,5216,24908,770,88
1683,3522,24909,5216,24909,770,88
1683,3522,24910,5216,24910,770,88
1683,3522,24911,5216,24911,770,88
1683,3522,24912,5216,24912,770,88
1683,3522,24913,5216,24913,770,88
1683,3522,24914,5216,24914,770,88
1683,3522,24915,5216,24915,770,88
1682,3522,24916,5216,24916,770,88
1682,3522,24917,5216,24917,770,88
1682,3522,24918,5216,24918,770,88
1682,3522,24919,5216,24919,770,88
1682,3522,24920,5216,24920,770,88
1682,3522,24921,5216,24921,770,88
1682,3522,24922,5216,24922,770,88
1682,3522,24923,5216,24923,770,88
1682,3522,24924,5216,24924,770,88
1683,3522,24925,5216,24925,770,88
1682,3522,24926,5216,24926,770,88
1682,3522,24927,5216,24927,770,88
1682,3522,24928,5216,24928,770,88
1681,3522,24929,5216,24929,770,88
1681,3522,24930,5216,24930,770,88
1681,3522,24931,5216,24931,770,88
1681,3522,24932,5216,24932,770,88
1681,3522,24933,5216,24933,770,88
1681,3522,24934,5216,24934,770,88
1681,3522,24935,5216,24935,770,88
1681,3522,24936,5216,24936,770,88
1681,3522,24937,5216,24937,770,88
1681,3522,24938,5216,24938,770,88
1681,3522,24939,5216,24939,770,88
1681,3522,24940,5216,24940,770,88
1681,3522,24941,5216,24941,770,88
1681,3522,24942,5216,24942,770,88
1681,3522,24943,5216,24943,770,88
1681,3522,24944,5216,24944,770,88
1681,3522,24945,5216,24945,770,88
1681,3522,24946,5216,24946,770,88
1681,3522,24947,5216,24947,770,88
1681,3522,24948,5216,24948,770,88
1681,3522,24949,5216,24949,770,88
1681,3522,24950,5216,24950,770,88
1681,3522,24951,5216,24951,770,88
1681,3522,24952,5216,24952,770,88
1681,3522,24953,5216,24953,770,88
1681,3522,24954,5216,24954,770,88
1681,3522,24955,5216,24955,770,88
1681,3522,24956,5216,24956,770,88
1681,3522,24957,5216,24957,770,88
1681,3522,24958,5216,24958,770,88
1681,3522,24959,5216,24959,770,88
1681,3522,24960,5216,24960,770,88
1681,3522,24961,5216,24961,770,88
1681,3522,24962,5216,24962,770,88
1681,3522,24963,5216,24963,770,88
1681,3522,24964,5216,24964,770,88
1681,3522,24965,5216,24965,770,88
1681,3522,24966,5216,24966,770,88
1681,3522,24967,5216,24967,770,88
1681,3522,24968,5216,24968,770,88
1681,3522,24969,5216,24969,770,88
1681,3522,24970,5216,24970,770,88
1681,3522,24971,5216,24971,770,88
1681,3522,24972,5216,24972,770,88
1681,3522,24973,5216,24973,770,88
1681,3522,24974,5216,24974,770,88
1681,3522,24975,5216,24975,770,88
1680,3522,24976,5216,24976,770,88
1681,3522,24977,5216,24977,770,88
1681,3522,24978,5216,24978,770,88
1681,3522,24979,5216,24979,770,88
1681,3522,24980,5216,24980,770,88
1681,3522,24981,5216,24981,770,88
1681,3522,24982,5216,24982,770,88
1681,3522,24983,5216,24983,770,88
1681,3522,24984,5216,24984,770,88
1681,3522,24985,5216,24985,770,88
1680,3522,24986,5216,24986,770,88
1680,3522,24987,5216,24987,770,88
1680,3522,24988,5216,24988,770,88
1680,3522,24989,5216,24989,770,88
1680,3522,24990,5216,24990,770,88
1680,3522,24991,5216,24991,770,88
1680,3522,24992,5216,24992,770,88
1680,3522,24993,5216,24993,770,88
1680,3522,24994,5216,24994,770,88
1680,3522,24995,5216,24995,770,88
1680,3522,24996,5216,24996,770,88
1680,3522,24997,5216,24997,770,88
1680,3522,24998,5216,24998,770,88
1680,3522,24999,5216,24999,770,88
1680,3522,25000,5216,25000,770,88
1680,3522,25001,5216,25001,770,88
1680,3522,25002,5216,25002,770,88
1680,3522,25003,5216,25003,770,88
1680,3522,25004,5216,25004,770,88
1680,3522,25005,5216,25005,770,88
1680,3522,25006,5216,25006,770,88
1680,3522,25007,5216,25007,770,88
1680,3522,25008,5216,25008,770,88
1680,3522,25009,5216,25009,770,88
1680,3522,25010,5216,25010,770,88
1680,3522,25011,5216,25011,770,88
1680,3522,25012,5216,25012,770,88
1680,3522,25013,5216,25013,770,88
1680,3522,25014,5216,25014,770,88
1680,3522,25015,5216,25015,770,88
1680,3522,25016,5216,25016,770,88
1680,3522,25017,5216,25017,770,88
1680,3522,25018,5216,25018,770,88
1680,3522,25019,5216,25019,770,88
1680,3522,25020,5216,25020,770,88
1680,3522,25021,5216,25021,770,88
1680,3522,25022,5216,25022,770,88
1680,3522,25023,5216,25023,770,88
1680,3522,25024,5216,25024,770,88
1680,3522,25025,5216,25025,770,88
1680,3522,25026,5216,25026,770,88
1681,3522,25027,5216,25027,770,88
1681,3522,25028,5216,25028,770,88
1681,3522,25029,5216,25029,770,88
1681,3522,25030,5216,25030,770,88
1681,3522,25031,5216,25031,770,88
1680,3522,25032,5216,25032,770,88
1681,3522,25033,5216,25033,770,88
1681,3522,25034,5216,25034,770,88
1681,3522,25035,5216,25035,770,88
1682,3522,25036,5216,25036,770,88
1682,3522,25037,5216,25037,770,88
1682,3522,25038,5216,25038,770,88
1682,3522,25039,5216,25039,770,88
1682,3522,25040,5216,25040,770,88
1682,3522,25041,5216,25041,770,88
1683,3522,25042,5216,25042,770,88
1683,3522,25043,5216,25043,770,88
1683,3522,25044,5216,25044,770,88
1683,3522,25045,5216,25045,770,88
1683,3522,25046,5216,25046,770,88
1684,3522,25047,5216,25047,770,88
1684,3522,25048,5216,25048,770,88
1685,3522,25049,5216,25049,770,88
1685,3522,25050,5216,25050,770,88
1685,3522,25051,5216,25051,770,88
1685,3522,25052,5216,25052,770,88
1685,3522,25053,5216,25053,770,88
1685,3522,25054,5216,25054,770,88
1685,3522,25055,5216,25055,770,88
1685,3522,25056,5216,25056,770,88
1685,3522,25057,5216,25057,770,88
1685,3522,25058,5216,25058,770,88
1685,3522,25059,5216,25059,770,88
1685,3522,25060,5216,25060,770,88
1685,3522,25061,5216,25061,770,88
1685,3522,25062,5216,25062,770,88
1685,3522,25063,5216,25063,770,88
1685,3522,25064,5216,25064,770,88
1685,3522,25065,5216,25065,770,88
1685,3522,25066,5216,25066,770,88
1685,3522,25067,5216,25067,770,88
1685,3522,25068,5216,25068,770,88
1685,3522,25069,5216,25069,770,88
1685,3522,25070,5216,25070,770,88
1685,3522,25071,5216,25071,770,88
1685,3522,25072,5216,25072,770,88
1685,3522,25073,5216,25073,770,88
1685,3522,25074,5216,25074,770,88
1685,3522,25075,5216,25075,770,88
1685,3522,25076,5216,25076,770,88
1685,3522,25077,5216,25077,770,88
1685,3522,25078,5216,25078,770,88
1685,3522,25079,5216,25079,770,88
1685,3522,25080,5216,25080,770,88
1685,3522,25081,5216,25081,770,88
1685,3522,25082,5216,25082,770,88
1685,3522,25083,5216,25083,770,88
1685,3522,25084,5216,25084,770,88
1685,3522,25085,5216,25085,770,88
1684,3522,25086,5216,25086,770,88
1684,3522,25087,5216,25087,770,88
1684,3522,25088,5216,25088,770,88
1684,3522,25089,5216,25089,770,88
1684,3522,25090,5216,25090,770,88
1684,3522,25091,5216,25091,770,88
1684,3522,25092,5216,25092,770,88
1684,3522,25093,5216,25093,770,88
1684,3522,25094,5216,25094,770,88
1683,3522,25095,5216,25095,770,88
1683,3522,25096,5216,25096,770,88
1683,3522,25097,5216,25097,770,88
1683,3522,25098,5216,25098,770,88
1683,3522,25099,5216,25099,770,88
1683,3522,25100,5216,25100,770,88
1683,3522,25101,5216,25101,770,88
1683,3522,25102,5216,25102,770,88
1683,3522,25103,5216,25103,770,88
1683,3522,25104,5216,25104,770,88
1683,3522,25105,5216,25105,770,88
1683,3522,25106,5216,25106,770,88
1683,3522,25107,5216,25107,770,88
1683,3522,25108,5216,25108,770,88
1683,3522,25109,5216,25109,770,88
1683,3522,25110,5216,25110,770,88
1683,3522,25111,5216,25111,770,88
1683,3522,25112,5216,25112,770,88
1683,3522,25113,5216,25113,770,88
1683,3522,25114,5216,25114,770,88
1683,3522,25115,5216,25115,770,88
1683,3522,25116,5216,25116,770,88
1683,3522,25117,5216,25117,770,88
1683,3522,25118,5216,25118,770,88
1683,3522,25119,5216,25119,770,88
1683,3522,25120,5216,25120,770,88
1683,3522,25121,5216,25121,770,88
1683,3522,25122,5216,25122,770,88
1683,3522,25123,5216,25123,770,88
1684,3522,25124,5216,25124,770,88
1684,3522,25125,5216,25125,770,88
1684,3522,25126,5216,25126,770,88
1684,3522,25127,5216,25127,770,88
1684,3522,25128,5216,25128,770,88
1684,3522,25129,5216,25129,770,88
1684,3522,25130,5216,25130,770,88
1684,3522,25131,5216,25131,770,88
1684,3522,25132,5216,25132,770,88
1684,3522,25133,5216,25133,770,88
1684,3522,25134,5216,25134,770,88
1684,3522,25135,5216,25135,770,88
1684,3522,25136,5216,25136,770,88
1684,3522,25137,5216,25137,770,88
1684,3522,25138,5216,25138,770,88
1684,3522,25139,5216,25139,770,88
1684,3522,25140,5216,25140,770,88
1684,3522,25141,5216,25141,770,88
1684,3522,25142,5216,25142,770,88
1683,3522,25143,5216,25143,770,88
1683,3522,25144,5216,25144,770,88
1684,3522,25145,5216,25145,770,88
1684,3522,25146,5216,25146,770,88
1684,3522,25147,5216,25147,770,88
1685,3522,25148,5216,25148,770,88
1685,3522,25149,5216,25149,770,88
1685,3522,25150,5216,25150,770,88
1685,3522,25151,5216,25151,770,88
1685,3522,25152,5216,25152,770,88
1685,3522,25153,5216,25153,770,88
1685,3522,25154,5216,25154,770,88
1685,3522,25155,5216,25155,770,88
1685,3522,25156,5216,25156,770,88
1685,3522,25157,5216,25157,770,88
1684,3522,25158,5216,25158,770,88
1684,3522,25159,5216,25159,770,88
1684,3522,25160,5216,25160,770,88
1684,3522,25161,5216,25161,770,88
1684,3522,25162,5216,25162,770,88
1684,3522,25163,5216,25163,770,88
1684,3522,25164,5216,25164,770,88
1684,3522,25165,5216,25165,770,88
1684,3522,25166,5216,25166,770,88
1684,3522,25167,5216,25167,770,88
1684,3522,25168,5216,25168,770,88
1684,3522,25169,5216,25169,770,88
1685,3522,25170,5216,25170,770,88
1685,3522,25171,5216,25171,770,88
1685,3522,25172,5216,25172,770,88
1685,3522,25173,5216,25173,770,88
1685,3522,25174,5216,25174,770,88
1685,3522,25175,5216,25175,770,88
1685,3522,25176,5216,25176,770,88
1685,3522,25177,5216,25177,770,88
1685,3522,25178,5216,25178,770,88
1685,3522,25179,5216,25179,770,88
1685,3522,25180,5216,25180,770,88
1685,3522,25181,5216,25181,770,88
1685,3522,25182,5216,25182,770,88
1685,3522,25183,5216,25183,770,88
1685,3522,25184,5216,25184,770,88
1685,3522,25185,5216,25185,770,88
1685,3522,25186,5216,25186,770,88
1685,3522,25187,5216,25187,770,88
1685,3522,25188,5216,25188,770,88
1684,3522,25189,5216,25189,770,88
1684,3522,25190,5216,25190,770,88
1684,3522,25191,5216,25191,770,88
1684,3522,25192,5216,25192,770,88
1684,3522,25193,5216,25193,770,88
1684,3522,25194,5216,25194,770,88
1683,3522,25195,5216,25195,770,88
1683,3522,25196,5216,25196,770,88
1684,3522,25197,5216,25197,770,88
1684,3522,25198,5216,25198,770,88
1684,3522,25199,5216,25199,770,88
1684,3522,25200,5216,25200,770,88
1684,3522,25201,5216,25201,770,88
1684,3522,25202,5216,25202,770,88
1684,3522,25203,5216,25203,770,88
1684,3522,25204,5216,25204,770,88
1684,3522,25205,5216,25205,770,88
1684,3522,25206,5216,25206,770,88
1684,3522,25207,5216,25207,770,88
1684,3522,25208,5216,25208,770,88
1684,3522,25209,5216,25209,770,88
1684,3522,25210,5216,25210,770,88
1684,3522,25211,5216,25211,770,88
1684,3522,25212,5216,25212,770,88
1684,3522,25213,5216,25213,770,88
1684,3522,25214,5216,25214,770,88
1684,3522,25215,5216,25215,770,88
1684,3522,25216,5216,25216,770,88
1684,3522,25217,5216,25217,770,88
1684,3522,25218,5216,25218,770,88
1684,3522,25219,5216,25219,770,88
1684,3522,25220,5216,25220,770,88
1684,3522,25221,5216,25221,770,88
1684,3522,25222,5216,25222,770,88
1684,3522,25223,5216,25223,770,88
1684,3522,25224,5216,25224,770,88
1684,3522,25225,5216,25225,770,88
1683,3522,25226,5216,25226,770,88
1683,3522,25227,5216,25227,770,88
1683,3522,25228,5216,25228,770,88
1683,3522,25229,5216,25229,770,88
1683,3522,25230,5216,25230,770,88
1683,3522,25231,5216,25231,770,88
1683,3522,25232,5216,25232,770,88
1683,3522,25233,5216,25233,770,88
1683,3522,25234,5216,25234,770,88
1683,3522,25235,5216,25235,770,88
1683,3522,25236,5216,25236,770,88
1683,3522,25237,5216,25237,770,88
1683,3522,25238,5216,25238,770,88
1683,3522,25239,5216,25239,770,88
1683,3522,25240,5216,25240,770,88
1683,3522,25241,5216,25241,770,88
1683,3522,25242,5216,25242,770,88
1683,3522,25243,5216,25243,770,88
1683,3522,25244,5216,25244,770,88
1683,3522,25245,5216,25245,770,88
1683,3522,25246,5216,25246,770,88
1683,3522,25247,5216,25247,770,88
1683,3522,25248,5216,25248,770,88
1683,3522,25249,5216,25249,770,88
1683,3522,25250,5216,25250,770,88
1683,3522,25251,5216,25251,770,88
1683,3522,25252,5216,25252,770,88
1683,3522,25253,5216,25253,770,88
1683,3522,25254,5216,25254,770,88
1683,3522,25255,5216,25255,770,88
1682,3522,25256,5216,25256,770,88
1682,3522,25257,5216,25257,770,88
1682,3522,25258,5216,25258,770,88
1682,3522,25259,5216,25259,770,88
1682,3522,25260,5216,25260,770,88
1682,3522,25261,5216,25261,770,88
1682,3522,25262,5216,25262,770,88
1681,3522,25263,5216,25263,770,88
1681,3522,25264,5216,25264,770,88
1681,3522,25265,5216,25265,770,88
1681,3522,25266,5216,25266,770,88
1681,3522,25267,5216,25267,770,88
1681,3522,25268,5216,25268,770,88
1681,3522,25269,5216,25269,770,88
1681,3522,25270,5216,25270,770,88
1681,3522,25271,5216,25271,770,88
1681,3522,25272,5216,25272,770,88
1681,3522,25273,5216,25273,770,88
1681,3522,25274,5216,25274,770,88
1681,3522,25275,5216,25275,770,88
1681,3522,25276,5216,25276,770,88
1681,3522,25277,5216,25277,770,88
1679,3522,25278,5216,25278,770,88
1679,3522,25279,5216,25279,770,88
1679,3522,25280,5216,25280,770,88
1679,3522,25281,5216,25281,770,88
1678,3522,25282,5216,25282,770,88
1678,3522,25283,5216,25283,770,88
1678,3522,25284,5216,25284,770,88
1678,3522,25285,5216,25285,770,88
1678,3522,25286,5216,25286,770,88
1678,3522,25287,5216,25287,770,88
1678,3522,25288,5216,25288,770,88
1677,3522,25289,5216,25289,770,88
1677,3522,25290,5216,25290,770,88
1677,3522,25291,5216,25291,770,88
1677,3522,25292,5216,25292,770,88
1677,3522,25293,5216,25293,770,88
1677,3522,25294,5216,25294,770,88
1677,3522,25295,5216,25295,770,88
1677,3522,25296,5216,25296,770,88
1677,3522,25297,5216,25297,770,88
1677,3522,25298,5216,25298,770,88
1677,3522,25299,5216,25299,770,88
1677,3522,25300,5216,25300,770,88
1677,3522,25301,5216,25301,770,88
1677,3522,25302,5216,25302,770,88
1676,3522,25303,5216,25303,770,88
1676,3522,25304,5216,25304,770,88
1674,3522,25305,5216,25305,770,88
1674,3522,25306,5216,25306,770,88
1674,3522,25307,5216,25307,770,88
1674,3522,25308,5216,25308,770,88
1674,3522,25309,5216,25309,770,88
1674,3522,25310,5216,25310,770,88
1674,3522,25311,5216,25311,770,88
1674,3522,25312,5216,25312,770,88
1674,3522,25313,5216,25313,770,88
1674,3522,25314,5216,25314,770,88
1673,3522,25315,5216,25315,770,88
1673,3522,25316,5216,25316,770,88
1673,3522,25317,5216,25317,770,88
1673,3522,25318,5216,25318,770,88
1673,3522,25319,5216,25319,770,88
1673,3522,25320,5216,25320,770,88
1673,3522,25321,5216,25321,770,88
1673,3522,25322,5216,25322,770,88
1673,3522,25323,5216,25323,770,88
1673,3522,25324,5216,25324,770,88
1673,3522,25325,5216,25325,770,88
1673,3522,25326,5216,25326,770,88
1673,3522,25327,5216,25327,770,88
1673,3522,25328,5216,25328,770,88
1673,3522,25329,5216,25329,770,88
1674,3522,25330,5216,25330,770,88
1674,3522,25331,5216,25331,770,88
1674,3522,25332,5216,25332,770,88
1674,3522,25333,5216,25333,770,88
1674,3522,25334,5216,25334,770,88
1674,3522,25335,5216,25335,770,88
1674,3522,25336,5216,25336,770,88
1674,3522,25337,5216,25337,770,88
1674,3522,25338,5216,25338,770,88
1674,3522,25339,5216,25339,770,88
1674,3522,25340,5216,25340,770,88
1674,3522,25341,5216,25341,770,88
1674,3522,25342,5216,25342,770,88
1674,3522,25343,5216,25343,770,88
1673,3522,25344,5216,25344,770,87
1673,3522,25345,5216,25345,770,87
1673,3522,25346,5216,25346,770,87
1673,3522,25347,5216,25347,770,87
1673,3522,25348,5216,25348,770,87
1673,3522,25349,5216,25349,770,87
1673,3522,25350,5216,25350,770,87
1673,3522,25351,5216,25351,770,87
1673,3522,25352,5216,25352,770,87
1673,3522,25353,5216,25353,770,87
1673,3522,25354,5216,25354,770,87
1673,3522,25355,5216,25355,770,87
1673,3522,25356,5216,25356,770,87
1673,3522,25357,5216,25357,770,87
1674,3522,25358,5216,25358,770,87
1674,3522,25359,5216,25359,770,87
1674,3522,25360,5216,25360,770,87
1674,3522,25361,5216,25361,770,87
1674,3522,25362,5216,25362,770,87
1674,3522,25363,5216,25363,770,87
1674,3522,25364,5216,25364,770,87
1674,3522,25365,5216,25365,770,87
1674,3522,25366,5216,25366,770,87
1674,3522,25367,5216,25367,770,87
1674,3522,25368,5216,25368,770,87
1674,3522,25369,5216,25369,770,87
1674,3522,25370,5216,25370,770,87
1674,3522,25371,5216,25371,770,87
1674,3522,25372,5216,25372,770,87
1674,3522,25373,5216,25373,770,87
1674,3522,25374,5216,25374,770,87
1674,3522,25375,5216,25375,770,87
1674,3522,25376,5216,25376,770,87
1674,3522,25377,5216,25377,770,87
1674,3522,25378,5216,25378,770,87
1674,3522,25379,5216,25379,770,87
1673,3522,25380,5216,25380,770,87
1673,3522,25381,5216,25381,770,87
1672,3522,25382,5216,25382,770,87
1672,3522,25383,5216,25383,770,87
1672,3522,25384,5216,25384,770,87
1672,3522,25385,5216,25385,770,87
1672,3522,25386,5216,25386,770,87
1672,3522,25387,5216,25387,770,87
1672,3522,25388,5216,25388,770,87
1672,3522,25389,5216,25389,770,87
1672,3522,25390,5216,25390,770,87
1672,3522,25391,5216,25391,770,87
1672,3522,25392,5216,25392,770,87
1672,3522,25393,5216,25393,770,87
1672,3522,25394,5216,25394,770,87
1672,3522,25395,5216,25395,770,87
1672,3522,25396,5216,25396,770,87
1672,3522,25397,5216,25397,770,87
1672,3522,25398,5216,25398,770,87
1672,3522,25399,5216,25399,770,87
1672,3522,25400,5216,25400,770,87
1672,3522,25401,5216,25401,770,87
1672,3522,25402,5216,25402,770,87
1672,3522,25403,5216,25403,770,87
1672,3522,25404,5216,25404,770,87
1672,3522,25405,5216,25405,770,87
1672,3522,25406,5216,25406,770,87
1672,3522,25407,5216,25407,770,87
1672,3522,25408,5216,25408,770,87
1672,3522,25409,5216,25409,770,87
1672,3522,25410,5216,25410,770,87
1672,3522,25411,5216,25411,770,87
1673,3522,25412,5216,25412,770,87
1673,3522,25413,5216,25413,770,87
1673,3522,25414,5216,25414,770,87
1672,3522,25415,5216,25415,770,87
1671,3522,25416,5216,25416,770,87
1671,3522,25417,5216,25417,770,87
1671,3522,25418,5216,25418,770,87
1671,3522,25419,5216,25419,770,87
1672,3522,25420,5216,25420,770,87
1672,3522,25421,5216,25421,770,87
1672,3522,25422,5216,25422,770,87
1672,3522,25423,5216,25423,770,87
1673,3522,25424,5216,25424,770,87
1673,3522,25425,5216,25425,770,87
1673,3522,25426,5216,25426,770,87
1673,3522,25427,5216,25427,770,87
1673,3522,25428,5216,25428,770,87
1673,3522,25429,5216,25429,770,87
1673,3522,25430,5216,25430,770,87
1673,3522,25431,5216,25431,770,87
1673,3522,25432,5216,25432,770,87
1673,3522,25433,5216,25433,770,87
1673,3522,25434,5216,25434,770,87
1673,3522,25435,5216,25435,770,87
1673,3522,25436,5216,25436,770,87
1673,3522,25437,5216,25437,770,87
1673,3522,25438,5216,25438,770,87
1673,3522,25439,5216,25439,770,87
1673,3522,25440,5216,25440,770,87
1673,3522,25441,5216,25441,770,87
1673,3522,25442,5216,25442,770,87
1673,3522,25443,5216,25443,770,87
1673,3522,25444,5216,25444,770,87
1673,3522,25445,5216,25445,770,87
1673,3522,25446,5216,25446,770,87
1673,3522,25447,5216,25447,770,87
1673,3522,25448,5216,25448,770,87
1673,3522,25449,5216,25449,770,87
1673,3522,25450,5216,25450,770,87
1673,3522,25451,5216,25451,770,87
1673,3522,25452,5216,25452,770,87
1673,3522,25453,5216,25453,770,87
1673,3522,25454,5216,25454,770,87
1673,3522,25455,5216,25455,770,87
1673,3522,25456,5216,25456,770,87
1672,3522,25457,5216,25457,770,86
1672,3522,25458,5216,25458,770,86
1672,3522,25459,5216,25459,770,86
1673,3522,25460,5216,25460,770,86
1673,3522,25461,5216,25461,770,86
1673,3522,25462,5216,25462,770,86
1673,3522,25463,5216,25463,770,86
1673,3522,25464,5216,25464,770,86
1673,3522,25465,5216,25465,770,86
1673,3522,25466,5216,25466,770,86
1673,3522,25467,5216,25467,770,86
1673,3522,25468,5216,25468,770,86
1673,3522,25469,5216,25469,770,86
1673,3522,25470,5216,25470,770,86
1673,3522,25471,5216,25471,770,86
1673,3522,25472,5216,25472,770,86
1673,3522,25473,5216,25473,770,86
1673,3522,25474,5216,25474,770,86
1673,3522,25475,5216,25475,770,86
1673,3522,25476,5216,25476,770,86
1672,3522,25477,5216,25477,770,85
1672,3522,25478,5216,25478,770,85
1672,3522,25479,5216,25479,770,85
1672,3522,25480,5216,25480,770,85
1672,3522,25481,5216,25481,770,85
1672,3522,25482,5216,25482,770,85
1672,3522,25483,5216,25483,770,85
1672,3522,25484,5216,25484,770,85
1672,3522,25485,5216,25485,770,85
1672,3522,25486,5216,25486,770,85
1672,3522,25487,5216,25487,770,85
1672,3522,25488,5216,25488,770,85
1672,3522,25489,5216,25489,770,85
1672,3522,25490,5216,25490,770,85
1672,3522,25491,5216,25491,770,85
1672,3522,25492,5216,25492,770,85
1672,3522,25493,5216,25493,770,85
1672,3522,25494,5216,25494,770,85
1672,3522,25495,5216,25495,770,85
1672,3522,25496,5216,25496,770,85
1672,3522,25497,5216,25497,770,85
1672,3522,25498,5216,25498,770,85
1672,3522,25499,5216,25499,770,85
1672,3522,25500,5216,25500,770,85
1672,3522,25501,5216,25501,770,85
1672,3522,25502,5216,25502,770,85
1672,3522,25503,5216,25503,770,85
1672,3522,25504,5216,25504,770,85
1672,3522,25505,5216,25505,770,85
1672,3522,25506,5216,25506,770,85
1672,3522,25507,5216,25507,770,85
1672,3522,25508,5216,25508,770,85
1672,3522,25509,5216,25509,770,85
1672,3522,25510,5216,25510,770,85
1672,3522,25511,5216,25511,770,85
1672,3522,25512,5216,25512,770,85
1672,3522,25513,5216,25513,770,85
1672,3522,25514,5216,25514,770,85
1672,3522,25515,5216,25515,770,85
1671,3522,25516,5216,25516,770,85
1671,3522,25517,5216,25517,770,85
1671,3522,25518,5216,25518,770,85
1671,3522,25519,5216,25519,770,85
1671,3522,25520,5216,25520,770,85
1671,3522,25521,5216,25521,770,85
1671,3522,25522,5216,25522,770,85
1671,3522,25523,5216,25523,770,85
1671,3522,25524,5216,25524,770,85
1671,3522,25525,5216,25525,770,85
1671,3522,25526,5216,25526,770,85
1671,3522,25527,5216,25527,770,85
1671,3522,25528,5216,25528,770,85
1671,3522,25529,5216,25529,770,85
1671,3522,25530,5216,25530,770,85
1671,3522,25531,5216,25531,770,85
1671,3522,25532,5216,25532,770,85
1671,3522,25533,5216,25533,770,85
1671,3522,25534,5216,25534,770,85
1671,3522,25535,5216,25535,770,85
1671,3522,25536,5216,25536,770,85
1671,3522,25537,5216,25537,770,85
1671,3522,25538,5216,25538,770,85
1671,3522,25539,5216,25539,770,85
1671,3522,25540,5216,25540,770,85
1671,3522,25541,5216,25541,770,85
1671,3522,25542,5216,25542,770,85
1671,3522,25543,5216,25543,770,85
1671,3522,25544,5216,25544,770,85
1671,3522,25545,5216,25545,770,85
1671,3522,25546,5216,25546,770,85
1671,3522,25547,5216,25547,770,85
1671,3522,25548,5216,25548,770,85
1671,3522,25549,5216,25549,770,85
1671,3522,25550,5216,25550,770,85
1671,3522,25551,5216,25551,770,85
1671,3522,25552,5216,25552,770,85
1671,3522,25553,5216,25553,770,85
1671,3522,25554,5216,25554,770,85
1671,3522,25555,5216,25555,770,85
1671,3522,25556,5216,25556,770,85
1670,3522,25557,5216,25557,770,85
1670,3522,25558,5216,25558,770,85
1669,3522,25559,5216,25559,770,85
1668,3522,25560,5216,25560,770,85
1668,3522,25561,5216,25561,770,85
1668,3522,25562,5216,25562,770,85
1668,3522,25563,5216,25563,770,85
1668,3522,25564,5216,25564,770,85
1668,3522,25565,5216,25565,770,85
1668,3522,25566,5216,25566,770,85
1668,3522,25567,5216,25567,770,85
1667,3522,25568,5216,25568,770,85
1667,3522,25569,5216,25569,770,85
1667,3522,25570,5216,25570,770,85
1667,3522,25571,5216,25571,770,85
1667,3522,25572,5216,25572,770,85
1667,3522,25573,5216,25573,770,85
1667,3522,25574,5216,25574,770,85
1667,3522,25575,5216,25575,770,85
1667,3522,25576,5216,25576,770,85
1667,3522,25577,5216,25577,770,85
1667,3522,25578,5216,25578,770,85
1667,3522,25579,5216,25579,770,85
1667,3522,25580,5216,25580,770,85
1667,3522,25581,5216,25581,770,85
1667,3522,25582,5216,25582,770,85
1667,3522,25583,5216,25583,770,85
1667,3522,25584,5216,25584,770,85
1667,3522,25585,5216,25585,770,85
1667,3522,25586,5216,25586,770,85
1667,3522,25587,5216,25587,770,85
1667,3522,25588,5216,25588,770,85
1667,3522,25589,5216,25589,770,85
1667,3522,25590,5216,25590,770,85
1667,3522,25591,5216,25591,770,85
1667,3522,25592,5216,25592,770,85
1667,3522,25593,5216,25593,770,85
1667,3522,25594,5216,25594,770,85
1667,3522,25595,5216,25595,770,85
1667,3522,25596,5216,25596,770,85
1667,3522,25597,5216,25597,770,85
1667,3522,25598,5216,25598,770,85
1667,3522,25599,5216,25599,770,85
1667,3522,25600,5216,25600,770,85
1667,3522,25601,5216,25601,770,85
1667,3522,25602,5216,25602,770,85
1667,3522,25603,5216,25603,770,85
1667,3522,25604,5216,25604,770,85
1667,3522,25605,5216,25605,770,85
1667,3522,25606,5216,25606,770,85
1667,3522,25607,5216,25607,770,85
1667,3522,25608,5216,25608,770,85
1667,3522,25609,5216,25609,770,85
1667,3522,25610,5216,25610,770,85
1667,3522,25611,5216,25611,770,85
1667,3522,25612,5216,25612,770,85
1667,3522,25613,5216,25613,770,85
1667,3522,25614,5216,25614,770,85
1667,3522,25615,5216,25615,770,85
1667,3522,25616,5216,25616,770,85
1667,3522,25617,5216,25617,770,85
1667,3522,25618,5216,25618,770,85
1666,3522,25619,5216,25619,770,85
1666,3522,25620,5216,25620,770,85
1666,3522,25621,5216,25621,770,85
1666,3522,25622,5216,25622,770,85
1666,3522,25623,5216,25623,770,85
1666,3522,25624,5216,25624,770,85
1666,3522,25625,5216,25625,770,85
1666,3522,25626,5216,25626,770,85
1666,3522,25627,5216,25627,770,85
1666,3522,25628,5216,25628,770,85
1666,3522,25629,5216,25629,770,85
1666,3522,25630,5216,25630,770,85
1666,3522,25631,5216,25631,770,85
1666,3522,25632,5216,25632,770,85
1666,3522,25633,5216,25633,770,85
1666,3522,25634,5216,25634,770,85
1666,3522,25635,5216,25635,770,85
1666,3522,25636,5216,25636,770,85
1666,3522,25637,5216,25637,770,85
1666,3522,25638,5216,25638,770,85
1666,3522,25639,5216,25639,770,85
1666,3522,25640,5216,25640,770,85
1666,3522,25641,5216,25641,770,85
1666,3522,25642,5216,25642,770,85
1666,3522,25643,5216,25643,770,85
1666,3522,25644,5216,25644,770,85
1666,3522,25645,5216,25645,770,85
1666,3522,25646,5216,25646,770,85
1666,3522,25647,5216,25647,770,85
1667,3522,25648,5216,25648,770,85
1667,3522,25649,5216,25649,770,85
1667,3522,25650,5216,25650,770,85
1667,3522,25651,5216,25651,770,85
1667,3522,25652,5216,25652,770,85
1667,3522,25653,5216,25653,770,85
1667,3522,25654,5216,25654,770,85
1667,3522,25655,5216,25655,770,85
1667,3522,25656,5216,25656,770,85
1666,3522,25657,5216,25657,770,85
1666,3522,25658,5216,25658,770,85
1666,3522,25659,5216,25659,770,85
1666,3522,25660,5216,25660,770,85
1666,3522,25661,5216,25661,770,85
1666,3522,25662,5216,25662,770,85
1666,3522,25663,5216,25663,770,85
1666,3522,25664,5216,25664,770,85
1666,3522,25665,5216,25665,770,85
1666,3522,25666,5216,25666,770,85
1666,3522,25667,5216,25667,770,85
1666,3522,25668,5216,25668,770,85
1666,3522,25669,5216,25669,770,85
1666,3522,25670,5216,25670,770,85
1666,3522,25671,5216,25671,770,85
1666,3522,25672,5216,25672,770,85
1666,3522,25673,5216,25673,770,85
1666,3522,25674,5216,25674,770,85
1666,3522,25675,5216,25675,770,85
1666,3522,25676,5216,25676,770,85
1666,3522,25677,5216,25677,770,85
1666,3522,25678,5216,25678,770,85
1666,3522,25679,5216,25679,770,85
1666,3522,25680,5216,25680,770,85
1666,3522,25681,5216,25681,770,85
1666,3522,25682,5216,25682,770,85
1666,3522,25683,5216,25683,770,85
1666,3522,25684,5216,25684,770,85
1666,3522,25685,5216,25685,770,85
1666,3522,25686,5216,25686,770,85
1666,3522,25687,5216,25687,770,85
1666,3522,25688,5216,25688,770,85
1666,3522,25689,5216,25689,770,85
1666,3522,25690,5216,25690,770,85
1666,3522,25691,5216,25691,770,85
1666,3522,25692,5216,25692,770,85
1665,3522,25693,5216,25693,770,85
1665,3522,25694,5216,25694,770,85
1665,3522,25695,5216,25695,770,85
1665,3522,25696,5216,25696,770,85
1665,3522,25697,5216,25697,770,85
1665,3522,25698,5216,25698,770,85
1666,3522,25699,5216,25699,770,85
1666,3522,25700,5216,25700,770,85
1666,3522,25701,5216,25701,770,85
1666,3522,25702,5216,25702,770,85
1666,3522,25703,5216,25703,770,85
1666,3522,25704,5216,25704,770,85
1665,3522,25705,5216,25705,770,85
1666,3522,25706,5216,25706,770,85
1666,3522,25707,5216,25707,770,85
1666,3522,25708,5216,25708,770,85
1666,3522,25709,5216,25709,770,85
1666,3522,25710,5216,25710,770,85
1666,3522,25711,5216,25711,770,85
1666,3522,25712,5216,25712,770,85
1666,3522,25713,5216,25713,770,85
1666,3522,25714,5216,25714,770,85
1666,3522,25715,5216,25715,770,85
1666,3522,25716,5216,25716,770,85
1666,3522,25717,5216,25717,770,85
1666,3522,25718,5216,25718,770,85
1666,3522,25719,5216,25719,770,85
1666,3522,25720,5216,25720,770,85
1666,3522,25721,5216,25721,770,85
1666,3522,25722,5216,25722,770,85
1666,3522,25723,5216,25723,770,85
1666,3522,25724,5216,25724,770,85
1666,3522,25725,5216,25725,770,85
1666,3522,25726,5216,25726,770,85
1666,3522,25727,5216,25727,770,85
1666,3522,25728,5216,25728,770,85
1666,3522,25729,5216,25729,770,85
1666,3522,25730,5216,25730,770,85
1666,3522,25731,5216,25731,770,85
1666,3522,25732,5216,25732,770,85
1666,3522,25733,5216,25733,770,85
1666,3522,25734,5216,25734,770,85
1666,3522,25735,5216,25735,770,85
1666,3522,25736,5216,25736,770,85
1666,3522,25737,5216,25737,770,85
1665,3522,25738,5216,25738,770,85
1665,3522,25739,5216,25739,770,85
1665,3522,25740,5216,25740,770,85
1665,3522,25741,5216,25741,770,85
1665,3522,25742,5216,25742,770,85
1665,3522,25743,5216,25743,770,85
1665,3522,25744,5216,25744,770,85
1665,3522,25745,5216,25745,770,85
1665,3522,25746,5216,25746,770,85
1665,3522,25747,5216,25747,770,85
1665,3522,25748,5216,25748,770,85
1665,3522,25749,5216,25749,770,85
1665,3522,25750,5216,25750,770,85
1664,3522,25751,5216,25751,770,85
1664,3522,25752,5216,25752,770,85
1664,3522,25753,5216,25753,770,85
1664,3522,25754,5216,25754,770,85
1664,3522,25755,5216,25755,770,85
1664,3522,25756,5216,25756,770,85
1664,3522,25757,5216,25757,770,85
1664,3522,25758,5216,25758,770,85
1664,3522,25759,5216,25759,770,85
1664,3522,25760,5216,25760,770,85
1664,3522,25761,5216,25761,770,85
1664,3522,25762,5216,25762,770,85
1664,3522,25763,5216,25763,770,85
1664,3522,25764,5216,25764,770,85
1664,3522,25765,5216,25765,770,85
1664,3522,25766,5216,25766,770,85
1664,3522,25767,5216,25767,770,85
1664,3522,25768,5216,25768,770,85
1665,3522,25769,5216,25769,770,85
1665,3522,25770,5216,25770,770,85
1665,3522,25771,5216,25771,770,85
1665,3522,25772,5216,25772,770,85
1665,3522,25773,5216,25773,770,85
1664,3522,25774,5216,25774,770,85
1664,3522,25775,5216,25775,770,85
1664,3522,25776,5216,25776,770,85
1664,3522,25777,5216,25777,770,85
1664,3522,25778,5216,25778,770,85
1664,3522,25779,5216,25779,770,85
1664,3522,25780,5216,25780,770,85
1664,3522,25781,5216,25781,770,85
1664,3522,25782,5216,25782,770,85
1664,3522,25783,5216,25783,770,85
1664,3522,25784,5216,25784,770,85
1664,3522,25785,5216,25785,770,85
1664,3522,25786,5216,25786,770,85
1664,3522,25787,5216,25787,770,85
1664,3522,25788,5216,25788,770,85
1664,3522,25789,5216,25789,770,85
1664,3522,25790,5216,25790,770,85
1664,3522,25791,5216,25791,770,85
1664,3522,25792,5216,25792,770,85
1663,3522,25793,5216,25793,770,85
1663,3522,25794,5216,25794,770,85
1663,3522,25795,5216,25795,770,85
1663,3522,25796,5216,25796,770,85
1664,3522,25797,5216,25797,770,85
1664,3522,25798,5216,25798,770,85
1664,3522,25799,5216,25799,770,85
1665,3522,25800,5216,25800,770,85
1665,3522,25801,5216,25801,770,85
1664,3522,25802,5216,25802,770,85
1664,3522,25803,5216,25803,770,85
1664,3522,25804,5216,25804,770,85
1664,3522,25805,5216,25805,770,85
1664,3522,25806,5216,25806,770,85
1664,3522,25807,5216,25807,770,85
1664,3522,25808,5216,25808,770,85
1664,3522,25809,5216,25809,770,85
1664,3522,25810,5216,25810,770,85
1664,3522,25811,5216,25811,770,85
1664,3522,25812,5216,25812,770,85
1664,3522,25813,5216,25813,770,85
1664,3522,25814,5216,25814,770,85
1664,3522,25815,5216,25815,770,85
1664,3522,25816,5216,25816,770,85
1664,3522,25817,5216,25817,770,85
1664,3522,25818,5216,25818,770,85
1664,3522,25819,5216,25819,770,85
1664,3522,25820,5216,25820,770,85
1664,3522,25821,5216,25821,770,85
1664,3522,25822,5216,25822,770,85
1663,3522,25823,5216,25823,770,84
1663,3522,25824,5216,25824,770,84
1663,3522,25825,5216,25825,770,84
1663,3522,25826,5216,25826,770,84
1663,3522,25827,5216,25827,770,84
1663,3522,25828,5216,25828,770,84
1663,3522,25829,5216,25829,770,84
1663,3522,25830,5216,25830,770,84
1663,3522,25831,5216,25831,770,84
1663,3522,25832,5216,25832,770,84
1663,3522,25833,5216,25833,770,84
1663,3522,25834,5216,25834,770,84
1663,3522,25835,5216,25835,770,84
1663,3522,25836,5216,25836,770,84
1663,3522,25837,5216,25837,770,84
1663,3522,25838,5216,25838,770,84
1663,3522,25839,5216,25839,770,84
1663,3522,25840,5216,25840,770,84
1663,3522,25841,5216,25841,770,84
1663,3522,25842,5216,25842,770,84
1663,3522,25843,5216,25843,770,84
1663,3522,25844,5216,25844,770,84
1663,3522,25845,5216,25845,770,84
1663,3522,25846,5216,25846,770,84
1663,3522,25847,5216,25847,770,84
1663,3522,25848,5216,25848,770,84
1663,3522,25849,5216,25849,770,84
1663,3522,25850,5216,25850,770,84
1663,3522,25851,5216,25851,770,84
1663,3522,25852,5216,25852,770,84
1664,3522,25853,5216,25853,770,84
1664,3522,25854,5216,25854,770,84
1664,3522,25855,5216,25855,770,84
1665,3522,25856,5216,25856,770,84
1665,3522,25857,5216,25857,770,84
1665,3522,25858,5216,25858,770,84
1665,3522,25859,5216,25859,770,84
1665,3522,25860,5216,25860,770,84
1665,3522,25861,5216,25861,770,84
1665,3522,25862,5216,25862,770,84
1665,3522,25863,5216,25863,770,84
1665,3522,25864,5216,25864,770,84
1665,3522,25865,5216,25865,770,84
1665,3522,25866,5216,25866,770,84
1665,3522,25867,5216,25867,770,84
1665,3522,25868,5216,25868,770,84
1665,3522,25869,5216,25869,770,84
1664,3522,25870,5216,25870,770,84
1664,3522,25871,5216,25871,770,84
1664,3522,25872,5216,25872,770,84
1664,3522,25873,5216,25873,770,84
1664,3522,25874,5216,25874,770,84
1663,3522,25875,5216,25875,770,84
1663,3522,25876,5216,25876,770,84
1663,3522,25877,5216,25877,770,84
1663,3522,25878,5216,25878,770,84
1663,3522,25879,5216,25879,770,84
1663,3522,25880,5216,25880,770,84
1663,3522,25881,5216,25881,770,84
1663,3522,25882,5216,25882,770,84
1663,3522,25883,5216,25883,770,84
1663,3522,25884,5216,25884,770,84
1663,3522,25885,5216,25885,770,84
1663,3522,25886,5216,25886,770,84
1664,3522,25887,5216,25887,770,84
1664,3522,25888,5216,25888,770,84
1664,3522,25889,5216,25889,770,84
1663,3522,25890,5216,25890,770,84
1662,3522,25891,5216,25891,770,84
1662,3522,25892,5216,25892,770,84
1662,3522,25893,5216,25893,770,84
1662,3522,25894,5216,25894,770,84
1662,3522,25895,5216,25895,770,84
1662,3522,25896,5216,25896,770,84
1662,3522,25897,5216,25897,770,84
1662,3522,25898,5216,25898,770,84
1662,3522,25899,5216,25899,770,84
1662,3522,25900,5216,25900,770,84
1662,3522,25901,5216,25901,770,84
1662,3522,25902,5216,25902,770,84
1662,3522,25903,5216,25903,770,84
1662,3522,25904,5216,25904,770,84
1662,3522,25905,5216,25905,770,84
1662,3522,25906,5216,25906,770,84
1662,3522,25907,5216,25907,770,84
1662,3522,25908,5216,25908,770,84
1662,3522,25909,5216,25909,770,84
1662,3522,25910,5216,25910,770,84
1662,3522,25911,5216,25911,770,84
1661,3522,25912,5216,25912,770,84
1661,3522,25913,5216,25913,770,84
1661,3522,25914,5216,25914,770,84
1660,3522,25915,5216,25915,770,84
1660,3522,25916,5216,25916,770,84
1660,3522,25917,5216,25917,770,84
1660,3522,25918,5216,25918,770,84
1660,3522,25919,5216,25919,770,84
1660,3522,25920,5216,25920,770,84
1660,3522,25921,5216,25921,770,84
1660,3522,25922,5216,25922,770,84
1660,3522,25923,5216,25923,770,84
1660,3522,25924,5216,25924,770,84
1660,3522,25925,5216,25925,770,84
1659,3522,25926,5216,25926,770,84
1659,3522,25927,5216,25927,770,84
1659,3522,25928,5216,25928,770,84
1659,3522,25929,5216,25929,770,84
1659,3522,25930,5216,25930,770,84
1659,3522,25931,5216,25931,770,84
1659,3522,25932,5216,25932,770,84
1659,3522,25933,5216,25933,770,84
1658,3522,25934,5216,25934,770,84
1658,3522,25935,5216,25935,770,84
1658,3522,25936,5216,25936,770,84
1658,3522,25937,5216,25937,770,84
1658,3522,25938,5216,25938,770,84
1658,3522,25939,5216,25939,770,84
1658,3522,25940,5216,25940,770,84
1658,3522,25941,5216,25941,770,84
1658,3522,25942,5216,25942,770,84
1658,3522,25943,5216,25943,770,84
1658,3522,25944,5216,25944,770,84
1658,3522,25945,5216,25945,770,84
1658,3522,25946,5216,25946,770,84
1658,3522,25947,5216,25947,770,84
1658,3522,25948,5216,25948,770,84
1659,3522,25949,5216,25949,770,84
1659,3522,25950,5216,25950,770,84
1660,3522,25951,5216,25951,770,84
1660,3522,25952,5216,25952,770,84
1661,3522,25953,5216,25953,770,84
1661,3522,25954,5216,25954,770,84
1661,3522,25955,5216,25955,770,84
1661,3522,25956,5216,25956,770,84
1661,3522,25957,5216,25957,770,84
1661,3522,25958,5216,25958,770,84
1661,3522,25959,5216,25959,770,84
1661,3522,25960,5216,25960,770,84
1661,3522,25961,5216,25961,770,84
1661,3522,25962,5216,25962,770,84
1661,3522,25963,5216,25963,770,84
1661,3522,25964,5216,25964,770,84
1661,3522,25965,5216,25965,770,84
1661,3522,25966,5216,25966,770,84
1661,3522,25967,5216,25967,770,84
1661,3522,25968,5216,25968,770,84
1661,3522,25969,5216,25969,770,84
1661,3522,25970,5216,25970,770,84
1661,3522,25971,5216,25971,770,84
1661,3522,25972,5216,25972,770,84
1661,3522,25973,5216,25973,770,84
1661,3522,25974,5216,25974,770,84
1661,3522,25975,5216,25975,770,84
1661,3522,25976,5216,25976,770,84
1661,3522,25977,5216,25977,770,84
1661,3522,25978,5216,25978,770,84
1661,3522,25979,5216,25979,770,84
1661,3522,25980,5216,25980,770,84
1661,3522,25981,5216,25981,770,84
1661,3522,25982,5216,25982,770,84
1661,3522,25983,5216,25983,770,84
1661,3522,25984,5216,25984,770,84
1661,3522,25985,5216,25985,770,84
1661,3522,25986,5216,25986,770,84
1661,3522,25987,5216,25987,770,84
1660,3522,25988,5216,25988,770,84
1660,3522,25989,5216,25989,770,84
1660,3522,25990,5216,25990,770,84
1660,3522,25991,5216,25991,770,84
1660,3522,25992,5216,25992,770,84
1660,3522,25993,5216,25993,770,84
1660,3522,25994,5216,25994,770,84
1661,3522,25995,5216,25995,770,84
1661,3522,25996,5216,25996,770,84
1661,3522,25997,5216,25997,770,84
1661,3522,25998,5216,25998,770,84
1661,3522,25999,5216,25999,770,84
1661,3522,26000,5216,26000,770,84
1661,3522,26001,5216,26001,770,84
1661,3522,26002,5216,26002,770,84
1661,3522,26003,5216,26003,770,84
1661,3522,26004,5216,26004,770,84
1661,3522,26005,5216,26005,770,84
1661,3522,26006,5216,26006,770,84
1661,3522,26007,5216,26007,770,84
1661,3522,26008,5216,26008,770,84
1660,3522,26009,5216,26009,770,84
1660,3522,26010,5216,26010,770,84
1661,3522,26011,5216,26011,770,84
1661,3522,26012,5216,26012,770,84
1661,3522,26013,5216,26013,770,84
1661,3522,26014,5216,26014,770,84
1661,3522,26015,5216,26015,770,84
1661,3522,26016,5216,26016,770,84
1661,3522,26017,5216,26017,770,84
1661,3522,26018,5216,26018,770,84
1661,3522,26019,5216,26019,770,84
1662,3522,26020,5216,26020,770,84
1661,3522,26021,5216,26021,770,84
1661,3522,26022,5216,26022,770,84
1661,3522,26023,5216,26023,770,84
1661,3522,26024,5216,26024,770,84
1661,3522,26025,5216,26025,770,84
1660,3522,26026,5216,26026,770,84
1660,3522,26027,5216,26027,770,84
1660,3522,26028,5216,26028,770,84
1661,3522,26029,5216,26029,770,84
1661,3522,26030,5216,26030,770,84
1661,3522,26031,5216,26031,770,84
1660,3522,26032,5216,26032,770,84
1660,3522,26033,5216,26033,770,84
1660,3522,26034,5216,26034,770,84
1660,3522,26035,5216,26035,770,84
1660,3522,26036,5216,26036,770,84
1660,3522,26037,5216,26037,770,84
1660,3522,26038,5216,26038,770,84
1660,3522,26039,5216,26039,770,84
1660,3522,26040,5216,26040,770,84
1660,3522,26041,5216,26041,770,84
1660,3522,26042,5216,26042,770,84
1660,3522,26043,5216,26043,770,84
1660,3522,26044,5216,26044,770,84
1660,3522,26045,5216,26045,770,84
1660,3522,26046,5216,26046,770,84
1660,3522,26047,5216,26047,770,84
1660,3522,26048,5216,26048,770,84
1660,3522,26049,5216,26049,770,84
1660,3522,26050,5216,26050,770,84
1660,3522,26051,5216,26051,770,84
1660,3522,26052,5216,26052,770,84
1660,3522,26053,5216,26053,770,84
1660,3522,26054,5216,26054,770,84
1660,3522,26055,5216,26055,770,84
1660,3522,26056,5216,26056,770,84
1660,3522,26057,5216,26057,770,84
1660,3522,26058,5216,26058,770,84
1660,3522,26059,5216,26059,770,84
1661,3522,26060,5216,26060,770,84
1661,3522,26061,5216,26061,770,84
1661,3522,26062,5216,26062,770,84
1661,3522,26063,5216,26063,770,84
1661,3522,26064,5216,26064,770,84
1661,3522,26065,5216,26065,770,84
1661,3522,26066,5216,26066,770,84
1660,3522,26067,5216,26067,770,84
1660,3522,26068,5216,26068,770,84
1660,3522,26069,5216,26069,770,84
1660,3522,26070,5216,26070,770,84
1660,3522,26071,5216,26071,770,84
1660,3522,26072,5216,26072,770,84
1660,3522,26073,5216,26073,770,84
1660,3522,26074,5216,26074,770,84
1660,3522,26075,5216,26075,770,84
1660,3522,26076,5216,26076,770,84
1660,3522,26077,5216,26077,770,84
1660,3522,26078,5216,26078,770,84
1660,3522,26079,5216,26079,770,84
1660,3522,26080,5216,26080,770,84
1660,3522,26081,5216,26081,770,84
1660,3522,26082,5216,26082,770,84
1660,3522,26083,5216,26083,770,84
1660,3522,26084,5216,26084,770,84
1660,3522,26085,5216,26085,770,84
1660,3522,26086,5216,26086,770,84
1660,3522,26087,5216,26087,770,84
1659,3522,26088,5216,26088,770,84
1659,3522,26089,5216,26089,770,84
1659,3522,26090,5216,26090,770,84
1659,3522,26091,5216,26091,770,84
1659,3522,26092,5216,26092,770,84
1659,3522,26093,5216,26093,770,84
1659,3522,26094,5216,26094,770,84
1659,3522,26095,5216,26095,770,84
1659,3522,26096,5216,26096,770,84
1659,3522,26097,5216,26097,770,84
1659,3522,26098,5216,26098,770,84
1659,3522,26099,5216,26099,770,84
1659,3522,26100,5216,26100,770,84
1659,3522,26101,5216,26101,770,84
1659,3522,26102,5216,26102,770,84
1659,3522,26103,5216,26103,770,84
1659,3522,26104,5216,26104,770,84
1659,3522,26105,5216,26105,770,84
1658,3522,26106,5216,26106,770,84
1658,3522,26107,5216,26107,770,84
1658,3522,26108,5216,26108,770,84
1658,3522,26109,5216,26109,770,84
1658,3522,26110,5216,26110,770,84
1658,3522,26111,5216,26111,770,84
1658,3522,26112,5216,26112,770,84
1658,3522,26113,5216,26113,770,84
1656,3522,26114,5216,26114,770,84
1656,3522,26115,5216,26115,770,84
1656,3522,26116,5216,26116,770,84
1656,3522,26117,5216,26117,770,84
1656,3522,26118,5216,26118,770,84
1656,3522,26119,5216,26119,770,84
1656,3522,26120,5216,26120,770,84
1656,3522,26121,5216,26121,770,84
1656,3522,26122,5216,26122,770,84
1656,3522,26123,5216,26123,770,84
1657,3522,26124,5216,26124,770,84
1658,3522,26125,5216,26125,770,84
1658,3522,26126,5216,26126,770,84
1658,3522,26127,5216,26127,770,84
1658,3522,26128,5216,26128,770,84
1658,3522,26129,5216,26129,770,84
1658,3522,26130,5216,26130,770,84
1658,3522,26131,5216,26131,770,84
1658,3522,26132,5216,26132,770,84
1658,3522,26133,5216,26133,770,84
1658,3522,26134,5216,26134,770,84
1658,3522,26135,5216,26135,770,84
1658,3522,26136,5216,26136,770,84
1658,3522,26137,5216,26137,770,84
1658,3522,26138,5216,26138,770,84
1658,3522,26139,5216,26139,770,84
1658,3522,26140,5216,26140,770,84
1658,3522,26141,5216,26141,770,84
1658,3522,26142,5216,26142,770,84
1659,3522,26143,5216,26143,770,84
1659,3522,26144,5216,26144,770,84
1659,3522,26145,5216,26145,770,84
1659,3522,26146,5216,26146,770,84
1659,3522,26147,5216,26147,770,84
1659,3522,26148,5216,26148,770,84
1659,3522,26149,5216,26149,770,84
1659,3522,26150,5216,26150,770,84
1659,3522,26151,5216,26151,770,84
1659,3522,26152,5216,26152,770,84
1659,3522,26153,5216,26153,770,84
1659,3522,26154,5216,26154,770,84
1659,3522,26155,5216,26155,770,84
1659,3522,26156,5216,26156,770,84
1659,3522,26157,5216,26157,770,84
1659,3522,26158,5216,26158,770,84
1659,3522,26159,5216,26159,770,84
1659,3522,26160,5216,26160,770,84
1659,3522,26161,5216,26161,770,84
1659,3522,26162,5216,26162,770,84
1659,3522,26163,5216,26163,770,84
1659,3522,26164,5216,26164,770,84
1660,3522,26165,5216,26165,770,84
1660,3522,26166,5216,26166,770,84
1660,3522,26167,5216,26167,770,84
1660,3522,26168,5216,26168,770,84
1660,3522,26169,5216,26169,770,84
1660,3522,26170,5216,26170,770,84
1660,3522,26171,5216,26171,770,84
1659,3522,26172,5216,26172,770,84
1659,3522,26173,5216,26173,770,84
1659,3522,26174,5216,26174,770,84
1660,3522,26175,5216,26175,770,84
1660,3522,26176,5216,26176,770,84
1660,3522,26177,5216,26177,770,84
1660,3522,26178,5216,26178,770,84
1660,3522,26179,5216,26179,770,84
1660,3522,26180,5216,26180,770,84
1660,3522,26181,5216,26181,770,84
1660,3522,26182,5216,26182,770,84
1660,3522,26183,5216,26183,770,84
1660,3522,26184,5216,26184,770,84
1660,3522,26185,5216,26185,770,84
1660,3522,26186,5216,26186,770,84
1660,3522,26187,5216,26187,770,84
1660,3522,26188,5216,26188,770,84
1660,3522,26189,5216,26189,770,84
1660,3522,26190,5216,26190,770,84
1660,3522,26191,5216,26191,770,84
1660,3522,26192,5216,26192,770,84
1661,3522,26193,5216,26193,770,84
1661,3522,26194,5216,26194,770,84
1661,3522,26195,5216,26195,770,84
1661,3522,26196,5216,26196,770,84
1661,3522,26197,5216,26197,770,84
1661,3522,26198,5216,26198,770,84
1661,3522,26199,5216,26199,770,84
1661,3522,26200,5216,26200,770,84
1661,3522,26201,5216,26201,770,84
1661,3522,26202,5216,26202,770,84
1661,3522,26203,5216,26203,770,84
1660,3522,26204,5216,26204,770,84
1660,3522,26205,5216,26205,770,84
1660,3522,26206,5216,26206,770,84
1660,3522,26207,5216,26207,770,84
1660,3522,26208,5216,26208,770,84
1660,3522,26209,5216,26209,770,84
1660,3522,26210,5216,26210,770,84
1660,3522,26211,5216,26211,770,84
1660,3522,26212,5216,26212,770,84
1660,3522,26213,5216,26213,770,84
1660,3522,26214,5216,26214,770,84
1660,3522,26215,5216,26215,770,84
1660,3522,26216,5216,26216,770,84
1660,3522,26217,5216,26217,770,84
1660,3522,26218,5216,26218,770,84
1660,3522,26219,5216,26219,770,84
1660,3522,26220,5216,26220,770,84
1660,3522,26221,5216,26221,770,84
1660,3522,26222,5216,26222,770,84
1660,3522,26223,5216,26223,770,84
1660,3522,26224,5216,26224,770,84
1660,3522,26225,5216,26225,770,84
1660,3522,26226,5216,26226,770,84
1660,3522,26227,5216,26227,770,84
1660,3522,26228,5216,26228,770,84
1660,3522,26229,5216,26229,770,84
1660,3522,26230,5216,26230,770,84
1660,3522,26231,5216,26231,770,84
1660,3522,26232,5216,26232,770,84
1660,3522,26233,5216,26233,770,84
1659,3522,26234,5216,26234,770,84
1659,3522,26235,5216,26235,770,84
1659,3522,26236,5216,26236,770,84
1659,3522,26237,5216,26237,770,84
1659,3522,26238,5216,26238,770,84
1659,3522,26239,5216,26239,770,84
1659,3522,26240,5216,26240,770,84
1659,3522,26241,5216,26241,770,84
1659,3522,26242,5216,26242,770,84
1658,3522,26243,5216,26243,770,84
1659,3522,26244,5216,26244,770,84
1659,3522,26245,5216,26245,770,84
1659,3522,26246,5216,26246,770,84
1658,3522,26247,5216,26247,770,84
1658,3522,26248,5216,26248,770,84
1658,3522,26249,5216,26249,770,84
1658,3522,26250,5216,26250,770,84
1658,3522,26251,5216,26251,770,84
1658,3522,26252,5216,26252,770,84
1658,3522,26253,5216,26253,770,84
1658,3522,26254,5216,26254,770,84
1658,3522,26255,5216,26255,770,84
1658,3522,26256,5216,26256,770,84
1658,3522,26257,5216,26257,770,84
1658,3522,26258,5216,26258,770,84
1658,3522,26259,5216,26259,770,84
1658,3522,26260,5216,26260,770,84
1658,3522,26261,5216,26261,770,84
1658,3522,26262,5216,26262,770,84
1658,3522,26263,5216,26263,770,84
1658,3522,26264,5216,26264,770,84
1658,3522,26265,5216,26265,770,84
1658,3522,26266,5216,26266,770,84
1658,3522,26267,5216,26267,770,84
1658,3522,26268,5216,26268,770,84
1658,3522,26269,5216,26269,770,84
1658,3522,26270,5216,26270,770,84
1658,3522,26271,5216,26271,770,84
1658,3522,26272,5216,26272,770,84
1658,3522,26273,5216,26273,770,84
1658,3522,26274,5216,26274,770,84
1658,3522,26275,5216,26275,770,84
1658,3522,26276,5216,26276,770,84
1658,3522,26277,5216,26277,770,84
1658,3522,26278,5216,26278,770,84
1658,3522,26279,5216,26279,770,84
1659,3522,26280,5216,26280,770,84
1659,3522,26281,5216,26281,770,84
1659,3522,26282,5216,26282,770,84
1659,3522,26283,5216,26283,770,84
1659,3522,26284,5216,26284,770,84
1659,3522,26285,5216,26285,770,84
1659,3522,26286,5216,26286,770,84
1659,3522,26287,5216,26287,770,84
1659,3522,26288,5216,26288,770,84
1659,3522,26289,5216,26289,770,84
1659,3522,26290,5216,26290,770,84
1659,3522,26291,5216,26291,770,84
1659,3522,26292,5216,26292,770,84
1659,3522,26293,5216,26293,770,84
1659,3522,26294,5216,26294,770,84
1659,3522,26295,5216,26295,770,84
1659,3522,26296,5216,26296,770,84
1659,3522,26297,5216,26297,770,84
1659,3522,26298,5216,26298,770,84
1659,3522,26299,5216,26299,770,84
1659,3522,26300,5216,26300,770,84
1659,3522,26301,5216,26301,770,84
1659,3522,26302,5216,26302,770,84
1659,3522,26303,5216,26303,770,84
1659,3522,26304,5216,26304,770,84
1659,3522,26305,5216,26305,770,84
1659,3522,26306,5216,26306,770,84
1659,3522,26307,5216,26307,770,84
1659,3522,26308,5216,26308,770,84
1659,3522,26309,5216,26309,770,84
1659,3522,26310,5216,26310,770,84
1659,3522,26311,5216,26311,770,84
1659,3522,26312,5216,26312,770,84
1659,3522,26313,5216,26313,770,84
1659,3522,26314,5216,26314,770,84
1659,3522,26315,5216,26315,770,84
1659,3522,26316,5216,26316,770,84
1659,3522,26317,5216,26317,770,84
1658,3522,26318,5216,26318,770,84
1658,3522,26319,5216,26319,770,84
1658,3522,26320,5216,26320,770,84
1658,3522,26321,5216,26321,770,84
1657,3522,26322,5216,26322,770,84
1657,3522,26323,5216,26323,770,84
1657,3522,26324,5216,26324,770,84
1657,3522,26325,5216,26325,770,84
1657,3522,26326,5216,26326,770,84
1657,3522,26327,5216,26327,770,84
1657,3522,26328,5216,26328,770,84
1657,3522,26329,5216,26329,770,84
1657,3522,26330,5216,26330,770,84
1657,3522,26331,5216,26331,770,84
1658,3522,26332,5216,26332,770,84
1658,3522,26333,5216,26333,770,84
1658,3522,26334,5216,26334,770,84
1658,3522,26335,5216,26335,770,84
1658,3522,26336,5216,26336,770,84
1658,3522,26337,5216,26337,770,84
1658,3522,26338,5216,26338,770,84
1658,3522,26339,5216,26339,770,84
1658,3522,26340,5216,26340,770,84
1658,3522,26341,5216,26341,770,84
1658,3522,26342,5216,26342,770,84
1658,3522,26343,5216,26343,770,84
1658,3522,26344,5216,26344,770,84
1658,3522,26345,5216,26345,770,84
1658,3522,26346,5216,26346,770,84
1659,3522,26347,5216,26347,770,84
1659,3522,26348,5216,26348,770,84
1659,3522,26349,5216,26349,770,84
1658,3522,26350,5216,26350,770,83
1658,3522,26351,5216,26351,770,83
1658,3522,26352,5216,26352,770,83
1658,3522,26353,5216,26353,770,83
1658,3522,26354,5216,26354,770,83
1657,3522,26355,5216,26355,770,83
1657,3522,26356,5216,26356,770,83
1657,3522,26357,5216,26357,770,83
1657,3522,26358,5216,26358,770,83
1657,3522,26359,5216,26359,770,83
1657,3522,26360,5216,26360,770,83
1657,3522,26361,5216,26361,770,83
1658,3522,26362,5216,26362,770,83
1658,3522,26363,5216,26363,770,83
1658,3522,26364,5216,26364,770,83
1658,3522,26365,5216,26365,770,83
1658,3522,26366,5216,26366,770,83
1658,3522,26367,5216,26367,770,83
1658,3522,26368,5216,26368,770,83
1658,3522,26369,5216,26369,770,83
1658,3522,26370,5216,26370,770,83
1658,3522,26371,5216,26371,770,83
1658,3522,26372,5216,26372,770,83
1658,3522,26373,5216,26373,770,83
1658,3522,26374,5216,26374,770,83
1658,3522,26375,5216,26375,770,83
1657,3522,26376,5216,26376,770,83
1657,3522,26377,5216,26377,770,83
1657,3522,26378,5216,26378,770,83
1657,3522,26379,5216,26379,770,83
1657,3522,26380,5216,26380,770,83
1657,3522,26381,5216,26381,770,83
1657,3522,26382,5216,26382,770,83
1657,3522,26383,5216,26383,770,83
1657,3522,26384,5216,26384,770,83
1657,3522,26385,5216,26385,770,83
1657,3522,26386,5216,26386,770,83
1657,3522,26387,5216,26387,770,83
1657,3522,26388,5216,26388,770,83
1657,3522,26389,5216,26389,770,83
1657,3522,26390,5216,26390,770,83
1657,3522,26391,5216,26391,770,83
1657,3522,26392,5216,26392,770,83
1657,3522,26393,5216,26393,770,83
1657,3522,26394,5216,26394,770,83
1657,3522,26395,5216,26395,770,83
1657,3522,26396,5216,26396,770,83
1657,3522,26397,5216,26397,770,83
1657,3522,26398,5216,26398,770,83
1657,3522,26399,5216,26399,770,83
1657,3522,26400,5216,26400,770,83
1657,3522,26401,5216,26401,770,83
1657,3522,26402,5216,26402,770,83
1657,3522,26403,5216,26403,770,83
1657,3522,26404,5216,26404,770,83
1657,3522,26405,5216,26405,770,83
1657,3522,26406,5216,26406,770,83
1657,3522,26407,5216,26407,770,83
1658,3522,26408,5216,26408,770,83
1658,3522,26409,5216,26409,770,83
1658,3522,26410,5216,26410,770,83
1658,3522,26411,5216,26411,770,83
1658,3522,26412,5216,26412,770,83
1658,3522,26413,5216,26413,770,83
1658,3522,26414,5216,26414,770,83
1658,3522,26415,5216,26415,770,83
1658,3522,26416,5216,26416,770,83
1658,3522,26417,5216,26417,770,83
1658,3522,26418,5216,26418,770,83
1658,3522,26419,5216,26419,770,83
1658,3522,26420,5216,26420,770,83
1658,3522,26421,5216,26421,770,83
1658,3522,26422,5216,26422,770,83
1658,3522,26423,5216,26423,770,83
1658,3522,26424,5216,26424,770,83
1658,3522,26425,5216,26425,770,83
1657,3522,26426,5216,26426,770,83
1657,3522,26427,5216,26427,770,83
1657,3522,26428,5216,26428,770,83
1657,3522,26429,5216,26429,770,83
1657,3522,26430,5216,26430,770,83
1657,3522,26431,5216,26431,770,83
1657,3522,26432,5216,26432,770,83
1657,3522,26433,5216,26433,770,83
1658,3522,26434,5216,26434,770,83
1658,3522,26435,5216,26435,770,83
1658,3522,26436,5216,26436,770,83
1658,3522,26437,5216,26437,770,83
1658,3522,26438,5216,26438,770,83
1658,3522,26439,5216,26439,770,83
1658,3522,26440,5216,26440,770,83
1657,3522,26441,5216,26441,770,82
1657,3522,26442,5216,26442,770,82
1657,3522,26443,5216,26443,770,82
1657,3522,26444,5216,26444,770,82
1657,3522,26445,5216,26445,770,82
1657,3522,26446,5216,26446,770,82
1657,3522,26447,5216,26447,770,82
1657,3522,26448,5216,26448,770,82
1657,3522,26449,5216,26449,770,82
1657,3522,26450,5216,26450,770,82
1657,3522,26451,5216,26451,770,82
1658,3522,26452,5216,26452,770,82
1658,3522,26453,5216,26453,770,82
1658,3522,26454,5216,26454,770,82
1658,3522,26455,5216,26455,770,82
1658,3522,26456,5216,26456,770,82
1658,3522,26457,5216,26457,770,82
1658,3522,26458,5216,26458,770,82
1658,3522,26459,5216,26459,770,82
1658,3522,26460,5216,26460,770,82
1658,3522,26461,5216,26461,770,82
1658,3522,26462,5216,26462,770,82
1658,3522,26463,5216,26463,770,82
1658,3522,26464,5216,26464,770,82
1658,3522,26465,5216,26465,770,82
1658,3522,26466,5216,26466,770,82
1658,3522,26467,5216,26467,770,82
1657,3522,26468,5216,26468,770,81
1657,3522,26469,5216,26469,770,81
1657,3522,26470,5216,26470,770,81
1658,3522,26471,5216,26471,770,81
1658,3522,26472,5216,26472,770,81
1658,3522,26473,5216,26473,770,81
1658,3522,26474,5216,26474,770,81
1658,3522,26475,5216,26475,770,81
1658,3522,26476,5216,26476,770,81
1658,3522,26477,5216,26477,770,81
1658,3522,26478,5216,26478,770,81
1658,3522,26479,5216,26479,770,81
1658,3522,26480,5216,26480,770,81
1658,3522,26481,5216,26481,770,81
1658,3522,26482,5216,26482,770,81
1658,3522,26483,5216,26483,770,81
1658,3522,26484,5216,26484,770,81
1658,3522,26485,5216,26485,770,81
1658,3522,26486,5216,26486,770,81
1658,3522,26487,5216,26487,770,81
1658,3522,26488,5216,26488,770,81
1658,3522,26489,5216,26489,770,81
1658,3522,26490,5216,26490,770,81
1658,3522,26491,5216,26491,770,81
1658,3522,26492,5216,26492,770,81
1658,3522,26493,5216,26493,770,81
1658,3522,26494,5216,26494,770,81
1658,3522,26495,5216,26495,770,81
1658,3522,26496,5216,26496,770,81
1658,3522,26497,5216,26497,770,81
1658,3522,26498,5216,26498,770,81
1658,3522,26499,5216,26499,770,81
1658,3522,26500,5216,26500,770,81
1658,3522,26501,5216,26501,770,81
1658,3522,26502,5216,26502,770,81
1658,3522,26503,5216,26503,770,81
1658,3522,26504,5216,26504,770,81
1658,3522,26505,5216,26505,770,81
1658,3522,26506,5216,26506,770,81
1658,3522,26507,5216,26507,770,81
1658,3522,26508,5216,26508,770,81
1658,3522,26509,5216,26509,770,81
1658,3522,26510,5216,26510,770,81
1658,3522,26511,5216,26511,770,81
1656,3522,26512,5216,26512,770,81
1656,3522,26513,5216,26513,770,81
1656,3522,26514,5216,26514,770,81
1656,3522,26515,5216,26515,770,81
1656,3522,26516,5216,26516,770,81
1656,3522,26517,5216,26517,770,81
1656,3522,26518,5216,26518,770,81
1656,3522,26519,5216,26519,770,81
1656,3522,26520,5216,26520,770,81
1656,3522,26521,5216,26521,770,81
1656,3522,26522,5216,26522,770,81
1656,3522,26523,5216,26523,770,81
1656,3522,26524,5216,26524,770,81
1656,3522,26525,5216,26525,770,81
1656,3522,26526,5216,26526,770,81
1656,3522,26527,5216,26527,770,81
1656,3522,26528,5216,26528,770,81
1656,3522,26529,5216,26529,770,81
1656,3522,26530,5216,26530,770,81
1657,3522,26531,5216,26531,770,81
1657,3522,26532,5216,26532,770,81
1657,3522,26533,5216,26533,770,81
1657,3522,26534,5216,26534,770,81
1657,3522,26535,5216,26535,770,81
1657,3522,26536,5216,26536,770,81
1657,3522,26537,5216,26537,770,81
1657,3522,26538,5216,26538,770,81
1657,3522,26539,5216,26539,770,81
1657,3522,26540,5216,26540,770,81
1657,3522,26541,5216,26541,770,81
1657,3522,26542,5216,26542,770,81
1657,3522,26543,5216,26543,770,81
1657,3522,26544,5216,26544,770,81
1657,3522,26545,5216,26545,770,81
1657,3522,26546,5216,26546,770,81
1657,3522,26547,5216,26547,770,81
1657,3522,26548,5216,26548,770,81
1657,3522,26549,5216,26549,770,81
1657,3522,26550,5216,26550,770,81
1657,3522,26551,5216,26551,770,81
1657,3522,26552,5216,26552,770,81
1657,3522,26553,5216,26553,770,81
1657,3522,26554,5216,26554,770,81
1657,3522,26555,5216,26555,770,81
1657,3522,26556,5216,26556,770,81
1657,3522,26557,5216,26557,770,81
1657,3522,26558,5216,26558,770,81
1658,3522,26559,5216,26559,770,81
1658,3522,26560,5216,26560,770,81
1658,3522,26561,5216,26561,770,81
1658,3522,26562,5216,26562,770,81
1658,3522,26563,5216,26563,770,81
1658,3522,26564,5216,26564,770,81
1658,3522,26565,5216,26565,770,81
1658,3522,26566,5216,26566,770,81
1658,3522,26567,5216,26567,770,81
1658,3522,26568,5216,26568,770,81
1658,3522,26569,5216,26569,770,81
1658,3522,26570,5216,26570,770,81
1658,3522,26571,5216,26571,770,81
1658,3522,26572,5216,26572,770,81
1658,3522,26573,5216,26573,770,81
1658,3522,26574,5216,26574,770,81
1658,3522,26575,5216,26575,770,81
1658,3522,26576,5216,26576,770,81
1658,3522,26577,5216,26577,770,81
1658,3522,26578,5216,26578,770,81
1658,3522,26579,5216,26579,770,81
1658,3522,26580,5216,26580,770,81
1657,3522,26581,5216,26581,770,81
1657,3522,26582,5216,26582,770,81
1657,3522,26583,5216,26583,770,81
1657,3522,26584,5216,26584,770,81
1657,3522,26585,5216,26585,770,81
1657,3522,26586,5216,26586,770,81
1657,3522,26587,5216,26587,770,81
1657,3522,26588,5216,26588,770,81
1657,3522,26589,5216,26589,770,81
1657,3522,26590,5216,26590,770,81
1657,3522,26591,5216,26591,770,81
1657,3522,26592,5216,26592,770,81
1657,3522,26593,5216,26593,770,81
1657,3522,26594,5216,26594,770,81
1657,3522,26595,5216,26595,770,81
1656,3522,26596,5216,26596,770,81
1656,3522,26597,5216,26597,770,81
1656,3522,26598,5216,26598,770,81
1656,3522,26599,5216,26599,770,81
1656,3522,26600,5216,26600,770,81
1656,3522,26601,5216,26601,770,81
1656,3522,26602,5216,26602,770,81
1656,3522,26603,5216,26603,770,81
1656,3522,26604,5216,26604,770,81
1656,3522,26605,5216,26605,770,81
1656,3522,26606,5216,26606,770,81
1656,3522,26607,5216,26607,770,81
1656,3522,26608,5216,26608,770,81
1656,3522,26609,5216,26609,770,81
1656,3522,26610,5216,26610,770,81
1656,3522,26611,5216,26611,770,81
1656,3522,26612,5216,26612,770,81
1656,3522,26613,5216,26613,770,81
1656,3522,26614,5216,26614,770,81
1656,3522,26615,5216,26615,770,81
1656,3522,26616,5216,26616,770,81
1656,3522,26617,5216,26617,770,81
1656,3522,26618,5216,26618,770,81
1655,3522,26619,5216,26619,770,80
1655,3522,26620,5216,26620,770,80
1655,3522,26621,5216,26621,770,80
1655,3522,26622,5216,26622,770,80
1655,3522,26623,5216,26623,770,80
1656,3522,26624,5216,26624,770,80
1656,3522,26625,5216,26625,770,80
1656,3522,26626,5216,26626,770,80
1657,3522,26627,5216,26627,770,80
1658,3522,26628,5216,26628,770,80
1658,3522,26629,5216,26629,770,80
1658,3522,26630,5216,26630,770,80
1658,3522,26631,5216,26631,770,80
1658,3522,26632,5216,26632,770,80
1657,3522,26633,5216,26633,770,80
1657,3522,26634,5216,26634,770,80
1657,3522,26635,5216,26635,770,80
1657,3522,26636,5216,26636,770,80
1657,3522,26637,5216,26637,770,80
1657,3522,26638,5216,26638,770,80
1657,3522,26639,5216,26639,770,80
1657,3522,26640,5216,26640,770,80
1657,3522,26641,5216,26641,770,80
1657,3522,26642,5216,26642,770,80
1657,3522,26643,5216,26643,770,80
1657,3522,26644,5216,26644,770,80
1657,3522,26645,5216,26645,770,80
1657,3522,26646,5216,26646,770,80
1657,3522,26647,5216,26647,770,80
1657,3522,26648,5216,26648,770,80
1657,3522,26649,5216,26649,770,80
1657,3522,26650,5216,26650,770,80
1657,3522,26651,5216,26651,770,80
1657,3522,26652,5216,26652,770,80
1657,3522,26653,5216,26653,770,80
1657,3522,26654,5216,26654,770,80
1657,3522,26655,5216,26655,770,80
1657,3522,26656,5216,26656,770,80
1657,3522,26657,5216,26657,770,80
1657,3522,26658,5216,26658,770,80
1658,3522,26659,5216,26659,770,80
1658,3522,26660,5216,26660,770,80
1658,3522,26661,5216,26661,770,80
1658,3522,26662,5216,26662,770,80
1658,3522,26663,5216,26663,770,80
1658,3522,26664,5216,26664,770,80
1658,3522,26665,5216,26665,770,80
1658,3522,26666,5216,26666,770,80
1658,3522,26667,5216,26667,770,80
1658,3522,26668,5216,26668,770,80
1658,3522,26669,5216,26669,770,80
1658,3522,26670,5216,26670,770,80
1658,3522,26671,5216,26671,770,80
1658,3522,26672,5216,26672,770,80
1658,3522,26673,5216,26673,770,80
1658,3522,26674,5216,26674,770,80
1658,3522,26675,5216,26675,770,80
1658,3522,26676,5216,26676,770,80
1658,3522,26677,5216,26677,770,80
1658,3522,26678,5216,26678,770,80
1658,3522,26679,5216,26679,770,80
1658,3522,26680,5216,26680,770,80
1658,3522,26681,5216,26681,770,80
1658,3522,26682,5216,26682,770,80
1658,3522,26683,5216,26683,770,80
1658,3522,26684,5216,26684,770,80
1658,3522,26685,5216,26685,770,80
1658,3522,26686,5216,26686,770,80
1658,3522,26687,5216,26687,770,80
1658,3522,26688,5216,26688,770,80
1658,3522,26689,5216,26689,770,80
1658,3522,26690,5216,26690,770,80
1658,3522,26691,5216,26691,770,80
1658,3522,26692,5216,26692,770,80
1658,3522,26693,5216,26693,770,80
1658,3522,26694,5216,26694,770,80
1658,3522,26695,5216,26695,770,80
1657,3522,26696,5216,26696,770,80
1657,3522,26697,5216,26697,770,80
1657,3522,26698,5216,26698,770,80
1657,3522,26699,5216,26699,770,80
1657,3522,26700,5216,26700,770,80
1657,3522,26701,5216,26701,770,80
1657,3522,26702,5216,26702,770,80
1657,3522,26703,5216,26703,770,80
1657,3522,26704,5216,26704,770,80
1657,3522,26705,5216,26705,770,80
1657,3522,26706,5216,26706,770,80
1657,3522,26707,5216,26707,770,80
1657,3522,26708,5216,26708,770,80
1657,3522,26709,5216,26709,770,80
1656,3522,26710,5216,26710,770,80
1656,3522,26711,5216,26711,770,80
1656,3522,26712,5216,26712,770,80
1656,3522,26713,5216,26713,770,80
1656,3522,26714,5216,26714,770,80
1656,3522,26715,5216,26715,770,80
1656,3522,26716,5216,26716,770,80
1656,3522,26717,5216,26717,770,80
1656,3522,26718,5216,26718,770,80
1656,3522,26719,5216,26719,770,80
1656,3522,26720,5216,26720,770,80
1656,3522,26721,5216,26721,770,80
1656,3522,26722,5216,26722,770,80
1656,3522,26723,5216,26723,770,80
1656,3522,26724,5216,26724,770,80
1656,3522,26725,5216,26725,770,80
1657,3522,26726,5216,26726,770,80
1657,3522,26727,5216,26727,770,80
1657,3522,26728,5216,26728,770,80
1657,3522,26729,5216,26729,770,80
1657,3522,26730,5216,26730,770,80
1657,3522,26731,5216,26731,770,80
1657,3522,26732,5216,26732,770,80
1657,3522,26733,5216,26733,770,80
1657,3522,26734,5216,26734,770,80
1657,3522,26735,5216,26735,770,80
1657,3522,26736,5216,26736,770,80
1657,3522,26737,5216,26737,770,80
1657,3522,26738,5216,26738,770,80
1657,3522,26739,5216,26739,770,80
1657,3522,26740,5216,26740,770,80
1657,3522,26741,5216,26741,770,80
1657,3522,26742,5216,26742,770,80
1657,3522,26743,5216,26743,770,80
1657,3522,26744,5216,26744,770,80
1657,3522,26745,5216,26745,770,80
1657,3522,26746,5216,26746,770,80
1657,3522,26747,5216,26747,770,80
1657,3522,26748,5216,26748,770,80
1657,3522,26749,5216,26749,770,80
1657,3522,26750,5216,26750,770,80
1657,3522,26751,5216,26751,770,80
1657,3522,26752,5216,26752,770,80
1656,3522,26753,5216,26753,770,80
1656,3522,26754,5216,26754,770,80
1656,3522,26755,5216,26755,770,80
1656,3522,26756,5216,26756,770,80
1656,3522,26757,5216,26757,770,80
1656,3522,26758,5216,26758,770,80
1655,3522,26759,5216,26759,770,80
1655,3522,26760,5216,26760,770,80
1655,3522,26761,5216,26761,770,80
1655,3522,26762,5216,26762,770,80
1655,3522,26763,5216,26763,770,80
1655,3522,26764,5216,26764,770,80
1655,3522,26765,5216,26765,770,80
1655,3522,26766,5216,26766,770,80
1655,3522,26767,5216,26767,770,80
1655,3522,26768,5216,26768,770,80
1655,3522,26769,5216,26769,770,80
1655,3522,26770,5216,26770,770,80
1655,3522,26771,5216,26771,770,80
1655,3522,26772,5216,26772,770,80
1655,3522,26773,5216,26773,770,80
1655,3522,26774,5216,26774,770,80
1655,3522,26775,5216,26775,770,80
1655,3522,26776,5216,26776,770,80
1655,3522,26777,5216,26777,770,80
1655,3522,26778,5216,26778,770,80
1655,3522,26779,5216,26779,770,80
1655,3522,26780,5216,26780,770,80
1655,3522,26781,5216,26781,770,80
1655,3522,26782,5216,26782,770,80
1655,3522,26783,5216,26783,770,80
1655,3522,26784,5216,26784,770,80
1654,3522,26785,5216,26785,770,80
1654,3522,26786,5216,26786,770,80
1654,3522,26787,5216,26787,770,80
1654,3522,26788,5216,26788,770,80
1654,3522,26789,5216,26789,770,80
1654,3522,26790,5216,26790,770,80
1654,3522,26791,5216,26791,770,80
1654,3522,26792,5216,26792,770,80
1654,3522,26793,5216,26793,770,80
1654,3522,26794,5216,26794,770,80
1654,3522,26795,5216,26795,770,80
1654,3522,26796,5216,26796,770,80
1654,3522,26797,5216,26797,770,80
1654,3522,26798,5216,26798,770,80
1654,3522,26799,5216,26799,770,80
1654,3522,26800,5216,26800,770,80
1654,3522,26801,5216,26801,770,80
1654,3522,26802,5216,26802,770,80
1654,3522,26803,5216,26803,770,80
1654,3522,26804,5216,26804,770,80
1654,3522,26805,5216,26805,770,80
1654,3522,26806,5216,26806,770,80
1654,3522,26807,5216,26807,770,80
1654,3522,26808,5216,26808,770,80
1654,3522,26809,5216,26809,770,80
1654,3522,26810,5216,26810,770,80
1654,3522,26811,5216,26811,770,80
1654,3522,26812,5216,26812,770,80
1654,3522,26813,5216,26813,770,80
1654,3522,26814,5216,26814,770,80
1654,3522,26815,5216,26815,770,80
1654,3522,26816,5216,26816,770,80
1654,3522,26817,5216,26817,770,80
1654,3522,26818,5216,26818,770,80
1654,3522,26819,5216,26819,770,80
1653,3522,26820,5216,26820,770,80
1653,3522,26821,5216,26821,770,80
1653,3522,26822,5216,26822,770,80
1653,3522,26823,5216,26823,770,80
1653,3522,26824,5216,26824,770,80
1653,3522,26825,5216,26825,770,80
1653,3522,26826,5216,26826,770,80
1653,3522,26827,5216,26827,770,80
1653,3522,26828,5216,26828,770,80
1653,3522,26829,5216,26829,770,80
1653,3522,26830,5216,26830,770,80
1653,3522,26831,5216,26831,770,80
1653,3522,26832,5216,26832,770,80
1653,3522,26833,5216,26833,770,80
1653,3522,26834,5216,26834,770,80
1653,3522,26835,5216,26835,770,80
1653,3522,26836,5216,26836,770,80
1652,3522,26837,5216,26837,770,80
1652,3522,26838,5216,26838,770,80
1652,3522,26839,5216,26839,770,80
1651,3522,26840,5216,26840,770,80
1651,3522,26841,5216,26841,770,80
1651,3522,26842,5216,26842,770,80
1651,3522,26843,5216,26843,770,80
1651,3522,26844,5216,26844,770,80
1651,3522,26845,5216,26845,770,80
1651,3522,26846,5216,26846,770,80
1651,3522,26847,5216,26847,770,80
1651,3522,26848,5216,26848,770,80
1651,3522,26849,5216,26849,770,80
1651,3522,26850,5216,26850,770,80
1651,3522,26851,5216,26851,770,80
1651,3522,26852,5216,26852,770,80
1651,3522,26853,5216,26853,770,80
1651,3522,26854,5216,26854,770,80
1651,3522,26855,5216,26855,770,80
1651,3522,26856,5216,26856,770,80
1651,3522,26857,5216,26857,770,80
1651,3522,26858,5216,26858,770,80
1651,3522,26859,5216,26859,770,80
1651,3522,26860,5216,26860,770,80
1651,3522,26861,5216,26861,770,80
1651,3522,26862,5216,26862,770,80
1651,3522,26863,5216,26863,770,80
1651,3522,26864,5216,26864,770,80
1651,3522,26865,5216,26865,770,80
1651,3522,26866,5216,26866,770,80
1651,3522,26867,5216,26867,770,80
1651,3522,26868,5216,26868,770,80
1651,3522,26869,5216,26869,770,80
1651,3522,26870,5216,26870,770,80
1651,3522,26871,5216,26871,770,80
1651,3522,26872,5216,26872,770,80
1651,3522,26873,5216,26873,770,80
1651,3522,26874,5216,26874,770,80
1652,3522,26875,5216,26875,770,80
1652,3522,26876,5216,26876,770,80
1652,3522,26877,5216,26877,770,80
1652,3522,26878,5216,26878,770,80
1652,3522,26879,5216,26879,770,80
1652,3522,26880,5216,26880,770,80
1652,3522,26881,5216,26881,770,80
1652,3522,26882,5216,26882,770,80
1652,3522,26883,5216,26883,770,80
1652,3522,26884,5216,26884,770,80
1652,3522,26885,5216,26885,770,80
1652,3522,26886,5216,26886,770,80
1652,3522,26887,5216,26887,770,80
1652,3522,26888,5216,26888,770,80
1652,3522,26889,5216,26889,770,80
1652,3522,26890,5216,26890,770,80
1652,3522,26891,5216,26891,770,80
1652,3522,26892,5216,26892,770,80
1652,3522,26893,5216,26893,770,80
1652,3522,26894,5216,26894,770,80
1652,3522,26895,5216,26895,770,80
1653,3522,26896,5216,26896,770,80
1653,3522,26897,5216,26897,770,80
1653,3522,26898,5216,26898,770,80
1653,3522,26899,5216,26899,770,80
1653,3522,26900,5216,26900,770,80
1653,3522,26901,5216,26901,770,80
1653,3522,26902,5216,26902,770,80
1653,3522,26903,5216,26903,770,80
1653,3522,26904,5216,26904,770,80
1653,3522,26905,5216,26905,770,80
1653,3522,26906,5216,26906,770,80
1653,3522,26907,5216,26907,770,80
1653,3522,26908,5216,26908,770,80
1653,3522,26909,5216,26909,770,80
1653,3522,26910,5216,26910,770,80
1654,3522,26911,5216,26911,770,80
1654,3522,26912,5216,26912,770,80
1654,3522,26913,5216,26913,770,80
1654,3522,26914,5216,26914,770,80
1654,3522,26915,5216,26915,770,80
1654,3522,26916,5216,26916,770,80
1654,3522,26917,5216,26917,770,80
1654,3522,26918,5216,26918,770,80
1654,3522,26919,5216,26919,770,80
1654,3522,26920,5216,26920,770,80
1655,3522,26921,5216,26921,770,80
1655,3522,26922,5216,26922,770,80
1655,3522,26923,5216,26923,770,80
1655,3522,26924,5216,26924,770,80
1655,3522,26925,5216,26925,770,80
1655,3522,26926,5216,26926,770,80
1655,3522,26927,5216,26927,770,80
1655,3522,26928,5216,26928,770,80
1655,3522,26929,5216,26929,770,80
1655,3522,26930,5216,26930,770,80
1655,3522,26931,5216,26931,770,80
1655,3522,26932,5216,26932,770,80
1655,3522,26933,5216,26933,770,80
1655,3522,26934,5216,26934,770,80
1655,3522,26935,5216,26935,770,80
1655,3522,26936,5216,26936,770,80
1655,3522,26937,5216,26937,770,80
1655,3522,26938,5216,26938,770,80
1655,3522,26939,5216,26939,770,80
1655,3522,26940,5216,26940,770,80
1655,3522,26941,5216,26941,770,80
1655,3522,26942,5216,26942,770,80
1655,3522,26943,5216,26943,770,80
1655,3522,26944,5216,26944,770,80
1655,3522,26945,5216,26945,770,80
1655,3522,26946,5216,26946,770,80
1654,3522,26947,5216,26947,770,80
1654,3522,26948,5216,26948,770,80
1654,3522,26949,5216,26949,770,80
1655,3522,26950,5216,26950,770,80
1655,3522,26951,5216,26951,770,80
1655,3522,26952,5216,26952,770,80
1655,3522,26953,5216,26953,770,80
1655,3522,26954,5216,26954,770,80
1655,3522,26955,5216,26955,770,80
1655,3522,26956,5216,26956,770,80
1655,3522,26957,5216,26957,770,80
1655,3522,26958,5216,26958,770,80
1655,3522,26959,5216,26959,770,80
1655,3522,26960,5216,26960,770,80
1655,3522,26961,5216,26961,770,80
1655,3522,26962,5216,26962,770,80
1655,3522,26963,5216,26963,770,80
1655,3522,26964,5216,26964,770,80
1655,3522,26965,5216,26965,770,80
1655,3522,26966,5216,26966,770,80
1655,3522,26967,5216,26967,770,80
1655,3522,26968,5216,26968,770,80
1655,3522,26969,5216,26969,770,80
1655,3522,26970,5216,26970,770,80
1655,3522,26971,5216,26971,770,80
1655,3522,26972,5216,26972,770,80
1655,3522,26973,5216,26973,770,80
1655,3522,26974,5216,26974,770,80
1655,3522,26975,5216,26975,770,80
1655,3522,26976,5216,26976,770,80
1655,3522,26977,5216,26977,770,80
1655,3522,26978,5216,26978,770,80
1655,3522,26979,5216,26979,770,80
1655,3522,26980,5216,26980,770,80
1655,3522,26981,5216,26981,770,80
1655,3522,26982,5216,26982,770,80
1655,3522,26983,5216,26983,770,80
1655,3522,26984,5216,26984,770,80
1655,3522,26985,5216,26985,770,80
1655,3522,26986,5216,26986,770,80
1655,3522,26987,5216,26987,770,80
1655,3522,26988,5216,26988,770,80
1655,3522,26989,5216,26989,770,80
1655,3522,26990,5216,26990,770,80
1655,3522,26991,5216,26991,770,80
1655,3522,26992,5216,26992,770,80
1655,3522,26993,5216,26993,770,80
1655,3522,26994,5216,26994,770,80
1655,3522,26995,5216,26995,770,80
1655,3522,26996,5216,26996,770,80
1655,3522,26997,5216,26997,770,80
1656,3522,26998,5216,26998,770,80
1656,3522,26999,5216,26999,770,80
1656,3522,27000,5216,27000,770,80
1656,3522,27001,5216,27001,770,80
1656,3522,27002,5216,27002,770,80
1656,3522,27003,5216,27003,770,80
1656,3522,27004,5216,27004,770,80
1656,3522,27005,5216,27005,770,80
1656,3522,27006,5216,27006,770,80
1656,3522,27007,5216,27007,770,80
1656,3522,27008,5216,27008,770,80
1656,3522,27009,5216,27009,770,80
1656,3522,27010,5216,27010,770,80
1656,3522,27011,5216,27011,770,80
1657,3522,27012,5216,27012,770,80
1657,3522,27013,5216,27013,770,80
1657,3522,27014,5216,27014,770,80
1657,3522,27015,5216,27015,770,80
1658,3522,27016,5216,27016,770,80
1658,3522,27017,5216,27017,770,80
1658,3522,27018,5216,27018,770,80
1658,3522,27019,5216,27019,770,80
1658,3522,27020,5216,27020,770,80
1658,3522,27021,5216,27021,770,80
1658,3522,27022,5216,27022,770,80
1658,3522,27023,5216,27023,770,80
1658,3522,27024,5216,27024,770,80
1658,3522,27025,5216,27025,770,80
1658,3522,27026,5216,27026,770,80
1658,3522,27027,5216,27027,770,80
1658,3522,27028,5216,27028,770,80
1658,3522,27029,5216,27029,770,80
1658,3522,27030,5216,27030,770,80
1658,3522,27031,5216,27031,770,80
1658,3522,27032,5216,27032,770,80
1658,3522,27033,5216,27033,770,80
1658,3522,27034,5216,27034,770,80
1658,3522,27035,5216,27035,770,80
1658,3522,27036,5216,27036,770,80
1657,3522,27037,5216,27037,770,80
1657,3522,27038,5216,27038,770,80
1657,3522,27039,5216,27039,770,80
1657,3522,27040,5216,27040,770,80
1657,3522,27041,5216,27041,770,80
1657,3522,27042,5216,27042,770,80
1657,3522,27043,5216,27043,770,80
1657,3522,27044,5216,27044,770,80
1657,3522,27045,5216,27045,770,80
1657,3522,27046,5216,27046,770,80
1657,3522,27047,5216,27047,770,80
1657,3522,27048,5216,27048,770,80
1657,3522,27049,5216,27049,770,80
1657,3522,27050,5216,27050,770,80
1657,3522,27051,5216,27051,770,80
1657,3522,27052,5216,27052,770,80
1657,3522,27053,5216,27053,770,80
1657,3522,27054,5216,27054,770,80
1657,3522,27055,5216,27055,770,80
1657,3522,27056,5216,27056,770,80
1657,3522,27057,5216,27057,770,80
1657,3522,27058,5216,27058,770,80
1657,3522,27059,5216,27059,770,80
1657,3522,27060,5216,27060,770,80
1657,3522,27061,5216,27061,770,80
1657,3522,27062,5216,27062,770,80
1657,3522,27063,5216,27063,770,80
1657,3522,27064,5216,27064,770,80
1657,3522,27065,5216,27065,770,80
1657,3522,27066,5216,27066,770,80
1656,3522,27067,5216,27067,770,80
1656,3522,27068,5216,27068,770,80
1656,3522,27069,5216,27069,770,80
1656,3522,27070,5216,27070,770,80
1656,3522,27071,5216,27071,770,80
1656,3522,27072,5216,27072,770,80
1656,3522,27073,5216,27073,770,80
1656,3522,27074,5216,27074,770,80
1656,3522,27075,5216,27075,770,80
1656,3522,27076,5216,27076,770,80
1656,3522,27077,5216,27077,770,80
1656,3522,27078,5216,27078,770,80
1655,3522,27079,5216,27079,770,80
1655,3522,27080,5216,27080,770,80
1655,3522,27081,5216,27081,770,80
1655,3522,27082,5216,27082,770,80
1655,3522,27083,5216,27083,770,80
1655,3522,27084,5216,27084,770,80
1655,3522,27085,5216,27085,770,80
1655,3522,27086,5216,27086,770,80
1655,3522,27087,5216,27087,770,80
1655,3522,27088,5216,27088,770,80
1655,3522,27089,5216,27089,770,80
1655,3522,27090,5216,27090,770,80
1655,3522,27091,5216,27091,770,80
1655,3522,27092,5216,27092,770,80
1655,3522,27093,5216,27093,770,80
1655,3522,27094,5216,27094,770,80
1655,3522,27095,5216,27095,770,80
1655,3522,27096,5216,27096,770,80
1655,3522,27097,5216,27097,770,80
1655,3522,27098,5216,27098,770,80
1655,3522,27099,5216,27099,770,80
1655,3522,27100,5216,27100,770,80
1655,3522,27101,5216,27101,770,80
1655,3522,27102,5216,27102,770,80
1655,3522,27103,5216,27103,770,80
1655,3522,27104,5216,27104,770,80
1655,3522,27105,5216,27105,770,80
1655,3522,27106,5216,27106,770,80
1655,3522,27107,5216,27107,770,80
1655,3522,27108,5216,27108,770,80
1655,3522,27109,5216,27109,770,80
1656,3522,27110,5216,27110,770,80
1656,3522,27111,5216,27111,770,80
1656,3522,27112,5216,27112,770,80
1656,3522,27113,5216,27113,770,80
1656,3522,27114,5216,27114,770,80
1656,3522,27115,5216,27115,770,80
1656,3522,27116,5216,27116,770,80
1656,3522,27117,5216,27117,770,80
1656,3522,27118,5216,27118,770,80
1656,3522,27119,5216,27119,770,80
1656,3522,27120,5216,27120,770,80
1656,3522,27121,5216,27121,770,80
1656,3522,27122,5216,27122,770,80
1656,3522,27123,5216,27123,770,80
1656,3522,27124,5216,27124,770,80
1656,3522,27125,5216,27125,770,80
1656,3522,27126,5216,27126,770,80
1656,3522,27127,5216,27127,770,80
1656,3522,27128,5216,27128,770,80
1656,3522,27129,5216,27129,770,80
1656,3522,27130,5216,27130,770,80
1657,3522,27131,5216,27131,770,80
1657,3522,27132,5216,27132,770,80
1657,3522,27133,5216,27133,770,80
1657,3522,27134,5216,27134,770,80
1657,3522,27135,5216,27135,770,80
1657,3522,27136,5216,27136,770,80
1657,3522,27137,5216,27137,770,80
1657,3522,27138,5216,27138,770,80
1657,3522,27139,5216,27139,770,80
1657,3522,27140,5216,27140,770,80
1657,3522,27141,5216,27141,770,80
1657,3522,27142,5216,27142,770,80
1657,3522,27143,5216,27143,770,80
1657,3522,27144,5216,27144,770,80
1657,3522,27145,5216,27145,770,80
1657,3522,27146,5216,27146,770,80
1657,3522,27147,5216,27147,770,80
1657,3522,27148,5216,27148,770,80
1657,3522,27149,5216,27149,770,80
1657,3522,27150,5216,27150,770,80
1657,3522,27151,5216,27151,770,80
1657,3522,27152,5216,27152,770,80
1657,3522,27153,5216,27153,770,80
1657,3522,27154,5216,27154,770,80
1657,3522,27155,5216,27155,770,80
1657,3522,27156,5216,27156,770,80
1657,3522,27157,5216,27157,770,80
1657,3522,27158,5216,27158,770,80
1657,3522,27159,5216,27159,770,80
1657,3522,27160,5216,27160,770,80
1657,3522,27161,5216,27161,770,80
1657,3522,27162,5216,27162,770,80
1657,3522,27163,5216,27163,770,80
1657,3522,27164,5216,27164,770,80
1657,3522,27165,5216,27165,770,80
1657,3522,27166,5216,27166,770,80
1657,3522,27167,5216,27167,770,80
1657,3522,27168,5216,27168,770,80
1657,3522,27169,5216,27169,770,80
1657,3522,27170,5216,27170,770,80
1657,3522,27171,5216,27171,770,80
1657,3522,27172,5216,27172,770,80
1657,3522,27173,5216,27173,770,80
1657,3522,27174,5216,27174,770,80
1657,3522,27175,5216,27175,770,80
1657,3522,27176,5216,27176,770,80
1657,3522,27177,5216,27177,770,80
1657,3522,27178,5216,27178,770,80
1657,3522,27179,5216,27179,770,80
1657,3522,27180,5216,27180,770,80
1657,3522,27181,5216,27181,770,80
1657,3522,27182,5216,27182,770,80
1657,3522,27183,5216,27183,770,80
1657,3522,27184,5216,27184,770,80
1657,3522,27185,5216,27185,770,80
1657,3522,27186,5216,27186,770,80
1657,3522,27187,5216,27187,770,80
1657,3522,27188,5216,27188,770,80
1657,3522,27189,5216,27189,770,80
1657,3522,27190,5216,27190,770,80
1657,3522,27191,5216,27191,770,80
1657,3522,27192,5216,27192,770,80
1657,3522,27193,5216,27193,770,80
1657,3522,27194,5216,27194,770,80
1657,3522,27195,5216,27195,770,80
1657,3522,27196,5216,27196,770,80
1657,3522,27197,5216,27197,770,80
1658,3522,27198,5216,27198,770,80
1658,3522,27199,5216,27199,770,80
1658,3522,27200,5216,27200,770,80
1658,3522,27201,5216,27201,770,80
1658,3522,27202,5216,27202,770,80
1657,3522,27203,5216,27203,770,80
1657,3522,27204,5216,27204,770,80
1657,3522,27205,5216,27205,770,80
1658,3522,27206,5216,27206,770,80
1658,3522,27207,5216,27207,770,80
1658,3522,27208,5216,27208,770,80
1658,3522,27209,5216,27209,770,80
1658,3522,27210,5216,27210,770,80
1658,3522,27211,5216,27211,770,80
1658,3522,27212,5216,27212,770,80
1658,3522,27213,5216,27213,770,80
1658,3522,27214,5216,27214,770,80
1658,3522,27215,5216,27215,770,80
1658,3522,27216,5216,27216,770,80
1658,3522,27217,5216,27217,770,80
1658,3522,27218,5216,27218,770,80
1658,3522,27219,5216,27219,770,80
1657,3522,27220,5216,27220,770,80
1657,3522,27221,5216,27221,770,80
1657,3522,27222,5216,27222,770,80
1657,3522,27223,5216,27223,770,80
1657,3522,27224,5216,27224,770,80
1657,3522,27225,5216,27225,770,80
1657,3522,27226,5216,27226,770,80
1657,3522,27227,5216,27227,770,80
1657,3522,27228,5216,27228,770,80
1658,3522,27229,5216,27229,770,80
1658,3522,27230,5216,27230,770,80
1658,3522,27231,5216,27231,770,80
1658,3522,27232,5216,27232,770,80
1658,3522,27233,5216,27233,770,80
1658,3522,27234,5216,27234,770,80
1658,3522,27235,5216,27235,770,80
1658,3522,27236,5216,27236,770,80
1658,3522,27237,5216,27237,770,80
1658,3522,27238,5216,27238,770,80
1658,3522,27239,5216,27239,770,80
1657,3522,27240,5216,27240,770,80
1657,3522,27241,5216,27241,770,80
1657,3522,27242,5216,27242,770,80
1657,3522,27243,5216,27243,770,80
1657,3522,27244,5216,27244,770,80
1657,3522,27245,5216,27245,770,80
1657,3522,27246,5216,27246,770,80
1657,3522,27247,5216,27247,770,80
1657,3522,27248,5216,27248,770,80
1657,3522,27249,5216,27249,770,80
1657,3522,27250,5216,27250,770,80
1657,3522,27251,5216,27251,770,80
1657,3522,27252,5216,27252,770,80
1657,3522,27253,5216,27253,770,80
1657,3522,27254,5216,27254,770,80
1657,3522,27255,5216,27255,770,80
1657,3522,27256,5216,27256,770,80
1657,3522,27257,5216,27257,770,80
1657,3522,27258,5216,27258,770,80
1657,3522,27259,5216,27259,770,80
1657,3522,27260,5216,27260,770,80
1657,3522,27261,5216,27261,770,80
1657,3522,27262,5216,27262,770,80
1657,3522,27263,5216,27263,770,80
1657,3522,27264,5216,27264,770,80
1657,3522,27265,5216,27265,770,80
1657,3522,27266,5216,27266,770,80
1657,3522,27267,5216,27267,770,80
1657,3522,27268,5216,27268,770,80
1657,3522,27269,5216,27269,770,80
1657,3522,27270,5216,27270,770,80
1657,3522,27271,5216,27271,770,80
1657,3522,27272,5216,27272,770,80
1657,3522,27273,5216,27273,770,80
1657,3522,27274,5216,27274,770,80
1657,3522,27275,5216,27275,770,80
1657,3522,27276,5216,27276,770,80
1657,3522,27277,5216,27277,770,80
1657,3522,27278,5216,27278,770,80
1657,3522,27279,5216,27279,770,80
1657,3522,27280,5216,27280,770,80
1657,3522,27281,5216,27281,770,80
1657,3522,27282,5216,27282,770,80
1657,3522,27283,5216,27283,770,80
1657,3522,27284,5216,27284,770,80
1657,3522,27285,5216,27285,770,80
1657,3522,27286,5216,27286,770,80
1657,3522,27287,5216,27287,770,80
1657,3522,27288,5216,27288,770,80
1657,3522,27289,5216,27289,770,80
1657,3522,27290,5216,27290,770,80
1657,3522,27291,5216,27291,770,80
1657,3522,27292,5216,27292,770,80
1657,3522,27293,5216,27293,770,80
1657,3522,27294,5216,27294,770,80
1657,3522,27295,5216,27295,770,80
1657,3522,27296,5216,27296,770,80
1657,3522,27297,5216,27297,770,80
1657,3522,27298,5216,27298,770,80
1657,3522,27299,5216,27299,770,80
1657,3522,27300,5216,27300,770,80
1657,3522,27301,5216,27301,770,80
1657,3522,27302,5216,27302,770,80
1657,3522,27303,5216,27303,770,80
1657,3522,27304,5216,27304,770,80
1657,3522,27305,5216,27305,770,80
1657,3522,27306,5216,27306,770,80
1657,3522,27307,5216,27307,770,80
1657,3522,27308,5216,27308,770,80
1657,3522,27309,5216,27309,770,80
1657,3522,27310,5216,27310,770,80
1657,3522,27311,5216,27311,770,80
1657,3522,27312,5216,27312,770,80
1657,3522,27313,5216,27313,770,80
1657,3522,27314,5216,27314,770,80
1657,3522,27315,5216,27315,770,80
1657,3522,27316,5216,27316,770,80
1657,3522,27317,5216,27317,770,80
1657,3522,27318,5216,27318,770,80
1657,3522,27319,5216,27319,770,80
1657,3522,27320,5216,27320,770,80
1657,3522,27321,5216,27321,770,80
1657,3522,27322,5216,27322,770,80
1657,3522,27323,5216,27323,770,80
1657,3522,27324,5216,27324,770,80
1657,3522,27325,5216,27325,770,80
1657,3522,27326,5216,27326,770,80
1657,3522,27327,5216,27327,770,80
1657,3522,27328,5216,27328,770,80
1658,3522,27329,5216,27329,770,80
1659,3522,27330,5216,27330,770,80
1659,3522,27331,5216,27331,770,80
1659,3522,27332,5216,27332,770,80
1659,3522,27333,5216,27333,770,80
1659,3522,27334,5216,27334,770,80
1659,3522,27335,5216,27335,770,80
1659,3522,27336,5216,27336,770,80
1659,3522,27337,5216,27337,770,80
1659,3522,27338,5216,27338,770,80
1659,3522,27339,5216,27339,770,80
1659,3522,27340,5216,27340,770,80
1659,3522,27341,5216,27341,770,80
1659,3522,27342,5216,27342,770,80
1659,3522,27343,5216,27343,770,80
1659,3522,27344,5216,27344,770,80
1659,3522,27345,5216,27345,770,80
1659,3522,27346,5216,27346,770,80
1659,3522,27347,5216,27347,770,80
1659,3522,27348,5216,27348,770,80
1659,3522,27349,5216,27349,770,80
1659,3522,27350,5216,27350,770,80
1659,3522,27351,5216,27351,770,80
1659,3522,27352,5216,27352,770,80
1659,3522,27353,5216,27353,770,80
1659,3522,27354,5216,27354,770,80
1659,3522,27355,5216,27355,770,80
1659,3522,27356,5216,27356,770,80
1659,3522,27357,5216,27357,770,80
1659,3522,27358,5216,27358,770,80
1659,3522,27359,5216,27359,770,80
1659,3522,27360,5216,27360,770,80
1659,3522,27361,5216,27361,770,80
1659,3522,27362,5216,27362,770,80
1659,3522,27363,5216,27363,770,80
1659,3522,27364,5216,27364,770,80
1659,3522,27365,5216,27365,770,80
1659,3522,27366,5216,27366,770,80
1658,3522,27367,5216,27367,770,79
1658,3522,27368,5216,27368,770,79
1658,3522,27369,5216,27369,770,79
1658,3522,27370,5216,27370,770,79
1657,3522,27371,5216,27371,770,79
1657,3522,27372,5216,27372,770,79
1657,3522,27373,5216,27373,770,79
1657,3522,27374,5216,27374,770,79
1657,3522,27375,5216,27375,770,79
1657,3522,27376,5216,27376,770,79
1657,3522,27377,5216,27377,770,79
1657,3522,27378,5216,27378,770,79
1658,3522,27379,5216,27379,770,79
1658,3522,27380,5216,27380,770,79
1658,3522,27381,5216,27381,770,79
1658,3522,27382,5216,27382,770,79
1658,3522,27383,5216,27383,770,79
1658,3522,27384,5216,27384,770,79
1658,3522,27385,5216,27385,770,79
1658,3522,27386,5216,27386,770,79
1658,3522,27387,5216,27387,770,79
1658,3522,27388,5216,27388,770,79
1658,3522,27389,5216,27389,770,79
1658,3522,27390,5216,27390,770,79
1658,3522,27391,5216,27391,770,79
1658,3522,27392,5216,27392,770,79
1658,3522,27393,5216,27393,770,79
1658,3522,27394,5216,27394,770,79
1658,3522,27395,5216,27395,770,79
1658,3522,27396,5216,27396,770,79
1658,3522,27397,5216,27397,770,79
1658,3522,27398,5216,27398,770,79
1658,3522,27399,5216,27399,770,79
1658,3522,27400,5216,27400,770,79
1658,3522,27401,5216,27401,770,79
1659,3522,27402,5216,27402,770,79
1659,3522,27403,5216,27403,770,79
1659,3522,27404,5216,27404,770,79
1659,3522,27405,5216,27405,770,79
1659,3522,27406,5216,27406,770,79
1659,3522,27407,5216,27407,770,79
1659,3522,27408,5216,27408,770,79
1659,3522,27409,5216,27409,770,79
1659,3522,27410,5216,27410,770,79
1659,3522,27411,5216,27411,770,79
1659,3522,27412,5216,27412,770,79
1659,3522,27413,5216,27413,770,79
1658,3522,27414,5216,27414,770,79
1658,3522,27415,5216,27415,770,79
1659,3522,27416,5216,27416,770,79
1659,3522,27417,5216,27417,770,79
1659,3522,27418,5216,27418,770,79
1659,3522,27419,5216,27419,770,79
1659,3522,27420,5216,27420,770,79
1659,3522,27421,5216,27421,770,79
1659,3522,27422,5216,27422,770,79
1659,3522,27423,5216,27423,770,79
1659,3522,27424,5216,27424,770,79
1659,3522,27425,5216,27425,770,79
1659,3522,27426,5216,27426,770,79
1659,3522,27427,5216,27427,770,79
1659,3522,27428,5216,27428,770,79
1659,3522,27429,5216,27429,770,79
1659,3522,27430,5216,27430,770,79
1659,3522,27431,5216,27431,770,79
1659,3522,27432,5216,27432,770,79
1659,3522,27433,5216,27433,770,79
1659,3522,27434,5216,27434,770,79
1659,3522,27435,5216,27435,770,79
1659,3522,27436,5216,27436,770,79
1658,3522,27437,5216,27437,770,79
1658,3522,27438,5216,27438,770,79
1658,3522,27439,5216,27439,770,79
1658,3522,27440,5216,27440,770,79
1658,3522,27441,5216,27441,770,79
1658,3522,27442,5216,27442,770,79
1658,3522,27443,5216,27443,770,79
1658,3522,27444,5216,27444,770,79
1658,3522,27445,5216,27445,770,79
1658,3522,27446,5216,27446,770,79
1658,3522,27447,5216,27447,770,79
1658,3522,27448,5216,27448,770,79
1658,3522,27449,5216,27449,770,79
1658,3522,27450,5216,27450,770,79
1658,3522,27451,5216,27451,770,79
1658,3522,27452,5216,27452,770,79
1658,3522,27453,5216,27453,770,79
1658,3522,27454,5216,27454,770,79
1658,3522,27455,5216,27455,770,79
1658,3522,27456,5216,27456,770,79
1658,3522,27457,5216,27457,770,79
1658,3522,27458,5216,27458,770,79
1658,3522,27459,5216,27459,770,79
1657,3522,27460,5216,27460,770,79
1657,3522,27461,5216,27461,770,79
1657,3522,27462,5216,27462,770,79
1657,3522,27463,5216,27463,770,79
1657,3522,27464,5216,27464,770,79
1657,3522,27465,5216,27465,770,79
1657,3522,27466,5216,27466,770,79
1657,3522,27467,5216,27467,770,79
1657,3522,27468,5216,27468,770,79
1657,3522,27469,5216,27469,770,79
1657,3522,27470,5216,27470,770,79
1657,3522,27471,5216,27471,770,79
1657,3522,27472,5216,27472,770,79
1657,3522,27473,5216,27473,770,79
1657,3522,27474,5216,27474,770,79
1657,3522,27475,5216,27475,770,79
1657,3522,27476,5216,27476,770,79
1657,3522,27477,5216,27477,770,79
1657,3522,27478,5216,27478,770,79
1657,3522,27479,5216,27479,770,79
1657,3522,27480,5216,27480,770,79
1657,3522,27481,5216,27481,770,79
1657,3522,27482,5216,27482,770,79
1657,3522,27483,5216,27483,770,79
1657,3522,27484,5216,27484,770,79
1657,3522,27485,5216,27485,770,79
1658,3522,27486,5216,27486,770,79
1658,3522,27487,5216,27487,770,79
1658,3522,27488,5216,27488,770,79
1658,3522,27489,5216,27489,770,79
1658,3522,27490,5216,27490,770,79
1658,3522,27491,5216,27491,770,79
1658,3522,27492,5216,27492,770,79
1658,3522,27493,5216,27493,770,79
1658,3522,27494,5216,27494,770,79
1658,3522,27495,5216,27495,770,79
1658,3522,27496,5216,27496,770,79
1658,3522,27497,5216,27497,770,79
1658,3522,27498,5216,27498,770,79
1658,3522,27499,5216,27499,770,79
1658,3522,27500,5216,27500,770,79
1658,3522,27501,5216,27501,770,79
1658,3522,27502,5216,27502,770,79
1659,3522,27503,5216,27503,770,79
1659,3522,27504,5216,27504,770,79
1659,3522,27505,5216,27505,770,79
1659,3522,27506,5216,27506,770,79
1660,3522,27507,5216,27507,770,79
1660,3522,27508,5216,27508,770,79
1660,3522,27509,5216,27509,770,79
1660,3522,27510,5216,27510,770,79
1661,3522,27511,5216,27511,770,79
1661,3522,27512,5216,27512,770,79
1661,3522,27513,5216,27513,770,79
1661,3522,27514,5216,27514,770,79
1661,3522,27515,5216,27515,770,79
1661,3522,27516,5216,27516,770,79
1661,3522,27517,5216,27517,770,79
1661,3522,27518,5216,27518,770,79
1661,3522,27519,5216,27519,770,79
1662,3522,27520,5216,27520,770,79
1662,3522,27521,5216,27521,770,79
1662,3522,27522,5216,27522,770,79
1662,3522,27523,5216,27523,770,79
1662,3522,27524,5216,27524,770,79
1662,3522,27525,5216,27525,770,79
1662,3522,27526,5216,27526,770,79
1662,3522,27527,5216,27527,770,79
1662,3522,27528,5216,27528,770,79
1662,3522,27529,5216,27529,770,79
1662,3522,27530,5216,27530,770,79
1663,3522,27531,5216,27531,770,79
1663,3522,27532,5216,27532,770,79
1663,3522,27533,5216,27533,770,79
1663,3522,27534,5216,27534,770,79
1663,3522,27535,5216,27535,770,79
1663,3522,27536,5216,27536,770,79
1663,3522,27537,5216,27537,770,79
1663,3522,27538,5216,27538,770,79
1663,3522,27539,5216,27539,770,79
1663,3522,27540,5216,27540,770,79
1663,3522,27541,5216,27541,770,79
1663,3522,27542,5216,27542,770,79
1663,3522,27543,5216,27543,770,79
1663,3522,27544,5216,27544,770,79
1663,3522,27545,5216,27545,770,79
1663,3522,27546,5216,27546,770,79
1663,3522,27547,5216,27547,770,79
1663,3522,27548,5216,27548,770,79
1663,3522,27549,5216,27549,770,79
1663,3522,27550,5216,27550,770,79
1663,3522,27551,5216,27551,770,79
1663,3522,27552,5216,27552,770,79
1663,3522,27553,5216,27553,770,79
1663,3522,27554,5216,27554,770,79
1663,3522,27555,5216,27555,770,79
1663,3522,27556,5216,27556,770,79
1664,3522,27557,5216,27557,770,79
1664,3522,27558,5216,27558,770,79
1664,3522,27559,5216,27559,770,79
1664,3522,27560,5216,27560,770,79
1664,3522,27561,5216,27561,770,79
1663,3522,27562,5216,27562,770,79
1663,3522,27563,5216,27563,770,79
1663,3522,27564,5216,27564,770,79
1663,3522,27565,5216,27565,770,79
1663,3522,27566,5216,27566,770,79
1663,3522,27567,5216,27567,770,79
1663,3522,27568,5216,27568,770,79
1663,3522,27569,5216,27569,770,79
1663,3522,27570,5216,27570,770,79
1663,3522,27571,5216,27571,770,79
1663,3522,27572,5216,27572,770,79
1663,3522,27573,5216,27573,770,79
1663,3522,27574,5216,27574,770,79
1663,3522,27575,5216,27575,770,79
1663,3522,27576,5216,27576,770,79
1662,3522,27577,5216,27577,770,79
1662,3522,27578,5216,27578,770,79
1662,3522,27579,5216,27579,770,79
1662,3522,27580,5216,27580,770,79
1662,3522,27581,5216,27581,770,79
1662,3522,27582,5216,27582,770,79
1662,3522,27583,5216,27583,770,79
1662,3522,27584,5216,27584,770,79
1662,3522,27585,5216,27585,770,79
1662,3522,27586,5216,27586,770,79
1662,3522,27587,5216,27587,770,79
1661,3522,27588,5216,27588,770,79
1661,3522,27589,5216,27589,770,79
1661,3522,27590,5216,27590,770,79
1661,3522,27591,5216,27591,770,79
1661,3522,27592,5216,27592,770,79
1661,3522,27593,5216,27593,770,79
1661,3522,27594,5216,27594,770,79
1660,3522,27595,5216,27595,770,79
1659,3522,27596,5216,27596,770,79
1659,3522,27597,5216,27597,770,79
1659,3522,27598,5216,27598,770,79
1659,3522,27599,5216,27599,770,79
1659,3522,27600,5216,27600,770,79
1659,3522,27601,5216,27601,770,79
1659,3522,27602,5216,27602,770,79
1659,3522,27603,5216,27603,770,79
1659,3522,27604,5216,27604,770,79
1659,3522,27605,5216,27605,770,79
1659,3522,27606,5216,27606,770,79
1659,3522,27607,5216,27607,770,79
1659,3522,27608,5216,27608,770,79
1659,3522,27609,5216,27609,770,79
1659,3522,27610,5216,27610,770,79
1659,3522,27611,5216,27611,770,79
1659,3522,27612,5216,27612,770,79
1659,3522,27613,5216,27613,770,79
1659,3522,27614,5216,27614,770,79
1659,3522,27615,5216,27615,770,79
1659,3522,27616,5216,27616,770,79
1659,3522,27617,5216,27617,770,79
1659,3522,27618,5216,27618,770,79
1659,3522,27619,5216,27619,770,79
1659,3522,27620,5216,27620,770,79
1659,3522,27621,5216,27621,770,79
1659,3522,27622,5216,27622,770,79
1659,3522,27623,5216,27623,770,79
1659,3522,27624,5216,27624,770,79
1659,3522,27625,5216,27625,770,79
1659,3522,27626,5216,27626,770,79
1659,3522,27627,5216,27627,770,79
1659,3522,27628,5216,27628,770,79
1659,3522,27629,5216,27629,770,79
1660,3522,27630,5216,27630,770,79
1660,3522,27631,5216,27631,770,79
1660,3522,27632,5216,27632,770,79
1660,3522,27633,5216,27633,770,79
1660,3522,27634,5216,27634,770,79
1660,3522,27635,5216,27635,770,79
1659,3522,27636,5216,27636,770,78
1659,3522,27637,5216,27637,770,78
1659,3522,27638,5216,27638,770,78
1659,3522,27639,5216,27639,770,78
1659,3522,27640,5216,27640,770,78
1659,3522,27641,5216,27641,770,78
1659,3522,27642,5216,27642,770,78
1660,3522,27643,5216,27643,770,78
1660,3522,27644,5216,27644,770,78
1660,3522,27645,5216,27645,770,78
1660,3522,27646,5216,27646,770,78
1660,3522,27647,5216,27647,770,78
1660,3522,27648,5216,27648,770,78
1660,3522,27649,5216,27649,770,78
1660,3522,27650,5216,27650,770,78
1660,3522,27651,5216,27651,770,78
1660,3522,27652,5216,27652,770,78
1660,3522,27653,5216,27653,770,78
1660,3522,27654,5216,27654,770,78
1660,3522,27655,5216,27655,770,78
1660,3522,27656,5216,27656,770,78
1660,3522,27657,5216,27657,770,78
1660,3522,27658,5216,27658,770,78
1661,3522,27659,5216,27659,770,78
1661,3522,27660,5216,27660,770,78
1661,3522,27661,5216,27661,770,78
1661,3522,27662,5216,27662,770,78
1661,3522,27663,5216,27663,770,78
1661,3522,27664,5216,27664,770,78
1661,3522,27665,5216,27665,770,78
1661,3522,27666,5216,27666,770,78
1661,3522,27667,5216,27667,770,78
1661,3522,27668,5216,27668,770,78
1660,3522,27669,5216,27669,770,78
1660,3522,27670,5216,27670,770,78
1660,3522,27671,5216,27671,770,78
1660,3522,27672,5216,27672,770,78
1660,3522,27673,5216,27673,770,78
1660,3522,27674,5216,27674,770,78
1660,3522,27675,5216,27675,770,78
1660,3522,27676,5216,27676,770,78
1660,3522,27677,5216,27677,770,78
1660,3522,27678,5216,27678,770,78
1661,3522,27679,5216,27679,770,78
1661,3522,27680,5216,27680,770,78
1661,3522,27681,5216,27681,770,78
1662,3522,27682,5216,27682,770,78
1662,3522,27683,5216,27683,770,78
1662,3522,27684,5216,27684,770,78
1662,3522,27685,5216,27685,770,78
1662,3522,27686,5216,27686,770,78
1662,3522,27687,5216,27687,770,78
1662,3522,27688,5216,27688,770,78
1662,3522,27689,5216,27689,770,78
1661,3522,27690,5216,27690,770,78
1661,3522,27691,5216,27691,770,78
1661,3522,27692,5216,27692,770,78
1661,3522,27693,5216,27693,770,78
1661,3522,27694,5216,27694,770,78
1661,3522,27695,5216,27695,770,78
1661,3522,27696,5216,27696,770,78
1661,3522,27697,5216,27697,770,78
1662,3522,27698,5216,27698,770,78
1662,3522,27699,5216,27699,770,78
1663,3522,27700,5216,27700,770,78
1663,3522,27701,5216,27701,770,78
1663,3522,27702,5216,27702,770,78
1663,3522,27703,5216,27703,770,78
1663,3522,27704,5216,27704,770,78
1663,3522,27705,5216,27705,770,78
1663,3522,27706,5216,27706,770,78
1663,3522,27707,5216,27707,770,78
1663,3522,27708,5216,27708,770,78
1663,3522,27709,5216,27709,770,78
1663,3522,27710,5216,27710,770,78
1663,3522,27711,5216,27711,770,78
1663,3522,27712,5216,27712,770,78
1663,3522,27713,5216,27713,770,78
1663,3522,27714,5216,27714,770,78
1663,3522,27715,5216,27715,770,78
1663,3522,27716,5216,27716,770,78
1663,3522,27717,5216,27717,770,78
1663,3522,27718,5216,27718,770,78
1663,3522,27719,5216,27719,770,78
1663,3522,27720,5216,27720,770,78
1664,3522,27721,5216,27721,770,78
1662,3522,27722,5216,27722,770,78
1662,3522,27723,5216,27723,770,78
1662,3522,27724,5216,27724,770,78
1662,3522,27725,5216,27725,770,78
1662,3522,27726,5216,27726,770,78
1662,3522,27727,5216,27727,770,78
1662,3522,27728,5216,27728,770,78
1662,3522,27729,5216,27729,770,78
1662,3522,27730,5216,27730,770,78
1662,3522,27731,5216,27731,770,78
1662,3522,27732,5216,27732,770,78
1662,3522,27733,5216,27733,770,78
1662,3522,27734,5216,27734,770,78
1662,3522,27735,5216,27735,770,78
1662,3522,27736,5216,27736,770,78
1662,3522,27737,5216,27737,770,78
1662,3522,27738,5216,27738,770,78
1662,3522,27739,5216,27739,770,78
1662,3522,27740,5216,27740,770,78
1662,3522,27741,5216,27741,770,78
1662,3522,27742,5216,27742,770,78
1662,3522,27743,5216,27743,770,78
1662,3522,27744,5216,27744,770,78
1662,3522,27745,5216,27745,770,78
1662,3522,27746,5216,27746,770,78
1662,3522,27747,5216,27747,770,78
1662,3522,27748,5216,27748,770,78
1662,3522,27749,5216,27749,770,78
1662,3522,27750,5216,27750,770,78
1662,3522,27751,5216,27751,770,78
1662,3522,27752,5216,27752,770,78
1662,3522,27753,5216,27753,770,78
1662,3522,27754,5216,27754,770,78
1662,3522,27755,5216,27755,770,78
1662,3522,27756,5216,27756,770,78
1662,3522,27757,5216,27757,770,78
1662,3522,27758,5216,27758,770,78
1662,3522,27759,5216,27759,770,78
1662,3522,27760,5216,27760,770,78
1662,3522,27761,5216,27761,770,78
1662,3522,27762,5216,27762,770,78
1662,3522,27763,5216,27763,770,78
1662,3522,27764,5216,27764,770,78
1662,3522,27765,5216,27765,770,78
1662,3522,27766,5216,27766,770,78
1662,3522,27767,5216,27767,770,78
1662,3522,27768,5216,27768,770,78
1662,3522,27769,5216,27769,770,78
1662,3522,27770,5216,27770,770,78
1662,3522,27771,5216,27771,770,78
1662,3522,27772,5216,27772,770,78
1662,3522,27773,5216,27773,770,78
1662,3522,27774,5216,27774,770,78
1662,3522,27775,5216,27775,770,78
1662,3522,27776,5216,27776,770,78
1662,3522,27777,5216,27777,770,78
1662,3522,27778,5216,27778,770,78
1662,3522,27779,5216,27779,770,78
1662,3522,27780,5216,27780,770,78
1662,3522,27781,5216,27781,770,78
1662,3522,27782,5216,27782,770,78
1662,3522,27783,5216,27783,770,78
1662,3522,27784,5216,27784,770,78
1662,3522,27785,5216,27785,770,78
1662,3522,27786,5216,27786,770,78
1662,3522,27787,5216,27787,770,78
1663,3522,27788,5216,27788,770,78
1663,3522,27789,5216,27789,770,78
1663,3522,27790,5216,27790,770,78
1663,3522,27791,5216,27791,770,78
1663,3522,27792,5216,27792,770,78
1663,3522,27793,5216,27793,770,78
1663,3522,27794,5216,27794,770,78
1663,3522,27795,5216,27795,770,78
1663,3522,27796,5216,27796,770,78
1663,3522,27797,5216,27797,770,78
1662,3522,27798,5216,27798,770,78
1662,3522,27799,5216,27799,770,78
1662,3522,27800,5216,27800,770,78
1662,3522,27801,5216,27801,770,78
1663,3522,27802,5216,27802,770,78
1663,3522,27803,5216,27803,770,78
1660,3522,27804,5216,27804,770,78
1660,3522,27805,5216,27805,770,78
1660,3522,27806,5216,27806,770,78
1660,3522,27807,5216,27807,770,78
1660,3522,27808,5216,27808,770,78
1660,3522,27809,5216,27809,770,78
1660,3522,27810,5216,27810,770,78
1660,3522,27811,5216,27811,770,78
1660,3522,27812,5216,27812,770,78
1660,3522,27813,5216,27813,770,78
1660,3522,27814,5216,27814,770,78
1660,3522,27815,5216,27815,770,78
1660,3522,27816,5216,27816,770,78
1660,3522,27817,5216,27817,770,78
1660,3522,27818,5216,27818,770,78
1660,3522,27819,5216,27819,770,78
1660,3522,27820,5216,27820,770,78
1660,3522,27821,5216,27821,770,78
1660,3522,27822,5216,27822,770,78
1660,3522,27823,5216,27823,770,78
1660,3522,27824,5216,27824,770,78
1660,3522,27825,5216,27825,770,78
1660,3522,27826,5216,27826,770,78
1660,3522,27827,5216,27827,770,78
1660,3522,27828,5216,27828,770,78
1660,3522,27829,5216,27829,770,78
1660,3522,27830,5216,27830,770,78
1660,3522,27831,5216,27831,770,78
1660,3522,27832,5216,27832,770,78
1660,3522,27833,5216,27833,770,78
1659,3522,27834,5216,27834,770,78
1658,3522,27835,5216,27835,770,78
1658,3522,27836,5216,27836,770,78
1658,3522,27837,5216,27837,770,78
1658,3522,27838,5216,27838,770,78
1658,3522,27839,5216,27839,770,78
1658,3522,27840,5216,27840,770,78
1658,3522,27841,5216,27841,770,78
1658,3522,27842,5216,27842,770,78
1658,3522,27843,5216,27843,770,78
1658,3522,27844,5216,27844,770,78
1658,3522,27845,5216,27845,770,78
1658,3522,27846,5216,27846,770,78
1658,3522,27847,5216,27847,770,78
1658,3522,27848,5216,27848,770,78
1658,3522,27849,5216,27849,770,78
1658,3522,27850,5216,27850,770,78
1658,3522,27851,5216,27851,770,78
1658,3522,27852,5216,27852,770,78
1658,3522,27853,5216,27853,770,78
1658,3522,27854,5216,27854,770,78
1658,3522,27855,5216,27855,770,78
1658,3522,27856,5216,27856,770,78
1658,3522,27857,5216,27857,770,78
1658,3522,27858,5216,27858,770,78
1658,3522,27859,5216,27859,770,78
1658,3522,27860,5216,27860,770,78
1658,3522,27861,5216,27861,770,78
1658,3522,27862,5216,27862,770,78
1658,3522,27863,5216,27863,770,78
1658,3522,27864,5216,27864,770,78
1658,3522,27865,5216,27865,770,78
1658,3522,27866,5216,27866,770,78
1658,3522,27867,5216,27867,770,78
1658,3522,27868,5216,27868,770,78
1658,3522,27869,5216,27869,770,78
1659,3522,27870,5216,27870,770,78
1658,3522,27871,5216,27871,770,78
1658,3522,27872,5216,27872,770,78
1658,3522,27873,5216,27873,770,78
1658,3522,27874,5216,27874,770,78
1658,3522,27875,5216,27875,770,78
1658,3522,27876,5216,27876,770,78
1658,3522,27877,5216,27877,770,78
1658,3522,27878,5216,27878,770,78
1658,3522,27879,5216,27879,770,78
1658,3522,27880,5216,27880,770,78
1658,3522,27881,5216,27881,770,78
1658,3522,27882,5216,27882,770,78
1658,3522,27883,5216,27883,770,78
1658,3522,27884,5216,27884,770,78
1658,3522,27885,5216,27885,770,78
1658,3522,27886,5216,27886,770,78
1658,3522,27887,5216,27887,770,78
1658,3522,27888,5216,27888,770,78
1658,3522,27889,5216,27889,770,78
1658,3522,27890,5216,27890,770,78
1658,3522,27891,5216,27891,770,78
1658,3522,27892,5216,27892,770,78
1658,3522,27893,5216,27893,770,78
1658,3522,27894,5216,27894,770,78
1658,3522,27895,5216,27895,770,78
1658,3522,27896,5216,27896,770,78
1658,3522,27897,5216,27897,770,78
1658,3522,27898,5216,27898,770,78
1658,3522,27899,5216,27899,770,78
1658,3522,27900,5216,27900,770,78
1658,3522,27901,5216,27901,770,78
1658,3522,27902,5216,27902,770,78
1658,3522,27903,5216,27903,770,78
1658,3522,27904,5216,27904,770,78
1658,3522,27905,5216,27905,770,78
1658,3522,27906,5216,27906,770,78
1658,3522,27907,5216,27907,770,78
1658,3522,27908,5216,27908,770,78
1658,3522,27909,5216,27909,770,78
1658,3522,27910,5216,27910,770,78
1658,3522,27911,5216,27911,770,78
1658,3522,27912,5216,27912,770,78
1657,3522,27913,5216,27913,770,78
1657,3522,27914,5216,27914,770,78
1657,3522,27915,5216,27915,770,78
1657,3522,27916,5216,27916,770,78
1657,3522,27917,5216,27917,770,78
1657,3522,27918,5216,27918,770,78
1657,3522,27919,5216,27919,770,78
1657,3522,27920,5216,27920,770,78
1657,3522,27921,5216,27921,770,78
1657,3522,27922,5216,27922,770,78
1657,3522,27923,5216,27923,770,78
1657,3522,27924,5216,27924,770,78
1657,3522,27925,5216,27925,770,78
1657,3522,27926,5216,27926,770,78
1657,3522,27927,5216,27927,770,78
1657,3522,27928,5216,27928,770,78
1657,3522,27929,5216,27929,770,78
1657,3522,27930,5216,27930,770,78
1658,3522,27931,5216,27931,770,78
1658,3522,27932,5216,27932,770,78
1658,3522,27933,5216,27933,770,78
1658,3522,27934,5216,27934,770,78
1658,3522,27935,5216,27935,770,78
1658,3522,27936,5216,27936,770,78
1658,3522,27937,5216,27937,770,78
1658,3522,27938,5216,27938,770,78
1658,3522,27939,5216,27939,770,78
1658,3522,27940,5216,27940,770,78
1658,3522,27941,5216,27941,770,78
1658,3522,27942,5216,27942,770,78
1658,3522,27943,5216,27943,770,78
1658,3522,27944,5216,27944,770,78
1658,3522,27945,5216,27945,770,78
1658,3522,27946,5216,27946,770,78
1658,3522,27947,5216,27947,770,78
1658,3522,27948,5216,27948,770,78
1658,3522,27949,5216,27949,770,78
1658,3522,27950,5216,27950,770,78
1658,3522,27951,5216,27951,770,78
1658,3522,27952,5216,27952,770,78
1658,3522,27953,5216,27953,770,78
1658,3522,27954,5216,27954,770,78
1658,3522,27955,5216,27955,770,78
1658,3522,27956,5216,27956,770,78
1658,3522,27957,5216,27957,770,78
1658,3522,27958,5216,27958,770,78
1658,3522,27959,5216,27959,770,78
1658,3522,27960,5216,27960,770,78
1658,3522,27961,5216,27961,770,78
1658,3522,27962,5216,27962,770,78
1658,3522,27963,5216,27963,770,78
1658,3522,27964,5216,27964,770,78
1658,3522,27965,5216,27965,770,78
1658,3522,27966,5216,27966,770,78
1658,3522,27967,5216,27967,770,78
1658,3522,27968,5216,27968,770,78
1658,3522,27969,5216,27969,770,78
1658,3522,27970,5216,27970,770,78
1658,3522,27971,5216,27971,770,78
1658,3522,27972,5216,27972,770,78
1658,3522,27973,5216,27973,770,78
1658,3522,27974,5216,27974,770,78
1658,3522,27975,5216,27975,770,78
1658,3522,27976,5216,27976,770,78
1658,3522,27977,5216,27977,770,78
1658,3522,27978,5216,27978,770,78
1658,3522,27979,5216,27979,770,78
1658,3522,27980,5216,27980,770,78
1658,3522,27981,5216,27981,770,78
1657,3522,27982,5216,27982,770,78
1657,3522,27983,5216,27983,770,78
1657,3522,27984,5216,27984,770,78
1657,3522,27985,5216,27985,770,78
1657,3522,27986,5216,27986,770,78
1657,3522,27987,5216,27987,770,78
1657,3522,27988,5216,27988,770,78
1657,3522,27989,5216,27989,770,78
1657,3522,27990,5216,27990,770,78
1657,3522,27991,5216,27991,770,78
1657,3522,27992,5216,27992,770,78
1656,3522,27993,5216,27993,770,78
1656,3522,27994,5216,27994,770,78
1656,3522,27995,5216,27995,770,78
1656,3522,27996,5216,27996,770,78
1656,3522,27997,5216,27997,770,78
1656,3522,27998,5216,27998,770,78
1656,3522,27999,5216,27999,770,78
1656,3522,28000,5216,28000,770,78
1656,3522,28001,5216,28001,770,78
1656,3522,28002,5216,28002,770,78
1656,3522,28003,5216,28003,770,78
1656,3522,28004,5216,28004,770,78
1656,3522,28005,5216,28005,770,78
1656,3522,28006,5216,28006,770,78
1656,3522,28007,5216,28007,770,78
1656,3522,28008,5216,28008,770,78
1656,3522,28009,5216,28009,770,78
1656,3522,28010,5216,28010,770,78
1656,3522,28011,5216,28011,770,78
1656,3522,28012,5216,28012,770,78
1656,3522,28013,5216,28013,770,78
1656,3522,28014,5216,28014,770,78
1656,3522,28015,5216,28015,770,78
1656,3522,28016,5216,28016,770,78
1656,3522,28017,5216,28017,770,78
1656,3522,28018,5216,28018,770,78
1656,3522,28019,5216,28019,770,78
1656,3522,28020,5216,28020,770,78
1656,3522,28021,5216,28021,770,78
1656,3522,28022,5216,28022,770,78
1656,3522,28023,5216,28023,770,78
1656,3522,28024,5216,28024,770,78
1656,3522,28025,5216,28025,770,78
1656,3522,28026,5216,28026,770,78
1656,3522,28027,5216,28027,770,78
1656,3522,28028,5216,28028,770,78
1656,3522,28029,5216,28029,770,78
1656,3522,28030,5216,28030,770,78
1656,3522,28031,5216,28031,770,78
1656,3522,28032,5216,28032,770,78
1656,3522,28033,5216,28033,770,78
1656,3522,28034,5216,28034,770,78
1655,3522,28035,5216,28035,770,78
1655,3522,28036,5216,28036,770,78
1655,3522,28037,5216,28037,770,78
1655,3522,28038,5216,28038,770,78
1656,3522,28039,5216,28039,770,78
1656,3522,28040,5216,28040,770,78
1656,3522,28041,5216,28041,770,78
1656,3522,28042,5216,28042,770,78
1656,3522,28043,5216,28043,770,78
1656,3522,28044,5216,28044,770,78
1656,3522,28045,5216,28045,770,78
1656,3522,28046,5216,28046,770,78
1656,3522,28047,5216,28047,770,78
1656,3522,28048,5216,28048,770,78
1656,3522,28049,5216,28049,770,78
1656,3522,28050,5216,28050,770,78
1656,3522,28051,5216,28051,770,78
1656,3522,28052,5216,28052,770,78
1656,3522,28053,5216,28053,770,78
1656,3522,28054,5216,28054,770,78
1656,3522,28055,5216,28055,770,78
1656,3522,28056,5216,28056,770,78
1656,3522,28057,5216,28057,770,78
1656,3522,28058,5216,28058,770,78
1655,3522,28059,5216,28059,770,78
1655,3522,28060,5216,28060,770,78
1655,3522,28061,5216,28061,770,78
1655,3522,28062,5216,28062,770,78
1655,3522,28063,5216,28063,770,78
1655,3522,28064,5216,28064,770,78
1655,3522,28065,5216,28065,770,78
1655,3522,28066,5216,28066,770,78
1655,3522,28067,5216,28067,770,78
1655,3522,28068,5216,28068,770,78
1655,3522,28069,5216,28069,770,78
1655,3522,28070,5216,28070,770,78
1655,3522,28071,5216,28071,770,78
1655,3522,28072,5216,28072,770,78
1654,3522,28073,5216,28073,770,77
1654,3522,28074,5216,28074,770,77
1654,3522,28075,5216,28075,770,77
1654,3522,28076,5216,28076,770,77
1654,3522,28077,5216,28077,770,77
1654,3522,28078,5216,28078,770,77
1654,3522,28079,5216,28079,770,77
1654,3522,28080,5216,28080,770,77
1654,3522,28081,5216,28081,770,77
1654,3522,28082,5216,28082,770,77
1654,3522,28083,5216,28083,770,77
1654,3522,28084,5216,28084,770,77
1654,3522,28085,5216,28085,770,77
1654,3522,28086,5216,28086,770,77
1654,3522,28087,5216,28087,770,77
1654,3522,28088,5216,28088,770,77
1654,3522,28089,5216,28089,770,77
1654,3522,28090,5216,28090,770,77
1654,3522,28091,5216,28091,770,77
1654,3522,28092,5216,28092,770,77
1654,3522,28093,5216,28093,770,77
1654,3522,28094,5216,28094,770,77
1654,3522,28095,5216,28095,770,77
1654,3522,28096,5216,28096,770,77
1654,3522,28097,5216,28097,770,77
1654,3522,28098,5216,28098,770,77
1654,3522,28099,5216,28099,770,77
1654,3522,28100,5216,28100,770,77
1654,3522,28101,5216,28101,770,77
1654,3522,28102,5216,28102,770,77
1654,3522,28103,5216,28103,770,77
1654,3522,28104,5216,28104,770,77
1654,3522,28105,5216,28105,770,77
1654,3522,28106,5216,28106,770,77
1654,3522,28107,5216,28107,770,77
1654,3522,28108,5216,28108,770,77
1654,3522,28109,5216,28109,770,77
1654,3522,28110,5216,28110,770,77
1654,3522,28111,5216,28111,770,77
1654,3522,28112,5216,28112,770,77
1654,3522,28113,5216,28113,770,77
1654,3522,28114,5216,28114,770,77
1654,3522,28115,5216,28115,770,77
1654,3522,28116,5216,28116,770,77
1654,3522,28117,5216,28117,770,77
1654,3522,28118,5216,28118,770,77
1654,3522,28119,5216,28119,770,77
1654,3522,28120,5216,28120,770,77
1654,3522,28121,5216,28121,770,77
1654,3522,28122,5216,28122,770,77
1654,3522,28123,5216,28123,770,77
1654,3522,28124,5216,28124,770,77
1654,3522,28125,5216,28125,770,77
1654,3522,28126,5216,28126,770,77
1654,3522,28127,5216,28127,770,77
1654,3522,28128,5216,28128,770,77
1654,3522,28129,5216,28129,770,77
1654,3522,28130,5216,28130,770,77
1654,3522,28131,5216,28131,770,77
1654,3522,28132,5216,28132,770,77
1654,3522,28133,5216,28133,770,77
1654,3522,28134,5216,28134,770,77
1654,3522,28135,5216,28135,770,77
1654,3522,28136,5216,28136,770,77
1654,3522,28137,5216,28137,770,77
1654,3522,28138,5216,28138,770,77
1654,3522,28139,5216,28139,770,77
1654,3522,28140,5216,28140,770,77
1654,3522,28141,5216,28141,770,77
1654,3522,28142,5216,28142,770,77
1654,3522,28143,5216,28143,770,77
1654,3522,28144,5216,28144,770,77
1654,3522,28145,5216,28145,770,77
1654,3522,28146,5216,28146,770,77
1654,3522,28147,5216,28147,770,77
1654,3522,28148,5216,28148,770,77
1654,3522,28149,5216,28149,770,77
1654,3522,28150,5216,28150,770,77
1654,3522,28151,5216,28151,770,77
1654,3522,28152,5216,28152,770,77
1653,3522,28153,5216,28153,770,77
1653,3522,28154,5216,28154,770,77
1653,3522,28155,5216,28155,770,77
1653,3522,28156,5216,28156,770,77
1653,3522,28157,5216,28157,770,77
1653,3522,28158,5216,28158,770,77
1653,3522,28159,5216,28159,770,77
1653,3522,28160,5216,28160,770,77
1653,3522,28161,5216,28161,770,77
1653,3522,28162,5216,28162,770,77
1653,3522,28163,5216,28163,770,77
1653,3522,28164,5216,28164,770,77
1653,3522,28165,5216,28165,770,77
1653,3522,28166,5216,28166,770,77
1653,3522,28167,5216,28167,770,77
1653,3522,28168,5216,28168,770,77
1653,3522,28169,5216,28169,770,77
1653,3522,28170,5216,28170,770,77
1653,3522,28171,5216,28171,770,77
1653,3522,28172,5216,28172,770,77
1653,3522,28173,5216,28173,770,77
1653,3522,28174,5216,28174,770,77
1653,3522,28175,5216,28175,770,77
1653,3522,28176,5216,28176,770,77
1653,3522,28177,5216,28177,770,77
1653,3522,28178,5216,28178,770,77
1653,3522,28179,5216,28179,770,77
1653,3522,28180,5216,28180,770,77
1652,3522,28181,5216,28181,770,77
1652,3522,28182,5216,28182,770,77
1652,3522,28183,5216,28183,770,77
1652,3522,28184,5216,28184,770,77
1652,3522,28185,5216,28185,770,77
1652,3522,28186,5216,28186,770,77
1652,3522,28187,5216,28187,770,77
1652,3522,28188,5216,28188,770,77
1652,3522,28189,5216,28189,770,77
1652,3522,28190,5216,28190,770,77
1652,3522,28191,5216,28191,770,77
1652,3522,28192,5216,28192,770,77
1652,3522,28193,5216,28193,770,77
1652,3522,28194,5216,28194,770,77
1652,3522,28195,5216,28195,770,77
1652,3522,28196,5216,28196,770,77
1652,3522,28197,5216,28197,770,77
1652,3522,28198,5216,28198,770,77
1651,3522,28199,5216,28199,770,77
1651,3522,28200,5216,28200,770,77
1651,3522,28201,5216,28201,770,77
1651,3522,28202,5216,28202,770,77
1651,3522,28203,5216,28203,770,77
1651,3522,28204,5216,28204,770,77
1651,3522,28205,5216,28205,770,77
1651,3522,28206,5216,28206,770,77
1651,3522,28207,5216,28207,770,77
1651,3522,28208,5216,28208,770,77
1651,3522,28209,5216,28209,770,77
1651,3522,28210,5216,28210,770,77
1651,3522,28211,5216,28211,770,77
1651,3522,28212,5216,28212,770,77
1651,3522,28213,5216,28213,770,77
1651,3522,28214,5216,28214,770,77
1651,3522,28215,5216,28215,770,77
1651,3522,28216,5216,28216,770,77
1651,3522,28217,5216,28217,770,77
1651,3522,28218,5216,28218,770,77
1651,3522,28219,5216,28219,770,77
1650,3522,28220,5216,28220,770,77
1650,3522,28221,5216,28221,770,77
1650,3522,28222,5216,28222,770,77
1650,3522,28223,5216,28223,770,77
1650,3522,28224,5216,28224,770,77
1650,3522,28225,5216,28225,770,77
1650,3522,28226,5216,28226,770,77
1650,3522,28227,5216,28227,770,77
1650,3522,28228,5216,28228,770,77
1650,3522,28229,5216,28229,770,77
1650,3522,28230,5216,28230,770,77
1650,3522,28231,5216,28231,770,77
1650,3522,28232,5216,28232,770,77
1650,3522,28233,5216,28233,770,77
1650,3522,28234,5216,28234,770,77
1650,3522,28235,5216,28235,770,77
1650,3522,28236,5216,28236,770,77
1650,3522,28237,5216,28237,770,77
1650,3522,28238,5216,28238,770,77
1650,3522,28239,5216,28239,770,77
1650,3522,28240,5216,28240,770,77
1650,3522,28241,5216,28241,770,77
1650,3522,28242,5216,28242,770,77
1650,3522,28243,5216,28243,770,77
1650,3522,28244,5216,28244,770,77
1650,3522,28245,5216,28245,770,77
1650,3522,28246,5216,28246,770,77
1650,3522,28247,5216,28247,770,77
1650,3522,28248,5216,28248,770,77
1650,3522,28249,5216,28249,770,77
1650,3522,28250,5216,28250,770,77
1650,3522,28251,5216,28251,770,77
1650,3522,28252,5216,28252,770,77
1650,3522,28253,5216,28253,770,77
1650,3522,28254,5216,28254,770,77
1650,3522,28255,5216,28255,770,77
1650,3522,28256,5216,28256,770,77
1650,3522,28257,5216,28257,770,77
1649,3522,28258,5216,28258,770,77
1649,3522,28259,5216,28259,770,77
1649,3522,28260,5216,28260,770,77
1649,3522,28261,5216,28261,770,77
1649,3522,28262,5216,28262,770,77
1649,3522,28263,5216,28263,770,77
1649,3522,28264,5216,28264,770,77
1649,3522,28265,5216,28265,770,77
1649,3522,28266,5216,28266,770,77
1649,3522,28267,5216,28267,770,77
1649,3522,28268,5216,28268,770,77
1649,3522,28269,5216,28269,770,77
1649,3522,28270,5216,28270,770,77
1649,3522,28271,5216,28271,770,77
1648,3522,28272,5216,28272,770,77
1648,3522,28273,5216,28273,770,77
1648,3522,28274,5216,28274,770,77
1648,3522,28275,5216,28275,770,77
1648,3522,28276,5216,28276,770,77
1648,3522,28277,5216,28277,770,77
1648,3522,28278,5216,28278,770,77
1648,3522,28279,5216,28279,770,77
1648,3522,28280,5216,28280,770,77
1648,3522,28281,5216,28281,770,77
1648,3522,28282,5216,28282,770,77
1648,3522,28283,5216,28283,770,77
1649,3522,28284,5216,28284,770,77
1649,3522,28285,5216,28285,770,77
1649,3522,28286,5216,28286,770,77
1649,3522,28287,5216,28287,770,77
1649,3522,28288,5216,28288,770,77
1649,3522,28289,5216,28289,770,77
1649,3522,28290,5216,28290,770,77
1649,3522,28291,5216,28291,770,77
1649,3522,28292,5216,28292,770,77
1649,3522,28293,5216,28293,770,77
1649,3522,28294,5216,28294,770,77
1649,3522,28295,5216,28295,770,77
1649,3522,28296,5216,28296,770,77
1649,3522,28297,5216,28297,770,77
1649,3522,28298,5216,28298,770,77
1649,3522,28299,5216,28299,770,77
1649,3522,28300,5216,28300,770,77
1649,3522,28301,5216,28301,770,77
1649,3522,28302,5216,28302,770,77
1649,3522,28303,5216,28303,770,77
1649,3522,28304,5216,28304,770,77
1649,3522,28305,5216,28305,770,77
1649,3522,28306,5216,28306,770,77
1649,3522,28307,5216,28307,770,77
1649,3522,28308,5216,28308,770,77
1649,3522,28309,5216,28309,770,77
1649,3522,28310,5216,28310,770,77
1649,3522,28311,5216,28311,770,77
1649,3522,28312,5216,28312,770,77
1649,3522,28313,5216,28313,770,77
1649,3522,28314,5216,28314,770,77
1649,3522,28315,5216,28315,770,77
1649,3522,28316,5216,28316,770,77
1649,3522,28317,5216,28317,770,77
1649,3522,28318,5216,28318,770,77
1648,3522,28319,5216,28319,770,77
1648,3522,28320,5216,28320,770,77
1648,3522,28321,5216,28321,770,77
1648,3522,28322,5216,28322,770,77
1648,3522,28323,5216,28323,770,77
1648,3522,28324,5216,28324,770,77
1648,3522,28325,5216,28325,770,77
1648,3522,28326,5216,28326,770,77
1648,3522,28327,5216,28327,770,77
1648,3522,28328,5216,28328,770,77
1648,3522,28329,5216,28329,770,77
1648,3522,28330,5216,28330,770,77
1648,3522,28331,5216,28331,770,77
1648,3522,28332,5216,28332,770,77
1648,3522,28333,5216,28333,770,77
1648,3522,28334,5216,28334,770,77
1648,3522,28335,5216,28335,770,77
1648,3522,28336,5216,28336,770,77
1648,3522,28337,5216,28337,770,77
1648,3522,28338,5216,28338,770,77
1648,3522,28339,5216,28339,770,77
1648,3522,28340,5216,28340,770,77
1648,3522,28341,5216,28341,770,77
1648,3522,28342,5216,28342,770,77
1648,3522,28343,5216,28343,770,77
1648,3522,28344,5216,28344,770,77
1648,3522,28345,5216,28345,770,77
1648,3522,28346,5216,28346,770,77
1648,3522,28347,5216,28347,770,77
1648,3522,28348,5216,28348,770,77
1648,3522,28349,5216,28349,770,77
1648,3522,28350,5216,28350,770,77
1648,3522,28351,5216,28351,770,77
1648,3522,28352,5216,28352,770,77
1648,3522,28353,5216,28353,770,77
1648,3522,28354,5216,28354,770,77
1648,3522,28355,5216,28355,770,77
1648,3522,28356,5216,28356,770,77
1648,3522,28357,5216,28357,770,77
1648,3522,28358,5216,28358,770,77
1647,3522,28359,5216,28359,770,77
1647,3522,28360,5216,28360,770,77
1647,3522,28361,5216,28361,770,77
1647,3522,28362,5216,28362,770,77
1647,3522,28363,5216,28363,770,77
1647,3522,28364,5216,28364,770,77
1647,3522,28365,5216,28365,770,77
1647,3522,28366,5216,28366,770,77
1647,3522,28367,5216,28367,770,77
1647,3522,28368,5216,28368,770,77
1647,3522,28369,5216,28369,770,77
1647,3522,28370,5216,28370,770,77
1647,3522,28371,5216,28371,770,77
1647,3522,28372,5216,28372,770,77
1647,3522,28373,5216,28373,770,77
1647,3522,28374,5216,28374,770,77
1647,3522,28375,5216,28375,770,77
1647,3522,28376,5216,28376,770,77
1647,3522,28377,5216,28377,770,77
1647,3522,28378,5216,28378,770,77
1646,3522,28379,5216,28379,770,77
1645,3522,28380,5216,28380,770,77
1645,3522,28381,5216,28381,770,77
1645,3522,28382,5216,28382,770,77
1645,3522,28383,5216,28383,770,77
1645,3522,28384,5216,28384,770,77
1645,3522,28385,5216,28385,770,77
1645,3522,28386,5216,28386,770,77
1645,3522,28387,5216,28387,770,77
1645,3522,28388,5216,28388,770,77
1645,3522,28389,5216,28389,770,77
1645,3522,28390,5216,28390,770,77
1645,3522,28391,5216,28391,770,77
1645,3522,28392,5216,28392,770,77
1645,3522,28393,5216,28393,770,77
1645,3522,28394,5216,28394,770,77
1645,3522,28395,5216,28395,770,77
1645,3522,28396,5216,28396,770,77
1645,3522,28397,5216,28397,770,77
1645,3522,28398,5216,28398,770,77
1645,3522,28399,5216,28399,770,77
1645,3522,28400,5216,28400,770,77
1645,3522,28401,5216,28401,770,77
1645,3522,28402,5216,28402,770,77
1645,3522,28403,5216,28403,770,77
1645,3522,28404,5216,28404,770,77
1645,3522,28405,5216,28405,770,77
1644,3522,28406,5216,28406,770,77
1644,3522,28407,5216,28407,770,77
1644,3522,28408,5216,28408,770,77
1644,3522,28409,5216,28409,770,77
1644,3522,28410,5216,28410,770,77
1644,3522,28411,5216,28411,770,77
1644,3522,28412,5216,28412,770,77
1644,3522,28413,5216,28413,770,77
1644,3522,28414,5216,28414,770,77
1644,3522,28415,5216,28415,770,77
1644,3522,28416,5216,28416,770,77
1644,3522,28417,5216,28417,770,77
1644,3522,28418,5216,28418,770,77
1644,3522,28419,5216,28419,770,77
1644,3522,28420,5216,28420,770,77
1644,3522,28421,5216,28421,770,77
1644,3522,28422,5216,28422,770,77
1644,3522,28423,5216,28423,770,77
1645,3522,28424,5216,28424,770,77
1646,3522,28425,5216,28425,770,77
1646,3522,28426,5216,28426,770,77
1646,3522,28427,5216,28427,770,77
1646,3522,28428,5216,28428,770,77
1646,3522,28429,5216,28429,770,77
1646,3522,28430,5216,28430,770,77
1646,3522,28431,5216,28431,770,77
1646,3522,28432,5216,28432,770,77
1646,3522,28433,5216,28433,770,77
1646,3522,28434,5216,28434,770,77
1646,3522,28435,5216,28435,770,77
1646,3522,28436,5216,28436,770,77
1645,3522,28437,5216,28437,770,77
1645,3522,28438,5216,28438,770,77
1645,3522,28439,5216,28439,770,77
1645,3522,28440,5216,28440,770,77
1645,3522,28441,5216,28441,770,77
1644,3522,28442,5216,28442,770,76
1644,3522,28443,5216,28443,770,76
1644,3522,28444,5216,28444,770,76
1644,3522,28445,5216,28445,770,76
1644,3522,28446,5216,28446,770,76
1644,3522,28447,5216,28447,770,76
1644,3522,28448,5216,28448,770,76
1644,3522,28449,5216,28449,770,76
1644,3522,28450,5216,28450,770,76
1644,3522,28451,5216,28451,770,76
1644,3522,28452,5216,28452,770,76
1644,3522,28453,5216,28453,770,76
1644,3522,28454,5216,28454,770,76
1643,3522,28455,5216,28455,770,76
1643,3522,28456,5216,28456,770,76
1643,3522,28457,5216,28457,770,76
1643,3522,28458,5216,28458,770,76
1643,3522,28459,5216,28459,770,76
1643,3522,28460,5216,28460,770,76
1643,3522,28461,5216,28461,770,76
1643,3522,28462,5216,28462,770,76
1643,3522,28463,5216,28463,770,76
1643,3522,28464,5216,28464,770,76
1643,3522,28465,5216,28465,770,76
1643,3522,28466,5216,28466,770,76
1643,3522,28467,5216,28467,770,76
1643,3522,28468,5216,28468,770,76
1643,3522,28469,5216,28469,770,76
1643,3522,28470,5216,28470,770,76
1643,3522,28471,5216,28471,770,76
1643,3522,28472,5216,28472,770,76
1643,3522,28473,5216,28473,770,76
1643,3522,28474,5216,28474,770,76
1642,3522,28475,5216,28475,770,76
1642,3522,28476,5216,28476,770,76
1642,3522,28477,5216,28477,770,76
1642,3522,28478,5216,28478,770,76
1642,3522,28479,5216,28479,770,76
1642,3522,28480,5216,28480,770,76
1642,3522,28481,5216,28481,770,76
1642,3522,28482,5216,28482,770,76
1642,3522,28483,5216,28483,770,76
1642,3522,28484,5216,28484,770,76
1642,3522,28485,5216,28485,770,76
1641,3522,28486,5216,28486,770,76
1641,3522,28487,5216,28487,770,76
1641,3522,28488,5216,28488,770,76
1641,3522,28489,5216,28489,770,76
1641,3522,28490,5216,28490,770,76
1641,3522,28491,5216,28491,770,76
1641,3522,28492,5216,28492,770,76
1641,3522,28493,5216,28493,770,76
1641,3522,28494,5216,28494,770,76
1641,3522,28495,5216,28495,770,76
1641,3522,28496,5216,28496,770,76
1641,3522,28497,5216,28497,770,76
1641,3522,28498,5216,28498,770,76
1641,3522,28499,5216,28499,770,76
1641,3522,28500,5216,28500,770,76
1641,3522,28501,5216,28501,770,76
1641,3522,28502,5216,28502,770,76
1641,3522,28503,5216,28503,770,76
1641,3522,28504,5216,28504,770,76
1641,3522,28505,5216,28505,770,76
1641,3522,28506,5216,28506,770,76
1641,3522,28507,5216,28507,770,76
1641,3522,28508,5216,28508,770,76
1641,3522,28509,5216,28509,770,76
1641,3522,28510,5216,28510,770,76
1641,3522,28511,5216,28511,770,76
1641,3522,28512,5216,28512,770,76
1641,3522,28513,5216,28513,770,76
1641,3522,28514,5216,28514,770,76
1641,3522,28515,5216,28515,770,76
1641,3522,28516,5216,28516,770,76
1641,3522,28517,5216,28517,770,76
1641,3522,28518,5216,28518,770,76
1641,3522,28519,5216,28519,770,76
1641,3522,28520,5216,28520,770,76
1641,3522,28521,5216,28521,770,76
1641,3522,28522,5216,28522,770,76
1641,3522,28523,5216,28523,770,76
1641,3522,28524,5216,28524,770,76
1641,3522,28525,5216,28525,770,76
1641,3522,28526,5216,28526,770,76
1641,3522,28527,5216,28527,770,76
1640,3522,28528,5216,28528,770,76
1640,3522,28529,5216,28529,770,76
1640,3522,28530,5216,28530,770,76
1640,3522,28531,5216,28531,770,76
1640,3522,28532,5216,28532,770,76
1640,3522,28533,5216,28533,770,76
1640,3522,28534,5216,28534,770,76
1640,3522,28535,5216,28535,770,76
1640,3522,28536,5216,28536,770,76
1640,3522,28537,5216,28537,770,76
1640,3522,28538,5216,28538,770,76
1640,3522,28539,5216,28539,770,76
1640,3522,28540,5216,28540,770,76
1640,3522,28541,5216,28541,770,76
1640,3522,28542,5216,28542,770,76
1640,3522,28543,5216,28543,770,76
1640,3522,28544,5216,28544,770,76
1640,3522,28545,5216,28545,770,76
1640,3522,28546,5216,28546,770,76
1640,3522,28547,5216,28547,770,76
1640,3522,28548,5216,28548,770,76
1640,3522,28549,5216,28549,770,76
1640,3522,28550,5216,28550,770,76
1640,3522,28551,5216,28551,770,76
1640,3522,28552,5216,28552,770,76
1640,3522,28553,5216,28553,770,76
1640,3522,28554,5216,28554,770,76
1640,3522,28555,5216,28555,770,76
1640,3522,28556,5216,28556,770,76
1640,3522,28557,5216,28557,770,76
1640,3522,28558,5216,28558,770,76
1641,3522,28559,5216,28559,770,76
1641,3522,28560,5216,28560,770,76
1641,3522,28561,5216,28561,770,76
1641,3522,28562,5216,28562,770,76
1641,3522,28563,5216,28563,770,76
1641,3522,28564,5216,28564,770,76
1641,3522,28565,5216,28565,770,76
1641,3522,28566,5216,28566,770,76
1641,3522,28567,5216,28567,770,76
1641,3522,28568,5216,28568,770,76
1641,3522,28569,5216,28569,770,76
1641,3522,28570,5216,28570,770,76
1641,3522,28571,5216,28571,770,76
1641,3522,28572,5216,28572,770,76
1641,3522,28573,5216,28573,770,76
1641,3522,28574,5216,28574,770,76
1641,3522,28575,5216,28575,770,76
1641,3522,28576,5216,28576,770,76
1641,3522,28577,5216,28577,770,76
1641,3522,28578,5216,28578,770,76
1641,3522,28579,5216,28579,770,76
1641,3522,28580,5216,28580,770,76
1641,3522,28581,5216,28581,770,76
1641,3522,28582,5216,28582,770,76
1641,3522,28583,5216,28583,770,76
1641,3522,28584,5216,28584,770,76
1641,3522,28585,5216,28585,770,76
1641,3522,28586,5216,28586,770,76
1641,3522,28587,5216,28587,770,76
1641,3522,28588,5216,28588,770,76
1641,3522,28589,5216,28589,770,76
1641,3522,28590,5216,28590,770,76
1641,3522,28591,5216,28591,770,76
1641,3522,28592,5216,28592,770,76
1641,3522,28593,5216,28593,770,76
1641,3522,28594,5216,28594,770,76
1641,3522,28595,5216,28595,770,76
1641,3522,28596,5216,28596,770,76
1641,3522,28597,5216,28597,770,76
1641,3522,28598,5216,28598,770,76
1641,3522,28599,5216,28599,770,76
1641,3522,28600,5216,28600,770,76
1641,3522,28601,5216,28601,770,76
1641,3522,28602,5216,28602,770,76
1641,3522,28603,5216,28603,770,76
1641,3522,28604,5216,28604,770,76
1641,3522,28605,5216,28605,770,76
1641,3522,28606,5216,28606,770,76
1641,3522,28607,5216,28607,770,76
1641,3522,28608,5216,28608,770,76
1641,3522,28609,5216,28609,770,76
1641,3522,28610,5216,28610,770,76
1641,3522,28611,5216,28611,770,76
1641,3522,28612,5216,28612,770,76
1641,3522,28613,5216,28613,770,76
1641,3522,28614,5216,28614,770,76
1641,3522,28615,5216,28615,770,76
1641,3522,28616,5216,28616,770,76
1641,3522,28617,5216,28617,770,76
1641,3522,28618,5216,28618,770,76
1641,3522,28619,5216,28619,770,76
1641,3522,28620,5216,28620,770,76
1641,3522,28621,5216,28621,770,76
1641,3522,28622,5216,28622,770,76
1641,3522,28623,5216,28623,770,76
1641,3522,28624,5216,28624,770,76
1640,3522,28625,5216,28625,770,76
1640,3522,28626,5216,28626,770,76
1640,3522,28627,5216,28627,770,76
1640,3522,28628,5216,28628,770,76
1640,3522,28629,5216,28629,770,76
1640,3522,28630,5216,28630,770,76
1640,3522,28631,5216,28631,770,76
1640,3522,28632,5216,28632,770,76
1640,3522,28633,5216,28633,770,76
1640,3522,28634,5216,28634,770,76
1640,3522,28635,5216,28635,770,76
1640,3522,28636,5216,28636,770,76
1640,3522,28637,5216,28637,770,76
1640,3522,28638,5216,28638,770,76
1640,3522,28639,5216,28639,770,76
1640,3522,28640,5216,28640,770,76
1640,3522,28641,5216,28641,770,76
1640,3522,28642,5216,28642,770,76
1640,3522,28643,5216,28643,770,76
1640,3522,28644,5216,28644,770,76
1640,3522,28645,5216,28645,770,76
1640,3522,28646,5216,28646,770,76
1640,3522,28647,5216,28647,770,76
1640,3522,28648,5216,28648,770,76
1640,3522,28649,5216,28649,770,76
1640,3522,28650,5216,28650,770,76
1640,3522,28651,5216,28651,770,76
1640,3522,28652,5216,28652,770,76
1640,3522,28653,5216,28653,770,76
1640,3522,28654,5216,28654,770,76
1640,3522,28655,5216,28655,770,76
1640,3522,28656,5216,28656,770,76
1640,3522,28657,5216,28657,770,76
1640,3522,28658,5216,28658,770,76
1640,3522,28659,5216,28659,770,76
1640,3522,28660,5216,28660,770,76
1640,3522,28661,5216,28661,770,76
1640,3522,28662,5216,28662,770,76
1640,3522,28663,5216,28663,770,76
1640,3522,28664,5216,28664,770,76
1640,3522,28665,5216,28665,770,76
1640,3522,28666,5216,28666,770,76
1640,3522,28667,5216,28667,770,76
1639,3522,28668,5216,28668,770,76
1639,3522,28669,5216,28669,770,76
1639,3522,28670,5216,28670,770,76
1639,3522,28671,5216,28671,770,76
1639,3522,28672,5216,28672,770,76
1639,3522,28673,5216,28673,770,76
1638,3522,28674,5216,28674,770,76
1638,3522,28675,5216,28675,770,76
1637,3522,28676,5216,28676,770,76
1637,3522,28677,5216,28677,770,76
1637,3522,28678,5216,28678,770,76
1637,3522,28679,5216,28679,770,76
1637,3522,28680,5216,28680,770,76
1637,3522,28681,5216,28681,770,76
1637,3522,28682,5216,28682,770,76
1637,3522,28683,5216,28683,770,76
1637,3522,28684,5216,28684,770,76
1637,3522,28685,5216,28685,770,76
1637,3522,28686,5216,28686,770,76
1637,3522,28687,5216,28687,770,76
1637,3522,28688,5216,28688,770,76
1637,3522,28689,5216,28689,770,76
1637,3522,28690,5216,28690,770,76
1637,3522,28691,5216,28691,770,76
1637,3522,28692,5216,28692,770,76
1637,3522,28693,5216,28693,770,76
1637,3522,28694,5216,28694,770,76
1637,3522,28695,5216,28695,770,76
1637,3522,28696,5216,28696,770,76
1637,3522,28697,5216,28697,770,76
1637,3522,28698,5216,28698,770,76
1637,3522,28699,5216,28699,770,76
1637,3522,28700,5216,28700,770,76
1637,3522,28701,5216,28701,770,76
1637,3522,28702,5216,28702,770,76
1637,3522,28703,5216,28703,770,76
1637,3522,28704,5216,28704,770,76
1637,3522,28705,5216,28705,770,76
1637,3522,28706,5216,28706,770,76
1637,3522,28707,5216,28707,770,76
1635,3522,28708,5216,28708,770,74
1635,3522,28709,5216,28709,770,74
1635,3522,28710,5216,28710,770,74
1635,3522,28711,5216,28711,770,74
1635,3522,28712,5216,28712,770,74
1635,3522,28713,5216,28713,770,74
1635,3522,28714,5216,28714,770,74
1635,3522,28715,5216,28715,770,74
1635,3522,28716,5216,28716,770,74
1635,3522,28717,5216,28717,770,74
1635,3522,28718,5216,28718,770,74
1635,3522,28719,5216,28719,770,74
1635,3522,28720,5216,28720,770,74
1634,3522,28721,5216,28721,770,74
1634,3522,28722,5216,28722,770,74
1634,3522,28723,5216,28723,770,74
1634,3522,28724,5216,28724,770,74
1634,3522,28725,5216,28725,770,74
1634,3522,28726,5216,28726,770,74
1634,3522,28727,5216,28727,770,74
1634,3522,28728,5216,28728,770,74
1634,3522,28729,5216,28729,770,74
1634,3522,28730,5216,28730,770,74
1634,3522,28731,5216,28731,770,74
1634,3522,28732,5216,28732,770,74
1634,3522,28733,5216,28733,770,74
1634,3522,28734,5216,28734,770,74
1634,3522,28735,5216,28735,770,74
1634,3522,28736,5216,28736,770,74
1634,3522,28737,5216,28737,770,74
1634,3522,28738,5216,28738,770,74
1634,3522,28739,5216,28739,770,74
1634,3522,28740,5216,28740,770,74
1634,3522,28741,5216,28741,770,74
1634,3522,28742,5216,28742,770,74
1634,3522,28743,5216,28743,770,74
1634,3522,28744,5216,28744,770,74
1634,3522,28745,5216,28745,770,74
1634,3522,28746,5216,28746,770,74
1634,3522,28747,5216,28747,770,74
1634,3522,28748,5216,28748,770,74
1634,3522,28749,5216,28749,770,74
1634,3522,28750,5216,28750,770,74
1634,3522,28751,5216,28751,770,74
1634,3522,28752,5216,28752,770,74
1634,3522,28753,5216,28753,770,74
1634,3522,28754,5216,28754,770,74
1634,3522,28755,5216,28755,770,74
1634,3522,28756,5216,28756,770,74
1635,3522,28757,5216,28757,770,74
1635,3522,28758,5216,28758,770,74
1635,3522,28759,5216,28759,770,74
1635,3522,28760,5216,28760,770,74
1635,3522,28761,5216,28761,770,74
1635,3522,28762,5216,28762,770,74
1635,3522,28763,5216,28763,770,74
1635,3522,28764,5216,28764,770,74
1635,3522,28765,5216,28765,770,74
1635,3522,28766,5216,28766,770,74
1636,3522,28767,5216,28767,770,74
1636,3522,28768,5216,28768,770,74
1636,3522,28769,5216,28769,770,74
1636,3522,28770,5216,28770,770,74
1636,3522,28771,5216,28771,770,74
1636,3522,28772,5216,28772,770,74
1636,3522,28773,5216,28773,770,74
1636,3522,28774,5216,28774,770,74
1636,3522,28775,5216,28775,770,74
1636,3522,28776,5216,28776,770,74
1636,3522,28777,5216,28777,770,74
1636,3522,28778,5216,28778,770,74
1636,3522,28779,5216,28779,770,74
1636,3522,28780,5216,28780,770,74
1635,3522,28781,5216,28781,770,74
1635,3522,28782,5216,28782,770,74
1635,3522,28783,5216,28783,770,74
1635,3522,28784,5216,28784,770,74
1635,3522,28785,5216,28785,770,74
1635,3522,28786,5216,28786,770,74
1635,3522,28787,5216,28787,770,74
1635,3522,28788,5216,28788,770,74
1635,3522,28789,5216,28789,770,74
1635,3522,28790,5216,28790,770,74
1635,3522,28791,5216,28791,770,74
1635,3522,28792,5216,28792,770,74
1635,3522,28793,5216,28793,770,74
1635,3522,28794,5216,28794,770,74
1635,3522,28795,5216,28795,770,74
1635,3522,28796,5216,28796,770,74
1635,3522,28797,5216,28797,770,74
1635,3522,28798,5216,28798,770,74
1635,3522,28799,5216,28799,770,74
1635,3522,28800,5216,28800,770,74
1635,3522,28801,5216,28801,770,74
1635,3522,28802,5216,28802,770,74
1635,3522,28803,5216,28803,770,74
1635,3522,28804,5216,28804,770,74
1635,3522,28805,5216,28805,770,74
1635,3522,28806,5216,28806,770,74
1635,3522,28807,5216,28807,770,74
1635,3522,28808,5216,28808,770,74
1635,3522,28809,5216,28809,770,74
1635,3522,28810,5216,28810,770,74
1635,3522,28811,5216,28811,770,74
1635,3522,28812,5216,28812,770,74
1635,3522,28813,5216,28813,770,74
1635,3522,28814,5216,28814,770,74
1634,3522,28815,5216,28815,770,73
1634,3522,28816,5216,28816,770,73
1634,3522,28817,5216,28817,770,73
1634,3522,28818,5216,28818,770,73
1634,3522,28819,5216,28819,770,73
1635,3522,28820,5216,28820,770,73
1635,3522,28821,5216,28821,770,73
1635,3522,28822,5216,28822,770,73
1635,3522,28823,5216,28823,770,73
1635,3522,28824,5216,28824,770,73
1635,3522,28825,5216,28825,770,73
1635,3522,28826,5216,28826,770,73
1635,3522,28827,5216,28827,770,73
1635,3522,28828,5216,28828,770,73
1635,3522,28829,5216,28829,770,73
1635,3522,28830,5216,28830,770,73
1635,3522,28831,5216,28831,770,73
1635,3522,28832,5216,28832,770,73
1635,3522,28833,5216,28833,770,73
1635,3522,28834,5216,28834,770,73
1633,3522,28835,5216,28835,770,73
1633,3522,28836,5216,28836,770,73
1633,3522,28837,5216,28837,770,73
1633,3522,28838,5216,28838,770,73
1633,3522,28839,5216,28839,770,73
1633,3522,28840,5216,28840,770,73
1633,3522,28841,5216,28841,770,73
1633,3522,28842,5216,28842,770,73
1633,3522,28843,5216,28843,770,73
1633,3522,28844,5216,28844,770,73
1633,3522,28845,5216,28845,770,73
1633,3522,28846,5216,28846,770,73
1633,3522,28847,5216,28847,770,73
1634,3522,28848,5216,28848,770,73
1634,3522,28849,5216,28849,770,73
1634,3522,28850,5216,28850,770,73
1634,3522,28851,5216,28851,770,73
1634,3522,28852,5216,28852,770,73
1634,3522,28853,5216,28853,770,73
1634,3522,28854,5216,28854,770,73
1634,3522,28855,5216,28855,770,73
1634,3522,28856,5216,28856,770,73
1634,3522,28857,5216,28857,770,73
1634,3522,28858,5216,28858,770,73
1634,3522,28859,5216,28859,770,73
1634,3522,28860,5216,28860,770,73
1634,3522,28861,5216,28861,770,73
1634,3522,28862,5216,28862,770,73
1634,3522,28863,5216,28863,770,73
1634,3522,28864,5216,28864,770,73
1634,3522,28865,5216,28865,770,73
1635,3522,28866,5216,28866,770,73
1635,3522,28867,5216,28867,770,73
1635,3522,28868,5216,28868,770,73
1635,3522,28869,5216,28869,770,73
1635,3522,28870,5216,28870,770,73
1635,3522,28871,5216,28871,770,73
1635,3522,28872,5216,28872,770,73
1635,3522,28873,5216,28873,770,73
1635,3522,28874,5216,28874,770,73
1635,3522,28875,5216,28875,770,73
1635,3522,28876,5216,28876,770,73
1635,3522,28877,5216,28877,770,73
1635,3522,28878,5216,28878,770,73
1635,3522,28879,5216,28879,770,73
1635,3522,28880,5216,28880,770,73
1635,3522,28881,5216,28881,770,73
1635,3522,28882,5216,28882,770,73
1635,3522,28883,5216,28883,770,73
1635,3522,28884,5216,28884,770,73
1635,3522,28885,5216,28885,770,73
1635,3522,28886,5216,28886,770,73
1635,3522,28887,5216,28887,770,73
1635,3522,28888,5216,28888,770,73
1635,3522,28889,5216,28889,770,73
1635,3522,28890,5216,28890,770,73
1635,3522,28891,5216,28891,770,73
1635,3522,28892,5216,28892,770,73
1635,3522,28893,5216,28893,770,73
1635,3522,28894,5216,28894,770,73
1635,3522,28895,5216,28895,770,73
1635,3522,28896,5216,28896,770,73
1635,3522,28897,5216,28897,770,73
1635,3522,28898,5216,28898,770,73
1635,3522,28899,5216,28899,770,73
1635,3522,28900,5216,28900,770,73
1635,3522,28901,5216,28901,770,73
1635,3522,28902,5216,28902,770,73
1635,3522,28903,5216,28903,770,73
1635,3522,28904,5216,28904,770,73
1635,3522,28905,5216,28905,770,73
1635,3522,28906,5216,28906,770,73
1635,3522,28907,5216,28907,770,73
1635,3522,28908,5216,28908,770,73
1635,3522,28909,5216,28909,770,73
1635,3522,28910,5216,28910,770,73
1636,3522,28911,5216,28911,770,73
1636,3522,28912,5216,28912,770,73
1636,3522,28913,5216,28913,770,73
1636,3522,28914,5216,28914,770,73
1636,3522,28915,5216,28915,770,73
1636,3522,28916,5216,28916,770,73
1636,3522,28917,5216,28917,770,73
1636,3522,28918,5216,28918,770,73
1636,3522,28919,5216,28919,770,73
1636,3522,28920,5216,28920,770,73
1636,3522,28921,5216,28921,770,73
1636,3522,28922,5216,28922,770,73
1636,3522,28923,5216,28923,770,73
1636,3522,28924,5216,28924,770,73
1636,3522,28925,5216,28925,770,73
1636,3522,28926,5216,28926,770,73
1636,3522,28927,5216,28927,770,73
1636,3522,28928,5216,28928,770,73
1636,3522,28929,5216,28929,770,73
1636,3522,28930,5216,28930,770,73
1636,3522,28931,5216,28931,770,73
1636,3522,28932,5216,28932,770,73
1636,3522,28933,5216,28933,770,73
1636,3522,28934,5216,28934,770,73
1636,3522,28935,5216,28935,770,73
1636,3522,28936,5216,28936,770,73
1636,3522,28937,5216,28937,770,73
1636,3522,28938,5216,28938,770,73
1636,3522,28939,5216,28939,770,73
1636,3522,28940,5216,28940,770,73
1636,3522,28941,5216,28941,770,73
1636,3522,28942,5216,28942,770,73
1636,3522,28943,5216,28943,770,73
1636,3522,28944,5216,28944,770,73
1636,3522,28945,5216,28945,770,73
1636,3522,28946,5216,28946,770,73
1636,3522,28947,5216,28947,770,73
1636,3522,28948,5216,28948,770,73
1636,3522,28949,5216,28949,770,73
1636,3522,28950,5216,28950,770,73
1636,3522,28951,5216,28951,770,73
1636,3522,28952,5216,28952,770,73
1636,3522,28953,5216,28953,770,73
1636,3522,28954,5216,28954,770,73
1636,3522,28955,5216,28955,770,73
1636,3522,28956,5216,28956,770,73
1636,3522,28957,5216,28957,770,73
1636,3522,28958,5216,28958,770,73
1636,3522,28959,5216,28959,770,73
1636,3522,28960,5216,28960,770,73
1636,3522,28961,5216,28961,770,73
1637,3522,28962,5216,28962,770,73
1637,3522,28963,5216,28963,770,73
1637,3522,28964,5216,28964,770,73
1637,3522,28965,5216,28965,770,73
1637,3522,28966,5216,28966,770,73
1637,3522,28967,5216,28967,770,73
1637,3522,28968,5216,28968,770,73
1637,3522,28969,5216,28969,770,73
1637,3522,28970,5216,28970,770,73
1637,3522,28971,5216,28971,770,73
1637,3522,28972,5216,28972,770,73
1637,3522,28973,5216,28973,770,73
1637,3522,28974,5216,28974,770,73
1637,3522,28975,5216,28975,770,73
1637,3522,28976,5216,28976,770,73
1637,3522,28977,5216,28977,770,73
1637,3522,28978,5216,28978,770,73
1637,3522,28979,5216,28979,770,73
1637,3522,28980,5216,28980,770,73
1637,3522,28981,5216,28981,770,73
1637,3522,28982,5216,28982,770,73
1637,3522,28983,5216,28983,770,73
1637,3522,28984,5216,28984,770,73
1637,3522,28985,5216,28985,770,73
1637,3522,28986,5216,28986,770,73
1637,3522,28987,5216,28987,770,73
1637,3522,28988,5216,28988,770,73
1637,3522,28989,5216,28989,770,73
1637,3522,28990,5216,28990,770,73
1637,3522,28991,5216,28991,770,73
1637,3522,28992,5216,28992,770,73
1637,3522,28993,5216,28993,770,73
1637,3522,28994,5216,28994,770,73
1637,3522,28995,5216,28995,770,73
1637,3522,28996,5216,28996,770,73
1637,3522,28997,5216,28997,770,73
1637,3522,28998,5216,28998,770,73
1637,3522,28999,5216,28999,770,73
1637,3522,29000,5216,29000,770,73
1637,3522,29001,5216,29001,770,73
1637,3522,29002,5216,29002,770,73
1637,3522,29003,5216,29003,770,73
1637,3522,29004,5216,29004,770,73
1637,3522,29005,5216,29005,770,73
1637,3522,29006,5216,29006,770,73
1637,3522,29007,5216,29007,770,73
1637,3522,29008,5216,29008,770,73
1637,3522,29009,5216,29009,770,73
1637,3522,29010,5216,29010,770,73
1637,3522,29011,5216,29011,770,73
1637,3522,29012,5216,29012,770,73
1637,3522,29013,5216,29013,770,73
1637,3522,29014,5216,29014,770,73
1637,3522,29015,5216,29015,770,73
1637,3522,29016,5216,29016,770,73
1637,3522,29017,5216,29017,770,73
1638,3522,29018,5216,29018,770,73
1638,3522,29019,5216,29019,770,73
1638,3522,29020,5216,29020,770,73
1638,3522,29021,5216,29021,770,73
1638,3522,29022,5216,29022,770,73
1638,3522,29023,5216,29023,770,73
1638,3522,29024,5216,29024,770,73
1638,3522,29025,5216,29025,770,73
1638,3522,29026,5216,29026,770,73
1638,3522,29027,5216,29027,770,73
1638,3522,29028,5216,29028,770,73
1638,3522,29029,5216,29029,770,73
1638,3522,29030,5216,29030,770,73
1638,3522,29031,5216,29031,770,73
1638,3522,29032,5216,29032,770,73
1638,3522,29033,5216,29033,770,73
1638,3522,29034,5216,29034,770,73
1638,3522,29035,5216,29035,770,73
1638,3522,29036,5216,29036,770,73
1638,3522,29037,5216,29037,770,73
1638,3522,29038,5216,29038,770,73
1638,3522,29039,5216,29039,770,73
1638,3522,29040,5216,29040,770,73
1638,3522,29041,5216,29041,770,73
1638,3522,29042,5216,29042,770,73
1638,3522,29043,5216,29043,770,73
1638,3522,29044,5216,29044,770,73
1638,3522,29045,5216,29045,770,73
1638,3522,29046,5216,29046,770,73
1638,3522,29047,5216,29047,770,73
1638,3522,29048,5216,29048,770,73
1638,3522,29049,5216,29049,770,73
1638,3522,29050,5216,29050,770,73
1638,3522,29051,5216,29051,770,73
1638,3522,29052,5216,29052,770,73
1638,3522,29053,5216,29053,770,73
1638,3522,29054,5216,29054,770,73
1638,3522,29055,5216,29055,770,73
1638,3522,29056,5216,29056,770,73
1638,3522,29057,5216,29057,770,73
1638,3522,29058,5216,29058,770,73
1638,3522,29059,5216,29059,770,73
1638,3522,29060,5216,29060,770,73
1638,3522,29061,5216,29061,770,73
1638,3522,29062,5216,29062,770,73
1638,3522,29063,5216,29063,770,73
1638,3522,29064,5216,29064,770,73
1638,3522,29065,5216,29065,770,73
1638,3522,29066,5216,29066,770,73
1638,3522,29067,5216,29067,770,73
1638,3522,29068,5216,29068,770,73
1638,3522,29069,5216,29069,770,73
1638,3522,29070,5216,29070,770,73
1638,3522,29071,5216,29071,770,73
1638,3522,29072,5216,29072,770,73
1638,3522,29073,5216,29073,770,73
1638,3522,29074,5216,29074,770,73
1638,3522,29075,5216,29075,770,73
1638,3522,29076,5216,29076,770,73
1638,3522,29077,5216,29077,770,73
1638,3522,29078,5216,29078,770,73
1638,3522,29079,5216,29079,770,73
1638,3522,29080,5216,29080,770,73
1638,3522,29081,5216,29081,770,73
1638,3522,29082,5216,29082,770,73
1638,3522,29083,5216,29083,770,73
1638,3522,29084,5216,29084,770,73
1638,3522,29085,5216,29085,770,73
1638,3522,29086,5216,29086,770,73
1638,3522,29087,5216,29087,770,73
1638,3522,29088,5216,29088,770,73
1638,3522,29089,5216,29089,770,73
1638,3522,29090,5216,29090,770,73
1638,3522,29091,5216,29091,770,73
1638,3522,29092,5216,29092,770,73
1638,3522,29093,5216,29093,770,73
1638,3522,29094,5216,29094,770,73
1638,3522,29095,5216,29095,770,73
1638,3522,29096,5216,29096,770,73
1638,3522,29097,5216,29097,770,73
1638,3522,29098,5216,29098,770,73
1638,3522,29099,5216,29099,770,73
1638,3522,29100,5216,29100,770,73
1638,3522,29101,5216,29101,770,73
1638,3522,29102,5216,29102,770,73
1638,3522,29103,5216,29103,770,73
1638,3522,29104,5216,29104,770,73
1638,3522,29105,5216,29105,770,73
1638,3522,29106,5216,29106,770,73
1638,3522,29107,5216,29107,770,73
1638,3522,29108,5216,29108,770,73
1638,3522,29109,5216,29109,770,73
1638,3522,29110,5216,29110,770,73
1638,3522,29111,5216,29111,770,73
1639,3522,29112,5216,29112,770,73
1639,3522,29113,5216,29113,770,73
1639,3522,29114,5216,29114,770,73
1639,3522,29115,5216,29115,770,73
1639,3522,29116,5216,29116,770,73
1639,3522,29117,5216,29117,770,73
1639,3522,29118,5216,29118,770,73
1639,3522,29119,5216,29119,770,73
1639,3522,29120,5216,29120,770,73
1639,3522,29121,5216,29121,770,73
1639,3522,29122,5216,29122,770,73
1639,3522,29123,5216,29123,770,73
1639,3522,29124,5216,29124,770,73
1639,3522,29125,5216,29125,770,73
1639,3522,29126,5216,29126,770,73
1639,3522,29127,5216,29127,770,73
1639,3522,29128,5216,29128,770,73
1639,3522,29129,5216,29129,770,73
1639,3522,29130,5216,29130,770,73
1639,3522,29131,5216,29131,770,73
1639,3522,29132,5216,29132,770,73
1639,3522,29133,5216,29133,770,73
1639,3522,29134,5216,29134,770,73
1640,3522,29135,5216,29135,770,73
1640,3522,29136,5216,29136,770,73
1640,3522,29137,5216,29137,770,73
1640,3522,29138,5216,29138,770,73
1640,3522,29139,5216,29139,770,73
1640,3522,29140,5216,29140,770,73
1640,3522,29141,5216,29141,770,73
1640,3522,29142,5216,29142,770,73
1640,3522,29143,5216,29143,770,73
1640,3522,29144,5216,29144,770,73
1640,3522,29145,5216,29145,770,73
1640,3522,29146,5216,29146,770,73
1640,3522,29147,5216,29147,770,73
1640,3522,29148,5216,29148,770,73
1640,3522,29149,5216,29149,770,73
1640,3522,29150,5216,29150,770,73
1640,3522,29151,5216,29151,770,73
1640,3522,29152,5216,29152,770,73
1640,3522,29153,5216,29153,770,73
1640,3522,29154,5216,29154,770,73
1640,3522,29155,5216,29155,770,73
1640,3522,29156,5216,29156,770,73
1640,3522,29157,5216,29157,770,73
1640,3522,29158,5216,29158,770,73
1640,3522,29159,5216,29159,770,73
1640,3522,29160,5216,29160,770,73
1640,3522,29161,5216,29161,770,73
1640,3522,29162,5216,29162,770,73
1640,3522,29163,5216,29163,770,73
1640,3522,29164,5216,29164,770,73
1640,3522,29165,5216,29165,770,73
1640,3522,29166,5216,29166,770,73
1640,3522,29167,5216,29167,770,73
1640,3522,29168,5216,29168,770,73
1640,3522,29169,5216,29169,770,73
1640,3522,29170,5216,29170,770,73
1640,3522,29171,5216,29171,770,73
1640,3522,29172,5216,29172,770,73
1640,3522,29173,5216,29173,770,73
1640,3522,29174,5216,29174,770,73
1640,3522,29175,5216,29175,770,73
1640,3522,29176,5216,29176,770,73
1640,3522,29177,5216,29177,770,73
1640,3522,29178,5216,29178,770,73
1640,3522,29179,5216,29179,770,73
1640,3522,29180,5216,29180,770,73
1639,3522,29181,5216,29181,770,73
1639,3522,29182,5216,29182,770,73
1639,3522,29183,5216,29183,770,73
1639,3522,29184,5216,29184,770,73
1638,3522,29185,5216,29185,770,73
1638,3522,29186,5216,29186,770,73
1638,3522,29187,5216,29187,770,73
1638,3522,29188,5216,29188,770,73
1638,3522,29189,5216,29189,770,73
1638,3522,29190,5216,29190,770,73
1638,3522,29191,5216,29191,770,73
1638,3522,29192,5216,29192,770,73
1638,3522,29193,5216,29193,770,73
1638,3522,29194,5216,29194,770,73
1638,3522,29195,5216,29195,770,73
1638,3522,29196,5216,29196,770,73
1638,3522,29197,5216,29197,770,73
1638,3522,29198,5216,29198,770,73
1639,3522,29199,5216,29199,770,73
1639,3522,29200,5216,29200,770,73
1639,3522,29201,5216,29201,770,73
1639,3522,29202,5216,29202,770,73
1639,3522,29203,5216,29203,770,73
1638,3522,29204,5216,29204,770,73
1637,3522,29205,5216,29205,770,73
1637,3522,29206,5216,29206,770,73
1637,3522,29207,5216,29207,770,73
1637,3522,29208,5216,29208,770,73
1637,3522,29209,5216,29209,770,73
1637,3522,29210,5216,29210,770,73
1637,3522,29211,5216,29211,770,73
1637,3522,29212,5216,29212,770,73
1637,3522,29213,5216,29213,770,73
1637,3522,29214,5216,29214,770,73
1637,3522,29215,5216,29215,770,73
1637,3522,29216,5216,29216,770,73
1637,3522,29217,5216,29217,770,73
1637,3522,29218,5216,29218,770,73
1637,3522,29219,5216,29219,770,73
1637,3522,29220,5216,29220,770,73
1637,3522,29221,5216,29221,770,73
1637,3522,29222,5216,29222,770,73
1637,3522,29223,5216,29223,770,73
1637,3522,29224,5216,29224,770,73
1637,3522,29225,5216,29225,770,73
1637,3522,29226,5216,29226,770,73
1638,3522,29227,5216,29227,770,73
1638,3522,29228,5216,29228,770,73
1638,3522,29229,5216,29229,770,73
1638,3522,29230,5216,29230,770,73
1638,3522,29231,5216,29231,770,73
1638,3522,29232,5216,29232,770,73
1638,3522,29233,5216,29233,770,73
1638,3522,29234,5216,29234,770,73
1638,3522,29235,5216,29235,770,73
1638,3522,29236,5216,29236,770,73
1638,3522,29237,5216,29237,770,73
1638,3522,29238,5216,29238,770,73
1638,3522,29239,5216,29239,770,73
1638,3522,29240,5216,29240,770,73
1638,3522,29241,5216,29241,770,73
1638,3522,29242,5216,29242,770,73
1638,3522,29243,5216,29243,770,73
1638,3522,29244,5216,29244,770,73
1638,3522,29245,5216,29245,770,73
1638,3522,29246,5216,29246,770,73
1638,3522,29247,5216,29247,770,73
1638,3522,29248,5216,29248,770,73
1638,3522,29249,5216,29249,770,73
1638,3522,29250,5216,29250,770,73
1638,3522,29251,5216,29251,770,73
1638,3522,29252,5216,29252,770,73
1638,3522,29253,5216,29253,770,73
1638,3522,29254,5216,29254,770,73
1638,3522,29255,5216,29255,770,73
1638,3522,29256,5216,29256,770,73
1638,3522,29257,5216,29257,770,73
1638,3522,29258,5216,29258,770,73
1638,3522,29259,5216,29259,770,73
1638,3522,29260,5216,29260,770,73
1638,3522,29261,5216,29261,770,73
1638,3522,29262,5216,29262,770,73
1638,3522,29263,5216,29263,770,73
1638,3522,29264,5216,29264,770,73
1638,3522,29265,5216,29265,770,73
1638,3522,29266,5216,29266,770,73
1638,3522,29267,5216,29267,770,73
1638,3522,29268,5216,29268,770,73
1638,3522,29269,5216,29269,770,73
1638,3522,29270,5216,29270,770,73
1638,3522,29271,5216,29271,770,73
1638,3522,29272,5216,29272,770,73
1638,3522,29273,5216,29273,770,73
1638,3522,29274,5216,29274,770,73
1638,3522,29275,5216,29275,770,73
1639,3522,29276,5216,29276,770,73
1639,3522,29277,5216,29277,770,73
1639,3522,29278,5216,29278,770,73
1639,3522,29279,5216,29279,770,73
1639,3522,29280,5216,29280,770,73
1639,3522,29281,5216,29281,770,73
1639,3522,29282,5216,29282,770,73
1639,3522,29283,5216,29283,770,73
1639,3522,29284,5216,29284,770,73
1639,3522,29285,5216,29285,770,73
1639,3522,29286,5216,29286,770,73
1639,3522,29287,5216,29287,770,73
1639,3522,29288,5216,29288,770,73
1639,3522,29289,5216,29289,770,73
1639,3522,29290,5216,29290,770,73
1639,3522,29291,5216,29291,770,73
1638,3522,29292,5216,29292,770,73
1638,3522,29293,5216,29293,770,73
1638,3522,29294,5216,29294,770,73
1638,3522,29295,5216,29295,770,73
1638,3522,29296,5216,29296,770,73
1638,3522,29297,5216,29297,770,73
1638,3522,29298,5216,29298,770,73
1638,3522,29299,5216,29299,770,73
1638,3522,29300,5216,29300,770,73
1638,3522,29301,5216,29301,770,73
1638,3522,29302,5216,29302,770,73
1638,3522,29303,5216,29303,770,73
1638,3522,29304,5216,29304,770,73
1638,3522,29305,5216,29305,770,73
1638,3522,29306,5216,29306,770,73
1638,3522,29307,5216,29307,770,73
1638,3522,29308,5216,29308,770,73
1638,3522,29309,5216,29309,770,73
1638,3522,29310,5216,29310,770,73
1638,3522,29311,5216,29311,770,73
1639,3522,29312,5216,29312,770,73
1639,3522,29313,5216,29313,770,73
1638,3522,29314,5216,29314,770,73
1638,3522,29315,5216,29315,770,73
1638,3522,29316,5216,29316,770,73
1638,3522,29317,5216,29317,770,73
1638,3522,29318,5216,29318,770,73
1638,3522,29319,5216,29319,770,73
1639,3522,29320,5216,29320,770,73
1639,3522,29321,5216,29321,770,73
1639,3522,29322,5216,29322,770,73
1639,3522,29323,5216,29323,770,73
1640,3522,29324,5216,29324,770,73
1640,3522,29325,5216,29325,770,73
1640,3522,29326,5216,29326,770,73
1640,3522,29327,5216,29327,770,73
1640,3522,29328,5216,29328,770,73
1640,3522,29329,5216,29329,770,73
1640,3522,29330,5216,29330,770,73
1640,3522,29331,5216,29331,770,73
1640,3522,29332,5216,29332,770,73
1640,3522,29333,5216,29333,770,73
1640,3522,29334,5216,29334,770,73
1640,3522,29335,5216,29335,770,73
1640,3522,29336,5216,29336,770,73
1640,3522,29337,5216,29337,770,73
1640,3522,29338,5216,29338,770,73
1640,3522,29339,5216,29339,770,73
1640,3522,29340,5216,29340,770,73
1640,3522,29341,5216,29341,770,73
1640,3522,29342,5216,29342,770,73
1640,3522,29343,5216,29343,770,73
1640,3522,29344,5216,29344,770,73
1640,3522,29345,5216,29345,770,73
1640,3522,29346,5216,29346,770,73
1640,3522,29347,5216,29347,770,73
1640,3522,29348,5216,29348,770,73
1640,3522,29349,5216,29349,770,73
1640,3522,29350,5216,29350,770,73
1640,3522,29351,5216,29351,770,73
1640,3522,29352,5216,29352,770,73
1640,3522,29353,5216,29353,770,73
1640,3522,29354,5216,29354,770,73
1640,3522,29355,5216,29355,770,73
1640,3522,29356,5216,29356,770,73
1640,3522,29357,5216,29357,770,73
1640,3522,29358,5216,29358,770,73
1640,3522,29359,5216,29359,770,73
1640,3522,29360,5216,29360,770,73
1640,3522,29361,5216,29361,770,73
1640,3522,29362,5216,29362,770,73
1640,3522,29363,5216,29363,770,73
1640,3522,29364,5216,29364,770,73
1640,3522,29365,5216,29365,770,73
1640,3522,29366,5216,29366,770,73
1640,3522,29367,5216,29367,770,73
1640,3522,29368,5216,29368,770,73
1640,3522,29369,5216,29369,770,73
1640,3522,29370,5216,29370,770,73
1641,3522,29371,5216,29371,770,73
1641,3522,29372,5216,29372,770,73
1641,3522,29373,5216,29373,770,73
1641,3522,29374,5216,29374,770,73
1641,3522,29375,5216,29375,770,73
1641,3522,29376,5216,29376,770,73
1641,3522,29377,5216,29377,770,73
1641,3522,29378,5216,29378,770,73
1641,3522,29379,5216,29379,770,73
1641,3522,29380,5216,29380,770,73
1641,3522,29381,5216,29381,770,73
1641,3522,29382,5216,29382,770,73
1641,3522,29383,5216,29383,770,73
1641,3522,29384,5216,29384,770,73
1641,3522,29385,5216,29385,770,73
1641,3522,29386,5216,29386,770,73
1641,3522,29387,5216,29387,770,73
1641,3522,29388,5216,29388,770,73
1641,3522,29389,5216,29389,770,73
1641,3522,29390,5216,29390,770,73
1641,3522,29391,5216,29391,770,73
1641,3522,29392,5216,29392,770,73
1641,3522,29393,5216,29393,770,73
1641,3522,29394,5216,29394,770,73
1641,3522,29395,5216,29395,770,73
1641,3522,29396,5216,29396,770,73
1641,3522,29397,5216,29397,770,73
1641,3522,29398,5216,29398,770,73
1641,3522,29399,5216,29399,770,73
1641,3522,29400,5216,29400,770,73
1641,3522,29401,5216,29401,770,73
1641,3522,29402,5216,29402,770,73
1641,3522,29403,5216,29403,770,73
1641,3522,29404,5216,29404,770,73
1641,3522,29405,5216,29405,770,73
1641,3522,29406,5216,29406,770,73
1641,3522,29407,5216,29407,770,73
1641,3522,29408,5216,29408,770,73
1641,3522,29409,5216,29409,770,73
1641,3522,29410,5216,29410,770,73
1642,3522,29411,5216,29411,770,73
1642,3522,29412,5216,29412,770,73
1642,3522,29413,5216,29413,770,73
1642,3522,29414,5216,29414,770,73
1642,3522,29415,5216,29415,770,73
1642,3522,29416,5216,29416,770,73
1642,3522,29417,5216,29417,770,73
1642,3522,29418,5216,29418,770,73
1642,3522,29419,5216,29419,770,73
1642,3522,29420,5216,29420,770,73
1642,3522,29421,5216,29421,770,73
1642,3522,29422,5216,29422,770,73
1642,3522,29423,5216,29423,770,73
1642,3522,29424,5216,29424,770,73
1642,3522,29425,5216,29425,770,73
1642,3522,29426,5216,29426,770,73
1642,3522,29427,5216,29427,770,73
1642,3522,29428,5216,29428,770,73
1642,3522,29429,5216,29429,770,73
1642,3522,29430,5216,29430,770,73
1642,3522,29431,5216,29431,770,73
1642,3522,29432,5216,29432,770,73
1642,3522,29433,5216,29433,770,73
1642,3522,29434,5216,29434,770,73
1642,3522,29435,5216,29435,770,73
1642,3522,29436,5216,29436,770,73
1642,3522,29437,5216,29437,770,73
1642,3522,29438,5216,29438,770,73
1642,3522,29439,5216,29439,770,73
1642,3522,29440,5216,29440,770,73
1642,3522,29441,5216,29441,770,73
1642,3522,29442,5216,29442,770,73
1642,3522,29443,5216,29443,770,73
1642,3522,29444,5216,29444,770,73
1642,3522,29445,5216,29445,770,73
1642,3522,29446,5216,29446,770,73
1642,3522,29447,5216,29447,770,73
1642,3522,29448,5216,29448,770,73
1642,3522,29449,5216,29449,770,73
1642,3522,29450,5216,29450,770,73
1642,3522,29451,5216,29451,770,73
1642,3522,29452,5216,29452,770,73
1642,3522,29453,5216,29453,770,73
1642,3522,29454,5216,29454,770,73
1642,3522,29455,5216,29455,770,73
1642,3522,29456,5216,29456,770,73
1642,3522,29457,5216,29457,770,73
1642,3522,29458,5216,29458,770,73
1642,3522,29459,5216,29459,770,73
1642,3522,29460,5216,29460,770,73
1642,3522,29461,5216,29461,770,73
1642,3522,29462,5216,29462,770,73
1642,3522,29463,5216,29463,770,73
1642,3522,29464,5216,29464,770,73
1642,3522,29465,5216,29465,770,73
1642,3522,29466,5216,29466,770,73
1642,3522,29467,5216,29467,770,73
1642,3522,29468,5216,29468,770,73
1642,3522,29469,5216,29469,770,73
1642,3522,29470,5216,29470,770,73
1642,3522,29471,5216,29471,770,73
1642,3522,29472,5216,29472,770,73
1642,3522,29473,5216,29473,770,73
1642,3522,29474,5216,29474,770,73
1642,3522,29475,5216,29475,770,73
1642,3522,29476,5216,29476,770,73
1642,3522,29477,5216,29477,770,73
1642,3522,29478,5216,29478,770,73
1641,3522,29479,5216,29479,770,73
1641,3522,29480,5216,29480,770,73
1641,3522,29481,5216,29481,770,73
1641,3522,29482,5216,29482,770,73
1641,3522,29483,5216,29483,770,73
1641,3522,29484,5216,29484,770,73
1641,3522,29485,5216,29485,770,73
1641,3522,29486,5216,29486,770,73
1641,3522,29487,5216,29487,770,73
1641,3522,29488,5216,29488,770,73
1641,3522,29489,5216,29489,770,73
1641,3522,29490,5216,29490,770,73
1641,3522,29491,5216,29491,770,73
1641,3522,29492,5216,29492,770,73
1641,3522,29493,5216,29493,770,73
1641,3522,29494,5216,29494,770,73
1641,3522,29495,5216,29495,770,73
1641,3522,29496,5216,29496,770,73
1641,3522,29497,5216,29497,770,73
1641,3522,29498,5216,29498,770,73
1641,3522,29499,5216,29499,770,73
1641,3522,29500,5216,29500,770,73
1641,3522,29501,5216,29501,770,73
1641,3522,29502,5216,29502,770,73
1641,3522,29503,5216,29503,770,73
1641,3522,29504,5216,29504,770,73
1641,3522,29505,5216,29505,770,73
1641,3522,29506,5216,29506,770,73
1641,3522,29507,5216,29507,770,73
1641,3522,29508,5216,29508,770,73
1641,3522,29509,5216,29509,770,73
1641,3522,29510,5216,29510,770,73
1641,3522,29511,5216,29511,770,73
1641,3522,29512,5216,29512,770,73
1641,3522,29513,5216,29513,770,73
1641,3522,29514,5216,29514,770,73
1641,3522,29515,5216,29515,770,73
1641,3522,29516,5216,29516,770,73
1641,3522,29517,5216,29517,770,73
1641,3522,29518,5216,29518,770,73
1641,3522,29519,5216,29519,770,73
1641,3522,29520,5216,29520,770,73
1641,3522,29521,5216,29521,770,73
1641,3522,29522,5216,29522,770,73
1641,3522,29523,5216,29523,770,73
1641,3522,29524,5216,29524,770,73
1640,3522,29525,5216,29525,770,73
1640,3522,29526,5216,29526,770,73
1640,3522,29527,5216,29527,770,73
1640,3522,29528,5216,29528,770,73
1641,3522,29529,5216,29529,770,73
1641,3522,29530,5216,29530,770,73
1641,3522,29531,5216,29531,770,73
1641,3522,29532,5216,29532,770,73
1641,3522,29533,5216,29533,770,73
1641,3522,29534,5216,29534,770,73
1641,3522,29535,5216,29535,770,73
1641,3522,29536,5216,29536,770,73
1641,3522,29537,5216,29537,770,73
1641,3522,29538,5216,29538,770,73
1641,3522,29539,5216,29539,770,73
1641,3522,29540,5216,29540,770,73
1642,3522,29541,5216,29541,770,73
1642,3522,29542,5216,29542,770,73
1642,3522,29543,5216,29543,770,73
1642,3522,29544,5216,29544,770,73
1641,3522,29545,5216,29545,770,73
1641,3522,29546,5216,29546,770,73
1641,3522,29547,5216,29547,770,73
1641,3522,29548,5216,29548,770,73
1641,3522,29549,5216,29549,770,73
1641,3522,29550,5216,29550,770,73
1641,3522,29551,5216,29551,770,73
1641,3522,29552,5216,29552,770,73
1641,3522,29553,5216,29553,770,73
1641,3522,29554,5216,29554,770,73
1641,3522,29555,5216,29555,770,73
1641,3522,29556,5216,29556,770,73
1641,3522,29557,5216,29557,770,73
1641,3522,29558,5216,29558,770,73
1641,3522,29559,5216,29559,770,73
1641,3522,29560,5216,29560,770,73
1641,3522,29561,5216,29561,770,73
1641,3522,29562,5216,29562,770,73
1641,3522,29563,5216,29563,770,73
1641,3522,29564,5216,29564,770,73
1641,3522,29565,5216,29565,770,73
1641,3522,29566,5216,29566,770,73
1641,3522,29567,5216,29567,770,73
1641,3522,29568,5216,29568,770,73
1641,3522,29569,5216,29569,770,73
1641,3522,29570,5216,29570,770,73
1641,3522,29571,5216,29571,770,73
1641,3522,29572,5216,29572,770,73
1641,3522,29573,5216,29573,770,73
1641,3522,29574,5216,29574,770,73
1641,3522,29575,5216,29575,770,73
1641,3522,29576,5216,29576,770,73
1641,3522,29577,5216,29577,770,73
1641,3522,29578,5216,29578,770,73
1641,3522,29579,5216,29579,770,73
1641,3522,29580,5216,29580,770,73
1641,3522,29581,5216,29581,770,73
1641,3522,29582,5216,29582,770,73
1641,3522,29583,5216,29583,770,73
1641,3522,29584,5216,29584,770,73
1641,3522,29585,5216,29585,770,73
1641,3522,29586,5216,29586,770,73
1641,3522,29587,5216,29587,770,73
1641,3522,29588,5216,29588,770,73
1641,3522,29589,5216,29589,770,73
1641,3522,29590,5216,29590,770,73
1641,3522,29591,5216,29591,770,73
1641,3522,29592,5216,29592,770,73
1641,3522,29593,5216,29593,770,73
1642,3522,29594,5216,29594,770,73
1641,3522,29595,5216,29595,770,73
1641,3522,29596,5216,29596,770,73
1641,3522,29597,5216,29597,770,73
1641,3522,29598,5216,29598,770,73
1641,3522,29599,5216,29599,770,73
1641,3522,29600,5216,29600,770,73
1641,3522,29601,5216,29601,770,73
1641,3522,29602,5216,29602,770,73
1641,3522,29603,5216,29603,770,73
1641,3522,29604,5216,29604,770,73
1641,3522,29605,5216,29605,770,73
1641,3522,29606,5216,29606,770,73
1641,3522,29607,5216,29607,770,73
1641,3522,29608,5216,29608,770,73
1641,3522,29609,5216,29609,770,73
1641,3522,29610,5216,29610,770,73
1641,3522,29611,5216,29611,770,73
1641,3522,29612,5216,29612,770,73
1641,3522,29613,5216,29613,770,73
1641,3522,29614,5216,29614,770,73
1641,3522,29615,5216,29615,770,73
1641,3522,29616,5216,29616,770,73
1641,3522,29617,5216,29617,770,73
1641,3522,29618,5216,29618,770,73
1641,3522,29619,5216,29619,770,73
1641,3522,29620,5216,29620,770,73
1641,3522,29621,5216,29621,770,73
1641,3522,29622,5216,29622,770,73
1641,3522,29623,5216,29623,770,73
1642,3522,29624,5216,29624,770,73
1642,3522,29625,5216,29625,770,73
1642,3522,29626,5216,29626,770,73
1642,3522,29627,5216,29627,770,73
1642,3522,29628,5216,29628,770,73
1642,3522,29629,5216,29629,770,73
1642,3522,29630,5216,29630,770,73
1642,3522,29631,5216,29631,770,73
1642,3522,29632,5216,29632,770,73
1642,3522,29633,5216,29633,770,73
1642,3522,29634,5216,29634,770,73
1642,3522,29635,5216,29635,770,73
1642,3522,29636,5216,29636,770,73
1642,3522,29637,5216,29637,770,73
1642,3522,29638,5216,29638,770,73
1642,3522,29639,5216,29639,770,73
1642,3522,29640,5216,29640,770,73
1642,3522,29641,5216,29641,770,73
1642,3522,29642,5216,29642,770,73
1642,3522,29643,5216,29643,770,73
1641,3522,29644,5216,29644,770,73
1641,3522,29645,5216,29645,770,73
1641,3522,29646,5216,29646,770,73
1641,3522,29647,5216,29647,770,73
1641,3522,29648,5216,29648,770,73
1641,3522,29649,5216,29649,770,73
1641,3522,29650,5216,29650,770,73
1641,3522,29651,5216,29651,770,73
1641,3522,29652,5216,29652,770,73
1641,3522,29653,5216,29653,770,73
1641,3522,29654,5216,29654,770,73
1641,3522,29655,5216,29655,770,73
1641,3522,29656,5216,29656,770,73
1641,3522,29657,5216,29657,770,73
1642,3522,29658,5216,29658,770,73
1642,3522,29659,5216,29659,770,73
1642,3522,29660,5216,29660,770,73
1642,3522,29661,5216,29661,770,73
1642,3522,29662,5216,29662,770,73
1642,3522,29663,5216,29663,770,73
1642,3522,29664,5216,29664,770,73
1642,3522,29665,5216,29665,770,73
1642,3522,29666,5216,29666,770,73
1642,3522,29667,5216,29667,770,73
1642,3522,29668,5216,29668,770,73
1642,3522,29669,5216,29669,770,73
1642,3522,29670,5216,29670,770,73
1642,3522,29671,5216,29671,770,73
1642,3522,29672,5216,29672,770,73
1642,3522,29673,5216,29673,770,73
1642,3522,29674,5216,29674,770,73
1642,3522,29675,5216,29675,770,73
1642,3522,29676,5216,29676,770,73
1642,3522,29677,5216,29677,770,73
1642,3522,29678,5216,29678,770,73
1642,3522,29679,5216,29679,770,73
1642,3522,29680,5216,29680,770,73
1642,3522,29681,5216,29681,770,73
1642,3522,29682,5216,29682,770,73
1642,3522,29683,5216,29683,770,73
1642,3522,29684,5216,29684,770,73
1642,3522,29685,5216,29685,770,73
1642,3522,29686,5216,29686,770,73
1642,3522,29687,5216,29687,770,73
1642,3522,29688,5216,29688,770,73
1642,3522,29689,5216,29689,770,73
1642,3522,29690,5216,29690,770,73
1642,3522,29691,5216,29691,770,73
1642,3522,29692,5216,29692,770,73
1642,3522,29693,5216,29693,770,73
1642,3522,29694,5216,29694,770,73
1642,3522,29695,5216,29695,770,73
1642,3522,29696,5216,29696,770,73
1642,3522,29697,5216,29697,770,73
1641,3522,29698,5216,29698,770,73
1640,3522,29699,5216,29699,770,73
1640,3522,29700,5216,29700,770,73
1640,3522,29701,5216,29701,770,73
1640,3522,29702,5216,29702,770,73
1640,3522,29703,5216,29703,770,73
1640,3522,29704,5216,29704,770,73
1640,3522,29705,5216,29705,770,73
1640,3522,29706,5216,29706,770,73
1640,3522,29707,5216,29707,770,73
1640,3522,29708,5216,29708,770,73
1640,3522,29709,5216,29709,770,73
1640,3522,29710,5216,29710,770,73
1640,3522,29711,5216,29711,770,73
1640,3522,29712,5216,29712,770,73
1640,3522,29713,5216,29713,770,73
1640,3522,29714,5216,29714,770,73
1640,3522,29715,5216,29715,770,73
1641,3522,29716,5216,29716,770,73
1641,3522,29717,5216,29717,770,73
1640,3522,29718,5216,29718,770,73
1640,3522,29719,5216,29719,770,73
1640,3522,29720,5216,29720,770,73
1640,3522,29721,5216,29721,770,73
1640,3522,29722,5216,29722,770,73
1640,3522,29723,5216,29723,770,73
1640,3522,29724,5216,29724,770,73
1640,3522,29725,5216,29725,770,73
1640,3522,29726,5216,29726,770,73
1640,3522,29727,5216,29727,770,73
1640,3522,29728,5216,29728,770,73
1640,3522,29729,5216,29729,770,73
1640,3522,29730,5216,29730,770,73
1640,3522,29731,5216,29731,770,73
1640,3522,29732,5216,29732,770,73
1640,3522,29733,5216,29733,770,73
1640,3522,29734,5216,29734,770,73
1640,3522,29735,5216,29735,770,73
1640,3522,29736,5216,29736,770,73
1640,3522,29737,5216,29737,770,73
1640,3522,29738,5216,29738,770,73
1640,3522,29739,5216,29739,770,73
1640,3522,29740,5216,29740,770,73
1640,3522,29741,5216,29741,770,73
1640,3522,29742,5216,29742,770,73
1640,3522,29743,5216,29743,770,73
1640,3522,29744,5216,29744,770,73
1639,3522,29745,5216,29745,770,73
1639,3522,29746,5216,29746,770,73
1639,3522,29747,5216,29747,770,73
1639,3522,29748,5216,29748,770,73
1639,3522,29749,5216,29749,770,73
1639,3522,29750,5216,29750,770,73
1639,3522,29751,5216,29751,770,73
1639,3522,29752,5216,29752,770,73
1639,3522,29753,5216,29753,770,73
1639,3522,29754,5216,29754,770,73
1639,3522,29755,5216,29755,770,73
1639,3522,29756,5216,29756,770,73
1639,3522,29757,5216,29757,770,73
1639,3522,29758,5216,29758,770,73
1639,3522,29759,5216,29759,770,73
1639,3522,29760,5216,29760,770,73
1639,3522,29761,5216,29761,770,73
1639,3522,29762,5216,29762,770,73
1639,3522,29763,5216,29763,770,73
1638,3522,29764,5216,29764,770,73
1638,3522,29765,5216,29765,770,73
1638,3522,29766,5216,29766,770,73
1638,3522,29767,5216,29767,770,73
1638,3522,29768,5216,29768,770,73
1638,3522,29769,5216,29769,770,73
1637,3522,29770,5216,29770,770,73
1637,3522,29771,5216,29771,770,73
1636,3522,29772,5216,29772,770,73
1636,3522,29773,5216,29773,770,73
1636,3522,29774,5216,29774,770,73
1636,3522,29775,5216,29775,770,73
1636,3522,29776,5216,29776,770,73
1636,3522,29777,5216,29777,770,73
1636,3522,29778,5216,29778,770,73
1636,3522,29779,5216,29779,770,73
1636,3522,29780,5216,29780,770,73
1636,3522,29781,5216,29781,770,73
1636,3522,29782,5216,29782,770,73
1636,3522,29783,5216,29783,770,73
1636,3522,29784,5216,29784,770,73
1636,3522,29785,5216,29785,770,73
1636,3522,29786,5216,29786,770,73
1636,3522,29787,5216,29787,770,73
1636,3522,29788,5216,29788,770,73
1636,3522,29789,5216,29789,770,73
1636,3522,29790,5216,29790,770,73
1636,3522,29791,5216,29791,770,73
1636,3522,29792,5216,29792,770,73
1636,3522,29793,5216,29793,770,73
1636,3522,29794,5216,29794,770,73
1636,3522,29795,5216,29795,770,73
1636,3522,29796,5216,29796,770,73
1636,3522,29797,5216,29797,770,73
1635,3522,29798,5216,29798,770,73
1635,3522,29799,5216,29799,770,73
1635,3522,29800,5216,29800,770,73
1635,3522,29801,5216,29801,770,73
1635,3522,29802,5216,29802,770,73
1635,3522,29803,5216,29803,770,73
1635,3522,29804,5216,29804,770,73
1635,3522,29805,5216,29805,770,73
1635,3522,29806,5216,29806,770,73
1635,3522,29807,5216,29807,770,73
1635,3522,29808,5216,29808,770,73
1635,3522,29809,5216,29809,770,73
1635,3522,29810,5216,29810,770,73
1635,3522,29811,5216,29811,770,73
1635,3522,29812,5216,29812,770,73
1635,3522,29813,5216,29813,770,73
1635,3522,29814,5216,29814,770,73
1635,3522,29815,5216,29815,770,73
1635,3522,29816,5216,29816,770,73
1634,3522,29817,5216,29817,770,73
1634,3522,29818,5216,29818,770,73
1634,3522,29819,5216,29819,770,73
1634,3522,29820,5216,29820,770,73
1634,3522,29821,5216,29821,770,73
1634,3522,29822,5216,29822,770,73
1634,3522,29823,5216,29823,770,73
1634,3522,29824,5216,29824,770,73
1634,3522,29825,5216,29825,770,73
1634,3522,29826,5216,29826,770,73
1634,3522,29827,5216,29827,770,73
1634,3522,29828,5216,29828,770,73
1634,3522,29829,5216,29829,770,73
1634,3522,29830,5216,29830,770,73
1634,3522,29831,5216,29831,770,73
1634,3522,29832,5216,29832,770,73
1634,3522,29833,5216,29833,770,73
1634,3522,29834,5216,29834,770,73
1634,3522,29835,5216,29835,770,73
1634,3522,29836,5216,29836,770,73
1634,3522,29837,5216,29837,770,73
1635,3522,29838,5216,29838,770,73
1635,3522,29839,5216,29839,770,73
1635,3522,29840,5216,29840,770,73
1635,3522,29841,5216,29841,770,73
1635,3522,29842,5216,29842,770,73
1635,3522,29843,5216,29843,770,73
1635,3522,29844,5216,29844,770,73
1634,3522,29845,5216,29845,770,73
1634,3522,29846,5216,29846,770,73
1634,3522,29847,5216,29847,770,73
1634,3522,29848,5216,29848,770,73
1634,3522,29849,5216,29849,770,73
1634,3522,29850,5216,29850,770,73
1634,3522,29851,5216,29851,770,73
1634,3522,29852,5216,29852,770,73
1634,3522,29853,5216,29853,770,73
1634,3522,29854,5216,29854,770,73
1634,3522,29855,5216,29855,770,73
1634,3522,29856,5216,29856,770,73
1634,3522,29857,5216,29857,770,73
1634,3522,29858,5216,29858,770,73
1634,3522,29859,5216,29859,770,73
1634,3522,29860,5216,29860,770,73
1634,3522,29861,5216,29861,770,73
1634,3522,29862,5216,29862,770,73
1634,3522,29863,5216,29863,770,73
1634,3522,29864,5216,29864,770,73
1634,3522,29865,5216,29865,770,73
1634,3522,29866,5216,29866,770,73
1634,3522,29867,5216,29867,770,73
1634,3522,29868,5216,29868,770,73
1635,3522,29869,5216,29869,770,73
1635,3522,29870,5216,29870,770,73
1635,3522,29871,5216,29871,770,73
1635,3522,29872,5216,29872,770,73
1634,3522,29873,5216,29873,770,73
1634,3522,29874,5216,29874,770,73
1634,3522,29875,5216,29875,770,73
1634,3522,29876,5216,29876,770,73
1634,3522,29877,5216,29877,770,73
1633,3522,29878,5216,29878,770,73
1633,3522,29879,5216,29879,770,73
1633,3522,29880,5216,29880,770,73
1633,3522,29881,5216,29881,770,73
1633,3522,29882,5216,29882,770,73
1633,3522,29883,5216,29883,770,73
1633,3522,29884,5216,29884,770,73
1633,3522,29885,5216,29885,770,73
1633,3522,29886,5216,29886,770,73
1633,3522,29887,5216,29887,770,73
1633,3522,29888,5216,29888,770,73
1633,3522,29889,5216,29889,770,73
1633,3522,29890,5216,29890,770,73
1633,3522,29891,5216,29891,770,73
1633,3522,29892,5216,29892,770,73
1633,3522,29893,5216,29893,770,73
1633,3522,29894,5216,29894,770,73
1633,3522,29895,5216,29895,770,73
1633,3522,29896,5216,29896,770,73
1633,3522,29897,5216,29897,770,73
1633,3522,29898,5216,29898,770,73
1633,3522,29899,5216,29899,770,73
1633,3522,29900,5216,29900,770,73
1633,3522,29901,5216,29901,770,73
1633,3522,29902,5216,29902,770,73
1633,3522,29903,5216,29903,770,73
1633,3522,29904,5216,29904,770,73
1633,3522,29905,5216,29905,770,73
1633,3522,29906,5216,29906,770,73
1633,3522,29907,5216,29907,770,73
1633,3522,29908,5216,29908,770,73
1633,3522,29909,5216,29909,770,73
1633,3522,29910,5216,29910,770,73
1633,3522,29911,5216,29911,770,73
1633,3522,29912,5216,29912,770,73
1633,3522,29913,5216,29913,770,73
1633,3522,29914,5216,29914,770,73
1633,3522,29915,5216,29915,770,73
1633,3522,29916,5216,29916,770,73
1633,3522,29917,5216,29917,770,73
1633,3522,29918,5216,29918,770,73
1633,3522,29919,5216,29919,770,73
1633,3522,29920,5216,29920,770,73
1633,3522,29921,5216,29921,770,73
1633,3522,29922,5216,29922,770,73
1633,3522,29923,5216,29923,770,73
1633,3522,29924,5216,29924,770,73
1633,3522,29925,5216,29925,770,73
1633,3522,29926,5216,29926,770,73
1633,3522,29927,5216,29927,770,73
1633,3522,29928,5216,29928,770,73
1633,3522,29929,5216,29929,770,73
1633,3522,29930,5216,29930,770,73
1633,3522,29931,5216,29931,770,73
1633,3522,29932,5216,29932,770,73
1633,3522,29933,5216,29933,770,73
1633,3522,29934,5216,29934,770,73
1633,3522,29935,5216,29935,770,73
1633,3522,29936,5216,29936,770,73
1633,3522,29937,5216,29937,770,73
1633,3522,29938,5216,29938,770,73
1633,3522,29939,5216,29939,770,73
1633,3522,29940,5216,29940,770,73
1633,3522,29941,5216,29941,770,73
1633,3522,29942,5216,29942,770,73
1633,3522,29943,5216,29943,770,73
1633,3522,29944,5216,29944,770,73
1633,3522,29945,5216,29945,770,73
1633,3522,29946,5216,29946,770,73
1633,3522,29947,5216,29947,770,73
1633,3522,29948,5216,29948,770,73
1633,3522,29949,5216,29949,770,73
1633,3522,29950,5216,29950,770,73
1633,3522,29951,5216,29951,770,73
1633,3522,29952,5216,29952,770,73
1633,3522,29953,5216,29953,770,73
1633,3522,29954,5216,29954,770,73
1633,3522,29955,5216,29955,770,73
1633,3522,29956,5216,29956,770,73
1633,3522,29957,5216,29957,770,73
1633,3522,29958,5216,29958,770,73
1633,3522,29959,5216,29959,770,73
1633,3522,29960,5216,29960,770,73
1633,3522,29961,5216,29961,770,73
1633,3522,29962,5216,29962,770,73
1633,3522,29963,5216,29963,770,73
1633,3522,29964,5216,29964,770,73
1633,3522,29965,5216,29965,770,73
1633,3522,29966,5216,29966,770,73
1633,3522,29967,5216,29967,770,73
1633,3522,29968,5216,29968,770,73
1633,3522,29969,5216,29969,770,73
1633,3522,29970,5216,29970,770,73
1633,3522,29971,5216,29971,770,73
1633,3522,29972,5216,29972,770,73
1633,3522,29973,5216,29973,770,73
1633,3522,29974,5216,29974,770,73
1633,3522,29975,5216,29975,770,73
1633,3522,29976,5216,29976,770,73
1633,3522,29977,5216,29977,770,73
1633,3522,29978,5216,29978,770,73
1633,3522,29979,5216,29979,770,73
1633,3522,29980,5216,29980,770,73
1633,3522,29981,5216,29981,770,73
1633,3522,29982,5216,29982,770,73
1633,3522,29983,5216,29983,770,73
1633,3522,29984,5216,29984,770,73
1633,3522,29985,5216,29985,770,73
1633,3522,29986,5216,29986,770,73
1633,3522,29987,5216,29987,770,73
1633,3522,29988,5216,29988,770,73
1633,3522,29989,5216,29989,770,73
1633,3522,29990,5216,29990,770,73
1633,3522,29991,5216,29991,770,73
1633,3522,29992,5216,29992,770,73
1633,3522,29993,5216,29993,770,73
1633,3522,29994,5216,29994,770,73
1633,3522,29995,5216,29995,770,73
1633,3522,29996,5216,29996,770,73
1633,3522,29997,5216,29997,770,73
1634,3522,29998,5216,29998,770,73
1633,3522,29999,5216,29999,770,73
1633,3522,30000,5216,30000,770,73
1633,3522,30001,5216,30001,770,73
1633,3522,30002,5216,30002,770,73
1633,3522,30003,5216,30003,770,73
1633,3522,30004,5216,30004,770,73
1633,3522,30005,5216,30005,770,73
1633,3522,30006,5216,30006,770,73
1633,3522,30007,5216,30007,770,73
1633,3522,30008,5216,30008,770,73
1633,3522,30009,5216,30009,770,73
1633,3522,30010,5216,30010,770,73
1633,3522,30011,5216,30011,770,73
1633,3522,30012,5216,30012,770,73
1633,3522,30013,5216,30013,770,73
1633,3522,30014,5216,30014,770,73
1633,3522,30015,5216,30015,770,73
1633,3522,30016,5216,30016,770,73
1633,3522,30017,5216,30017,770,73
1633,3522,30018,5216,30018,770,73
1633,3522,30019,5216,30019,770,73
1633,3522,30020,5216,30020,770,73
1633,3522,30021,5216,30021,770,73
1633,3522,30022,5216,30022,770,73
1633,3522,30023,5216,30023,770,73
1633,3522,30024,5216,30024,770,73
1633,3522,30025,5216,30025,770,73
1633,3522,30026,5216,30026,770,73
1633,3522,30027,5216,30027,770,73
1633,3522,30028,5216,30028,770,73
1633,3522,30029,5216,30029,770,73
1634,3522,30030,5216,30030,770,73
1634,3522,30031,5216,30031,770,73
1634,3522,30032,5216,30032,770,73
1634,3522,30033,5216,30033,770,73
1634,3522,30034,5216,30034,770,73
1634,3522,30035,5216,30035,770,73
1634,3522,30036,5216,30036,770,73
1634,3522,30037,5216,30037,770,73
1634,3522,30038,5216,30038,770,73
1634,3522,30039,5216,30039,770,73
1634,3522,30040,5216,30040,770,73
1634,3522,30041,5216,30041,770,73
1634,3522,30042,5216,30042,770,73
1634,3522,30043,5216,30043,770,73
1634,3522,30044,5216,30044,770,73
1634,3522,30045,5216,30045,770,73
1635,3522,30046,5216,30046,770,73
1635,3522,30047,5216,30047,770,73
1635,3522,30048,5216,30048,770,73
1635,3522,30049,5216,30049,770,73
1635,3522,30050,5216,30050,770,73
1635,3522,30051,5216,30051,770,73
1636,3522,30052,5216,30052,770,73
1636,3522,30053,5216,30053,770,73
1636,3522,30054,5216,30054,770,73
1636,3522,30055,5216,30055,770,73
1636,3522,30056,5216,30056,770,73
1636,3522,30057,5216,30057,770,73
1636,3522,30058,5216,30058,770,73
1636,3522,30059,5216,30059,770,73
1636,3522,30060,5216,30060,770,73
1636,3522,30061,5216,30061,770,73
1636,3522,30062,5216,30062,770,73
1636,3522,30063,5216,30063,770,73
1636,3522,30064,5216,30064,770,73
1636,3522,30065,5216,30065,770,73
1636,3522,30066,5216,30066,770,73
1636,3522,30067,5216,30067,770,73
1636,3522,30068,5216,30068,770,73
1636,3522,30069,5216,30069,770,73
1636,3522,30070,5216,30070,770,73
1636,3522,30071,5216,30071,770,73
1636,3522,30072,5216,30072,770,73
1636,3522,30073,5216,30073,770,73
1636,3522,30074,5216,30074,770,73
1636,3522,30075,5216,30075,770,73
1636,3522,30076,5216,30076,770,73
1636,3522,30077,5216,30077,770,73
1635,3522,30078,5216,30078,770,73
1635,3522,30079,5216,30079,770,73
1635,3522,30080,5216,30080,770,73
1635,3522,30081,5216,30081,770,73
1635,3522,30082,5216,30082,770,73
1635,3522,30083,5216,30083,770,73
1635,3522,30084,5216,30084,770,73
1635,3522,30085,5216,30085,770,73
1635,3522,30086,5216,30086,770,73
1635,3522,30087,5216,30087,770,73
1635,3522,30088,5216,30088,770,73
1635,3522,30089,5216,30089,770,73
1635,3522,30090,5216,30090,770,73
1635,3522,30091,5216,30091,770,73
1635,3522,30092,5216,30092,770,73
1635,3522,30093,5216,30093,770,73
1635,3522,30094,5216,30094,770,73
1634,3522,30095,5216,30095,770,73
1634,3522,30096,5216,30096,770,73
1634,3522,30097,5216,30097,770,73
1634,3522,30098,5216,30098,770,73
1633,3522,30099,5216,30099,770,73
1633,3522,30100,5216,30100,770,73
1633,3522,30101,5216,30101,770,73
1633,3522,30102,5216,30102,770,73
1633,3522,30103,5216,30103,770,73
1633,3522,30104,5216,30104,770,73
1633,3522,30105,5216,30105,770,73
1633,3522,30106,5216,30106,770,73
1633,3522,30107,5216,30107,770,73
1633,3522,30108,5216,30108,770,73
1633,3522,30109,5216,30109,770,73
1633,3522,30110,5216,30110,770,73
1633,3522,30111,5216,30111,770,73
1633,3522,30112,5216,30112,770,73
1633,3522,30113,5216,30113,770,73
1633,3522,30114,5216,30114,770,73
1633,3522,30115,5216,30115,770,73
1633,3522,30116,5216,30116,770,73
1633,3522,30117,5216,30117,770,73
1633,3522,30118,5216,30118,770,73
1633,3522,30119,5216,30119,770,73
1633,3522,30120,5216,30120,770,73
1633,3522,30121,5216,30121,770,73
1633,3522,30122,5216,30122,770,73
1633,3522,30123,5216,30123,770,73
1633,3522,30124,5216,30124,770,73
1633,3522,30125,5216,30125,770,73
1633,3522,30126,5216,30126,770,73
1633,3522,30127,5216,30127,770,73
1633,3522,30128,5216,30128,770,73
1632,3522,30129,5216,30129,770,72
1632,3522,30130,5216,30130,770,72
1632,3522,30131,5216,30131,770,72
1633,3522,30132,5216,30132,770,72
1633,3522,30133,5216,30133,770,72
1633,3522,30134,5216,30134,770,72
1633,3522,30135,5216,30135,770,72
1634,3522,30136,5216,30136,770,72
1634,3522,30137,5216,30137,770,72
1634,3522,30138,5216,30138,770,72
1634,3522,30139,5216,30139,770,72
1634,3522,30140,5216,30140,770,72
1634,3522,30141,5216,30141,770,72
1634,3522,30142,5216,30142,770,72
1634,3522,30143,5216,30143,770,72
1634,3522,30144,5216,30144,770,72
1634,3522,30145,5216,30145,770,72
1634,3522,30146,5216,30146,770,72
1634,3522,30147,5216,30147,770,72
1634,3522,30148,5216,30148,770,72
1634,3522,30149,5216,30149,770,72
1634,3522,30150,5216,30150,770,72
1634,3522,30151,5216,30151,770,72
1634,3522,30152,5216,30152,770,72
1634,3522,30153,5216,30153,770,72
1634,3522,30154,5216,30154,770,72
1634,3522,30155,5216,30155,770,72
1634,3522,30156,5216,30156,770,72
1634,3522,30157,5216,30157,770,72
1634,3522,30158,5216,30158,770,72
1634,3522,30159,5216,30159,770,72
1634,3522,30160,5216,30160,770,72
1634,3522,30161,5216,30161,770,72
1634,3522,30162,5216,30162,770,72
1634,3522,30163,5216,30163,770,72
1634,3522,30164,5216,30164,770,72
1634,3522,30165,5216,30165,770,72
1634,3522,30166,5216,30166,770,72
1634,3522,30167,5216,30167,770,72
1634,3522,30168,5216,30168,770,72
1634,3522,30169,5216,30169,770,72
1634,3522,30170,5216,30170,770,72
1634,3522,30171,5216,30171,770,72
1634,3522,30172,5216,30172,770,72
1634,3522,30173,5216,30173,770,72
1634,3522,30174,5216,30174,770,72
1634,3522,30175,5216,30175,770,72
1634,3522,30176,5216,30176,770,72
1634,3522,30177,5216,30177,770,72
1634,3522,30178,5216,30178,770,72
1634,3522,30179,5216,30179,770,72
1634,3522,30180,5216,30180,770,72
1634,3522,30181,5216,30181,770,72
1634,3522,30182,5216,30182,770,72
1634,3522,30183,5216,30183,770,72
1634,3522,30184,5216,30184,770,72
1634,3522,30185,5216,30185,770,72
1634,3522,30186,5216,30186,770,72
1634,3522,30187,5216,30187,770,72
1634,3522,30188,5216,30188,770,72
1634,3522,30189,5216,30189,770,72
1634,3522,30190,5216,30190,770,72
1634,3522,30191,5216,30191,770,72
1634,3522,30192,5216,30192,770,72
1633,3522,30193,5216,30193,770,72
1633,3522,30194,5216,30194,770,72
1633,3522,30195,5216,30195,770,72
1633,3522,30196,5216,30196,770,72
1633,3522,30197,5216,30197,770,72
1633,3522,30198,5216,30198,770,72
1633,3522,30199,5216,30199,770,72
1633,3522,30200,5216,30200,770,72
1633,3522,30201,5216,30201,770,72
1633,3522,30202,5216,30202,770,72
1633,3522,30203,5216,30203,770,72
1633,3522,30204,5216,30204,770,72
1633,3522,30205,5216,30205,770,72
1633,3522,30206,5216,30206,770,72
1633,3522,30207,5216,30207,770,72
1633,3522,30208,5216,30208,770,72
1633,3522,30209,5216,30209,770,72
1633,3522,30210,5216,30210,770,72
1633,3522,30211,5216,30211,770,72
1633,3522,30212,5216,30212,770,72
1633,3522,30213,5216,30213,770,72
1633,3522,30214,5216,30214,770,72
1633,3522,30215,5216,30215,770,72
1633,3522,30216,5216,30216,770,72
1633,3522,30217,5216,30217,770,72
1633,3522,30218,5216,30218,770,72
1633,3522,30219,5216,30219,770,72
1633,3522,30220,5216,30220,770,72
1633,3522,30221,5216,30221,770,72
1633,3522,30222,5216,30222,770,72
1633,3522,30223,5216,30223,770,72
1633,3522,30224,5216,30224,770,72
1633,3522,30225,5216,30225,770,72
1633,3522,30226,5216,30226,770,72
1633,3522,30227,5216,30227,770,72
1633,3522,30228,5216,30228,770,72
1633,3522,30229,5216,30229,770,72
1633,3522,30230,5216,30230,770,72
1633,3522,30231,5216,30231,770,72
1633,3522,30232,5216,30232,770,72
1633,3522,30233,5216,30233,770,72
1633,3522,30234,5216,30234,770,72
1633,3522,30235,5216,30235,770,72
1633,3522,30236,5216,30236,770,72
1633,3522,30237,5216,30237,770,72
1633,3522,30238,5216,30238,770,72
1633,3522,30239,5216,30239,770,72
1633,3522,30240,5216,30240,770,72
1633,3522,30241,5216,30241,770,72
1633,3522,30242,5216,30242,770,72
1633,3522,30243,5216,30243,770,72
1633,3522,30244,5216,30244,770,72
1633,3522,30245,5216,30245,770,72
1633,3522,30246,5216,30246,770,72
1633,3522,30247,5216,30247,770,72
1633,3522,30248,5216,30248,770,72
1633,3522,30249,5216,30249,770,72
1633,3522,30250,5216,30250,770,72
1633,3522,30251,5216,30251,770,72
1633,3522,30252,5216,30252,770,72
1634,3522,30253,5216,30253,770,72
1634,3522,30254,5216,30254,770,72
1634,3522,30255,5216,30255,770,72
1634,3522,30256,5216,30256,770,72
1634,3522,30257,5216,30257,770,72
1634,3522,30258,5216,30258,770,72
1634,3522,30259,5216,30259,770,72
1634,3522,30260,5216,30260,770,72
1634,3522,30261,5216,30261,770,72
1634,3522,30262,5216,30262,770,72
1634,3522,30263,5216,30263,770,72
1634,3522,30264,5216,30264,770,72
1634,3522,30265,5216,30265,770,72
1634,3522,30266,5216,30266,770,72
1634,3522,30267,5216,30267,770,72
1634,3522,30268,5216,30268,770,72
1634,3522,30269,5216,30269,770,72
1634,3522,30270,5216,30270,770,72
1634,3522,30271,5216,30271,770,72
1634,3522,30272,5216,30272,770,72
1634,3522,30273,5216,30273,770,72
1634,3522,30274,5216,30274,770,72
1634,3522,30275,5216,30275,770,72
1633,3522,30276,5216,30276,770,72
1633,3522,30277,5216,30277,770,72
1633,3522,30278,5216,30278,770,72
1633,3522,30279,5216,30279,770,72
1633,3522,30280,5216,30280,770,72
1633,3522,30281,5216,30281,770,72
1633,3522,30282,5216,30282,770,72
1633,3522,30283,5216,30283,770,72
1633,3522,30284,5216,30284,770,72
1633,3522,30285,5216,30285,770,72
1633,3522,30286,5216,30286,770,72
1633,3522,30287,5216,30287,770,72
1633,3522,30288,5216,30288,770,72
1633,3522,30289,5216,30289,770,72
1633,3522,30290,5216,30290,770,72
1633,3522,30291,5216,30291,770,72
1633,3522,30292,5216,30292,770,72
1633,3522,30293,5216,30293,770,72
1633,3522,30294,5216,30294,770,72
1633,3522,30295,5216,30295,770,72
1633,3522,30296,5216,30296,770,72
1633,3522,30297,5216,30297,770,72
1633,3522,30298,5216,30298,770,72
1633,3522,30299,5216,30299,770,72
1633,3522,30300,5216,30300,770,72
1633,3522,30301,5216,30301,770,72
1633,3522,30302,5216,30302,770,72
1633,3522,30303,5216,30303,770,72
1634,3522,30304,5216,30304,770,72
1634,3522,30305,5216,30305,770,72
1634,3522,30306,5216,30306,770,72
1634,3522,30307,5216,30307,770,72
1634,3522,30308,5216,30308,770,72
1634,3522,30309,5216,30309,770,72
1634,3522,30310,5216,30310,770,72
1633,3522,30311,5216,30311,770,72
1633,3522,30312,5216,30312,770,72
1633,3522,30313,5216,30313,770,72
1633,3522,30314,5216,30314,770,72
1633,3522,30315,5216,30315,770,72
1633,3522,30316,5216,30316,770,72
1633,3522,30317,5216,30317,770,72
1633,3522,30318,5216,30318,770,72
1633,3522,30319,5216,30319,770,72
1633,3522,30320,5216,30320,770,72
1633,3522,30321,5216,30321,770,72
1633,3522,30322,5216,30322,770,72
1633,3522,30323,5216,30323,770,72
1633,3522,30324,5216,30324,770,72
1633,3522,30325,5216,30325,770,72
1633,3522,30326,5216,30326,770,72
1633,3522,30327,5216,30327,770,72
1633,3522,30328,5216,30328,770,72
1633,3522,30329,5216,30329,770,72
1633,3522,30330,5216,30330,770,72
1633,3522,30331,5216,30331,770,72
1633,3522,30332,5216,30332,770,72
1633,3522,30333,5216,30333,770,72
1633,3522,30334,5216,30334,770,72
1633,3522,30335,5216,30335,770,72
1633,3522,30336,5216,30336,770,72
1633,3522,30337,5216,30337,770,72
1633,3522,30338,5216,30338,770,72
1633,3522,30339,5216,30339,770,72
1633,3522,30340,5216,30340,770,72
1633,3522,30341,5216,30341,770,72
1633,3522,30342,5216,30342,770,72
1633,3522,30343,5216,30343,770,72
1633,3522,30344,5216,30344,770,72
1633,3522,30345,5216,30345,770,72
1633,3522,30346,5216,30346,770,72
1633,3522,30347,5216,30347,770,72
1633,3522,30348,5216,30348,770,72
1633,3522,30349,5216,30349,770,72
1633,3522,30350,5216,30350,770,72
1633,3522,30351,5216,30351,770,72
1633,3522,30352,5216,30352,770,72
1633,3522,30353,5216,30353,770,72
1633,3522,30354,5216,30354,770,72
1633,3522,30355,5216,30355,770,72
1633,3522,30356,5216,30356,770,72
1633,3522,30357,5216,30357,770,72
1633,3522,30358,5216,30358,770,72
1633,3522,30359,5216,30359,770,72
1633,3522,30360,5216,30360,770,72
1633,3522,30361,5216,30361,770,72
1633,3522,30362,5216,30362,770,72
1633,3522,30363,5216,30363,770,72
1633,3522,30364,5216,30364,770,72
1633,3522,30365,5216,30365,770,72
1633,3522,30366,5216,30366,770,72
1633,3522,30367,5216,30367,770,72
1633,3522,30368,5216,30368,770,72
1633,3522,30369,5216,30369,770,72
1633,3522,30370,5216,30370,770,72
1633,3522,30371,5216,30371,770,72
1633,3522,30372,5216,30372,770,72
1633,3522,30373,5216,30373,770,72
1633,3522,30374,5216,30374,770,72
1633,3522,30375,5216,30375,770,72
1633,3522,30376,5216,30376,770,72
1633,3522,30377,5216,30377,770,72
1633,3522,30378,5216,30378,770,72
1633,3522,30379,5216,30379,770,72
1633,3522,30380,5216,30380,770,72
1633,3522,30381,5216,30381,770,72
1633,3522,30382,5216,30382,770,72
1634,3522,30383,5216,30383,770,72
1634,3522,30384,5216,30384,770,72
1634,3522,30385,5216,30385,770,72
1634,3522,30386,5216,30386,770,72
1634,3522,30387,5216,30387,770,72
1634,3522,30388,5216,30388,770,72
1634,3522,30389,5216,30389,770,72
1634,3522,30390,5216,30390,770,72
1634,3522,30391,5216,30391,770,72
1634,3522,30392,5216,30392,770,72
1634,3522,30393,5216,30393,770,72
1634,3522,30394,5216,30394,770,72
1634,3522,30395,5216,30395,770,72
1634,3522,30396,5216,30396,770,72
1634,3522,30397,5216,30397,770,72
1634,3522,30398,5216,30398,770,72
1634,3522,30399,5216,30399,770,72
1634,3522,30400,5216,30400,770,72
1634,3522,30401,5216,30401,770,72
1634,3522,30402,5216,30402,770,72
1634,3522,30403,5216,30403,770,72
1634,3522,30404,5216,30404,770,72
1634,3522,30405,5216,30405,770,72
1634,3522,30406,5216,30406,770,72
1634,3522,30407,5216,30407,770,72
1634,3522,30408,5216,30408,770,72
1634,3522,30409,5216,30409,770,72
1634,3522,30410,5216,30410,770,72
1634,3522,30411,5216,30411,770,72
1634,3522,30412,5216,30412,770,72
1634,3522,30413,5216,30413,770,72
1634,3522,30414,5216,30414,770,72
1634,3522,30415,5216,30415,770,72
1633,3522,30416,5216,30416,770,72
1633,3522,30417,5216,30417,770,72
1633,3522,30418,5216,30418,770,72
1633,3522,30419,5216,30419,770,72
1632,3522,30420,5216,30420,770,72
1632,3522,30421,5216,30421,770,72
1632,3522,30422,5216,30422,770,72
1632,3522,30423,5216,30423,770,72
1632,3522,30424,5216,30424,770,72
1632,3522,30425,5216,30425,770,72
1632,3522,30426,5216,30426,770,72
1632,3522,30427,5216,30427,770,72
1632,3522,30428,5216,30428,770,72
1632,3522,30429,5216,30429,770,72
1632,3522,30430,5216,30430,770,72
1632,3522,30431,5216,30431,770,72
1632,3522,30432,5216,30432,770,72
1632,3522,30433,5216,30433,770,72
1632,3522,30434,5216,30434,770,72
1632,3522,30435,5216,30435,770,72
1632,3522,30436,5216,30436,770,72
1632,3522,30437,5216,30437,770,72
1632,3522,30438,5216,30438,770,72
1632,3522,30439,5216,30439,770,72
1632,3522,30440,5216,30440,770,72
1632,3522,30441,5216,30441,770,72
1632,3522,30442,5216,30442,770,72
1632,3522,30443,5216,30443,770,72
1632,3522,30444,5216,30444,770,72
1632,3522,30445,5216,30445,770,72
1632,3522,30446,5216,30446,770,72
1632,3522,30447,5216,30447,770,72
1632,3522,30448,5216,30448,770,72
1632,3522,30449,5216,30449,770,72
1632,3522,30450,5216,30450,770,72
1632,3522,30451,5216,30451,770,72
1632,3522,30452,5216,30452,770,72
1632,3522,30453,5216,30453,770,72
1632,3522,30454,5216,30454,770,72
1632,3522,30455,5216,30455,770,72
1632,3522,30456,5216,30456,770,72
1632,3522,30457,5216,30457,770,72
1632,3522,30458,5216,30458,770,72
1632,3522,30459,5216,30459,770,72
1632,3522,30460,5216,30460,770,72
1632,3522,30461,5216,30461,770,72
1632,3522,30462,5216,30462,770,72
1632,3522,30463,5216,30463,770,72
1632,3522,30464,5216,30464,770,72
1632,3522,30465,5216,30465,770,72
1632,3522,30466,5216,30466,770,72
1632,3522,30467,5216,30467,770,72
1632,3522,30468,5216,30468,770,72
1632,3522,30469,5216,30469,770,72
1632,3522,30470,5216,30470,770,72
1632,3522,30471,5216,30471,770,72
1632,3522,30472,5216,30472,770,72
1632,3522,30473,5216,30473,770,72
1630,3522,30474,5216,30474,770,71
1630,3522,30475,5216,30475,770,71
1630,3522,30476,5216,30476,770,71
1630,3522,30477,5216,30477,770,71
1630,3522,30478,5216,30478,770,71
1630,3522,30479,5216,30479,770,71
1630,3522,30480,5216,30480,770,71
1630,3522,30481,5216,30481,770,71
1630,3522,30482,5216,30482,770,71
1630,3522,30483,5216,30483,770,71
1630,3522,30484,5216,30484,770,71
1630,3522,30485,5216,30485,770,71
1630,3522,30486,5216,30486,770,71
1630,3522,30487,5216,30487,770,71
1630,3522,30488,5216,30488,770,71
1630,3522,30489,5216,30489,770,71
1630,3522,30490,5216,30490,770,71
1630,3522,30491,5216,30491,770,71
1630,3522,30492,5216,30492,770,71
1630,3522,30493,5216,30493,770,71
1630,3522,30494,5216,30494,770,71
1630,3522,30495,5216,30495,770,71
1630,3522,30496,5216,30496,770,71
1630,3522,30497,5216,30497,770,71
1629,3522,30498,5216,30498,770,71
1629,3522,30499,5216,30499,770,71
1629,3522,30500,5216,30500,770,71
1629,3522,30501,5216,30501,770,71
1629,3522,30502,5216,30502,770,71
1629,3522,30503,5216,30503,770,71
1629,3522,30504,5216,30504,770,71
1629,3522,30505,5216,30505,770,71
1629,3522,30506,5216,30506,770,71
1629,3522,30507,5216,30507,770,71
1629,3522,30508,5216,30508,770,71
1629,3522,30509,5216,30509,770,71
1629,3522,30510,5216,30510,770,71
1629,3522,30511,5216,30511,770,71
1629,3522,30512,5216,30512,770,71
1629,3522,30513,5216,30513,770,71
1629,3522,30514,5216,30514,770,71
1629,3522,30515,5216,30515,770,71
1629,3522,30516,5216,30516,770,71
1629,3522,30517,5216,30517,770,71
1629,3522,30518,5216,30518,770,71
1629,3522,30519,5216,30519,770,71
1629,3522,30520,5216,30520,770,71
1629,3522,30521,5216,30521,770,71
1629,3522,30522,5216,30522,770,71
1629,3522,30523,5216,30523,770,71
1629,3522,30524,5216,30524,770,71
1629,3522,30525,5216,30525,770,71
1629,3522,30526,5216,30526,770,71
1629,3522,30527,5216,30527,770,71
1629,3522,30528,5216,30528,770,71
1629,3522,30529,5216,30529,770,71
1629,3522,30530,5216,30530,770,71
1629,3522,30531,5216,30531,770,71
1629,3522,30532,5216,30532,770,71
1629,3522,30533,5216,30533,770,71
1629,3522,30534,5216,30534,770,71
1629,3522,30535,5216,30535,770,71
1629,3522,30536,5216,30536,770,71
1629,3522,30537,5216,30537,770,71
1629,3522,30538,5216,30538,770,71
1630,3522,30539,5216,30539,770,71
1630,3522,30540,5216,30540,770,71
1630,3522,30541,5216,30541,770,71
1630,3522,30542,5216,30542,770,71
1630,3522,30543,5216,30543,770,71
1629,3522,30544,5216,30544,770,71
1629,3522,30545,5216,30545,770,71
1629,3522,30546,5216,30546,770,71
1629,3522,30547,5216,30547,770,71
1629,3522,30548,5216,30548,770,71
1629,3522,30549,5216,30549,770,71
1629,3522,30550,5216,30550,770,71
1629,3522,30551,5216,30551,770,71
1629,3522,30552,5216,30552,770,71
1629,3522,30553,5216,30553,770,71
1630,3522,30554,5216,30554,770,71
1630,3522,30555,5216,30555,770,71
1630,3522,30556,5216,30556,770,71
1630,3522,30557,5216,30557,770,71
1630,3522,30558,5216,30558,770,71
1630,3522,30559,5216,30559,770,71
1630,3522,30560,5216,30560,770,71
1630,3522,30561,5216,30561,770,71
1630,3522,30562,5216,30562,770,71
1630,3522,30563,5216,30563,770,71
1630,3522,30564,5216,30564,770,71
1630,3522,30565,5216,30565,770,71
1630,3522,30566,5216,30566,770,71
1630,3522,30567,5216,30567,770,71
1630,3522,30568,5216,30568,770,71
1630,3522,30569,5216,30569,770,71
1629,3522,30570,5216,30570,770,71
1629,3522,30571,5216,30571,770,71
1629,3522,30572,5216,30572,770,71
1629,3522,30573,5216,30573,770,71
1629,3522,30574,5216,30574,770,71
1629,3522,30575,5216,30575,770,71
1629,3522,30576,5216,30576,770,71
1629,3522,30577,5216,30577,770,71
1629,3522,30578,5216,30578,770,71
1629,3522,30579,5216,30579,770,71
1629,3522,30580,5216,30580,770,71
1629,3522,30581,5216,30581,770,71
1629,3522,30582,5216,30582,770,71
1629,3522,30583,5216,30583,770,71
1629,3522,30584,5216,30584,770,71
1629,3522,30585,5216,30585,770,71
1629,3522,30586,5216,30586,770,71
1629,3522,30587,5216,30587,770,71
1629,3522,30588,5216,30588,770,71
1629,3522,30589,5216,30589,770,71
1629,3522,30590,5216,30590,770,71
1629,3522,30591,5216,30591,770,71
1629,3522,30592,5216,30592,770,71
1629,3522,30593,5216,30593,770,71
1629,3522,30594,5216,30594,770,71
1629,3522,30595,5216,30595,770,71
1629,3522,30596,5216,30596,770,71
1629,3522,30597,5216,30597,770,71
1629,3522,30598,5216,30598,770,71
1629,3522,30599,5216,30599,770,71
1629,3522,30600,5216,30600,770,71
1629,3522,30601,5216,30601,770,71
1629,3522,30602,5216,30602,770,71
1630,3522,30603,5216,30603,770,71
1630,3522,30604,5216,30604,770,71
1629,3522,30605,5216,30605,770,71
1629,3522,30606,5216,30606,770,71
1629,3522,30607,5216,30607,770,71
1629,3522,30608,5216,30608,770,71
1629,3522,30609,5216,30609,770,71
1629,3522,30610,5216,30610,770,71
1629,3522,30611,5216,30611,770,71
1629,3522,30612,5216,30612,770,71
1629,3522,30613,5216,30613,770,71
1629,3522,30614,5216,30614,770,71
1629,3522,30615,5216,30615,770,71
1629,3522,30616,5216,30616,770,71
1629,3522,30617,5216,30617,770,71
1629,3522,30618,5216,30618,770,71
1629,3522,30619,5216,30619,770,71
1629,3522,30620,5216,30620,770,71
1629,3522,30621,5216,30621,770,71
1630,3522,30622,5216,30622,770,71
1630,3522,30623,5216,30623,770,71
1631,3522,30624,5216,30624,770,71
1631,3522,30625,5216,30625,770,71
1631,3522,30626,5216,30626,770,71
1631,3522,30627,5216,30627,770,71
1631,3522,30628,5216,30628,770,71
1631,3522,30629,5216,30629,770,71
1631,3522,30630,5216,30630,770,71
1631,3522,30631,5216,30631,770,71
1631,3522,30632,5216,30632,770,71
1631,3522,30633,5216,30633,770,71
1631,3522,30634,5216,30634,770,71
1631,3522,30635,5216,30635,770,71
1632,3522,30636,5216,30636,770,71
1632,3522,30637,5216,30637,770,71
1632,3522,30638,5216,30638,770,71
1632,3522,30639,5216,30639,770,71
1632,3522,30640,5216,30640,770,71
1632,3522,30641,5216,30641,770,71
1632,3522,30642,5216,30642,770,71
1633,3522,30643,5216,30643,770,71
1633,3522,30644,5216,30644,770,71
1633,3522,30645,5216,30645,770,71
1633,3522,30646,5216,30646,770,71
1633,3522,30647,5216,30647,770,71
1633,3522,30648,5216,30648,770,71
1633,3522,30649,5216,30649,770,71
1633,3522,30650,5216,30650,770,71
1633,3522,30651,5216,30651,770,71
1633,3522,30652,5216,30652,770,71
1633,3522,30653,5216,30653,770,71
1633,3522,30654,5216,30654,770,71
1633,3522,30655,5216,30655,770,71
1633,3522,30656,5216,30656,770,71
1633,3522,30657,5216,30657,770,71
1633,3522,30658,5216,30658,770,71
1633,3522,30659,5216,30659,770,71
1633,3522,30660,5216,30660,770,71
1633,3522,30661,5216,30661,770,71
1633,3522,30662,5216,30662,770,71
1633,3522,30663,5216,30663,770,71
1634,3522,30664,5216,30664,770,71
1634,3522,30665,5216,30665,770,71
1634,3522,30666,5216,30666,770,71
1634,3522,30667,5216,30667,770,71
1634,3522,30668,5216,30668,770,71
1634,3522,30669,5216,30669,770,71
1634,3522,30670,5216,30670,770,71
1634,3522,30671,5216,30671,770,71
1634,3522,30672,5216,30672,770,71
1634,3522,30673,5216,30673,770,71
1634,3522,30674,5216,30674,770,71
1634,3522,30675,5216,30675,770,71
1634,3522,30676,5216,30676,770,71
1634,3522,30677,5216,30677,770,71
1634,3522,30678,5216,30678,770,71
1634,3522,30679,5216,30679,770,71
1634,3522,30680,5216,30680,770,71
1634,3522,30681,5216,30681,770,71
1634,3522,30682,5216,30682,770,71
1634,3522,30683,5216,30683,770,71
1634,3522,30684,5216,30684,770,71
1634,3522,30685,5216,30685,770,71
1634,3522,30686,5216,30686,770,71
1634,3522,30687,5216,30687,770,71
1634,3522,30688,5216,30688,770,71
1635,3522,30689,5216,30689,770,71
1635,3522,30690,5216,30690,770,71
1635,3522,30691,5216,30691,770,71
1635,3522,30692,5216,30692,770,71
1635,3522,30693,5216,30693,770,71
1635,3522,30694,5216,30694,770,71
1635,3522,30695,5216,30695,770,71
1635,3522,30696,5216,30696,770,71
1636,3522,30697,5216,30697,770,71
1636,3522,30698,5216,30698,770,71
1636,3522,30699,5216,30699,770,71
1636,3522,30700,5216,30700,770,71
1636,3522,30701,5216,30701,770,71
1636,3522,30702,5216,30702,770,71
1636,3522,30703,5216,30703,770,71
1636,3522,30704,5216,30704,770,71
1636,3522,30705,5216,30705,770,71
1636,3522,30706,5216,30706,770,71
1636,3522,30707,5216,30707,770,71
1636,3522,30708,5216,30708,770,71
1636,3522,30709,5216,30709,770,71
1636,3522,30710,5216,30710,770,71
1636,3522,30711,5216,30711,770,71
1636,3522,30712,5216,30712,770,71
1636,3522,30713,5216,30713,770,71
1636,3522,30714,5216,30714,770,71
1636,3522,30715,5216,30715,770,71
1636,3522,30716,5216,30716,770,71
1636,3522,30717,5216,30717,770,71
1636,3522,30718,5216,30718,770,71
1636,3522,30719,5216,30719,770,71
1636,3522,30720,5216,30720,770,71
1636,3522,30721,5216,30721,770,71
1636,3522,30722,5216,30722,770,71
1636,3522,30723,5216,30723,770,71
1636,3522,30724,5216,30724,770,71
1636,3522,30725,5216,30725,770,71
1636,3522,30726,5216,30726,770,71
1636,3522,30727,5216,30727,770,71
1636,3522,30728,5216,30728,770,71
1635,3522,30729,5216,30729,770,71
1635,3522,30730,5216,30730,770,71
1635,3522,30731,5216,30731,770,71
1635,3522,30732,5216,30732,770,71
1635,3522,30733,5216,30733,770,71
1635,3522,30734,5216,30734,770,71
1635,3522,30735,5216,30735,770,71
1635,3522,30736,5216,30736,770,71
1635,3522,30737,5216,30737,770,71
1635,3522,30738,5216,30738,770,71
1635,3522,30739,5216,30739,770,71
1635,3522,30740,5216,30740,770,71
1635,3522,30741,5216,30741,770,71
1635,3522,30742,5216,30742,770,71
1635,3522,30743,5216,30743,770,71
1635,3522,30744,5216,30744,770,71
1635,3522,30745,5216,30745,770,71
1636,3522,30746,5216,30746,770,71
1635,3522,30747,5216,30747,770,71
1635,3522,30748,5216,30748,770,71
1635,3522,30749,5216,30749,770,71
1635,3522,30750,5216,30750,770,71
1635,3522,30751,5216,30751,770,71
1635,3522,30752,5216,30752,770,71
1636,3522,30753,5216,30753,770,71
1636,3522,30754,5216,30754,770,71
1636,3522,30755,5216,30755,770,71
1636,3522,30756,5216,30756,770,71
1636,3522,30757,5216,30757,770,71
1636,3522,30758,5216,30758,770,71
1636,3522,30759,5216,30759,770,71
1636,3522,30760,5216,30760,770,71
1636,3522,30761,5216,30761,770,71
1636,3522,30762,5216,30762,770,71
1636,3522,30763,5216,30763,770,71
1636,3522,30764,5216,30764,770,71
1636,3522,30765,5216,30765,770,71
1636,3522,30766,5216,30766,770,71
1636,3522,30767,5216,30767,770,71
1636,3522,30768,5216,30768,770,71
1636,3522,30769,5216,30769,770,71
1636,3522,30770,5216,30770,770,71
1636,3522,30771,5216,30771,770,71
1636,3522,30772,5216,30772,770,71
1636,3522,30773,5216,30773,770,71
1635,3522,30774,5216,30774,770,71
1635,3522,30775,5216,30775,770,71
1635,3522,30776,5216,30776,770,71
1635,3522,30777,5216,30777,770,71
1635,3522,30778,5216,30778,770,71
1635,3522,30779,5216,30779,770,71
1635,3522,30780,5216,30780,770,71
1635,3522,30781,5216,30781,770,71
1635,3522,30782,5216,30782,770,71
1635,3522,30783,5216,30783,770,71
1635,3522,30784,5216,30784,770,71
1635,3522,30785,5216,30785,770,71
1635,3522,30786,5216,30786,770,71
1635,3522,30787,5216,30787,770,71
1635,3522,30788,5216,30788,770,71
1635,3522,30789,5216,30789,770,71
1636,3522,30790,5216,30790,770,71
1636,3522,30791,5216,30791,770,71
1636,3522,30792,5216,30792,770,71
1636,3522,30793,5216,30793,770,71
1636,3522,30794,5216,30794,770,71
1636,3522,30795,5216,30795,770,71
1636,3522,30796,5216,30796,770,71
1636,3522,30797,5216,30797,770,71
1636,3522,30798,5216,30798,770,71
1636,3522,30799,5216,30799,770,71
1636,3522,30800,5216,30800,770,71
1636,3522,30801,5216,30801,770,71
1636,3522,30802,5216,30802,770,71
1636,3522,30803,5216,30803,770,71
1636,3522,30804,5216,30804,770,71
1636,3522,30805,5216,30805,770,71
1636,3522,30806,5216,30806,770,71
1635,3522,30807,5216,30807,770,71
1635,3522,30808,5216,30808,770,71
1635,3522,30809,5216,30809,770,71
1635,3522,30810,5216,30810,770,71
1635,3522,30811,5216,30811,770,71
1635,3522,30812,5216,30812,770,71
1635,3522,30813,5216,30813,770,71
1635,3522,30814,5216,30814,770,71
1635,3522,30815,5216,30815,770,71
1635,3522,30816,5216,30816,770,71
1635,3522,30817,5216,30817,770,71
1635,3522,30818,5216,30818,770,71
1635,3522,30819,5216,30819,770,71
1635,3522,30820,5216,30820,770,71
1635,3522,30821,5216,30821,770,71
1634,3522,30822,5216,30822,770,71
1634,3522,30823,5216,30823,770,71
1634,3522,30824,5216,30824,770,71
1634,3522,30825,5216,30825,770,71
1634,3522,30826,5216,30826,770,71
1634,3522,30827,5216,30827,770,71
1634,3522,30828,5216,30828,770,71
1634,3522,30829,5216,30829,770,71
1634,3522,30830,5216,30830,770,71
1634,3522,30831,5216,30831,770,71
1634,3522,30832,5216,30832,770,71
1634,3522,30833,5216,30833,770,71
1634,3522,30834,5216,30834,770,71
1634,3522,30835,5216,30835,770,71
1634,3522,30836,5216,30836,770,71
1634,3522,30837,5216,30837,770,71
1634,3522,30838,5216,30838,770,71
1633,3522,30839,5216,30839,770,71
1633,3522,30840,5216,30840,770,71
1633,3522,30841,5216,30841,770,71
1634,3522,30842,5216,30842,770,71
1633,3522,30843,5216,30843,770,71
1633,3522,30844,5216,30844,770,71
1633,3522,30845,5216,30845,770,71
1633,3522,30846,5216,30846,770,71
1633,3522,30847,5216,30847,770,71
1633,3522,30848,5216,30848,770,71
1633,3522,30849,5216,30849,770,71
1633,3522,30850,5216,30850,770,71
1633,3522,30851,5216,30851,770,71
1633,3522,30852,5216,30852,770,71
1633,3522,30853,5216,30853,770,71
1633,3522,30854,5216,30854,770,71
1633,3522,30855,5216,30855,770,71
1633,3522,30856,5216,30856,770,71
1633,3522,30857,5216,30857,770,71
1633,3522,30858,5216,30858,770,71
1633,3522,30859,5216,30859,770,71
1633,3522,30860,5216,30860,770,71
1633,3522,30861,5216,30861,770,71
1633,3522,30862,5216,30862,770,71
1633,3522,30863,5216,30863,770,71
1633,3522,30864,5216,30864,770,71
1633,3522,30865,5216,30865,770,71
1633,3522,30866,5216,30866,770,71
1633,3522,30867,5216,30867,770,71
1633,3522,30868,5216,30868,770,71
1633,3522,30869,5216,30869,770,71
1633,3522,30870,5216,30870,770,71
1633,3522,30871,5216,30871,770,71
1632,3522,30872,5216,30872,770,71
1632,3522,30873,5216,30873,770,71
1632,3522,30874,5216,30874,770,71
1632,3522,30875,5216,30875,770,71
1632,3522,30876,5216,30876,770,71
1632,3522,30877,5216,30877,770,71
1632,3522,30878,5216,30878,770,71
1632,3522,30879,5216,30879,770,71
1632,3522,30880,5216,30880,770,71
1632,3522,30881,5216,30881,770,71
1632,3522,30882,5216,30882,770,71
1632,3522,30883,5216,30883,770,71
1632,3522,30884,5216,30884,770,71
1632,3522,30885,5216,30885,770,71
1632,3522,30886,5216,30886,770,71
1632,3522,30887,5216,30887,770,71
1632,3522,30888,5216,30888,770,71
1632,3522,30889,5216,30889,770,71
1632,3522,30890,5216,30890,770,71
1632,3522,30891,5216,30891,770,71
1632,3522,30892,5216,30892,770,71
1632,3522,30893,5216,30893,770,71
1632,3522,30894,5216,30894,770,71
1632,3522,30895,5216,30895,770,71
1632,3522,30896,5216,30896,770,71
1632,3522,30897,5216,30897,770,71
1632,3522,30898,5216,30898,770,71
1633,3522,30899,5216,30899,770,71
1633,3522,30900,5216,30900,770,71
1633,3522,30901,5216,30901,770,71
1633,3522,30902,5216,30902,770,71
1633,3522,30903,5216,30903,770,71
1633,3522,30904,5216,30904,770,71
1633,3522,30905,5216,30905,770,71
1633,3522,30906,5216,30906,770,71
1633,3522,30907,5216,30907,770,71
1633,3522,30908,5216,30908,770,71
1633,3522,30909,5216,30909,770,71
1633,3522,30910,5216,30910,770,71
1633,3522,30911,5216,30911,770,71
1633,3522,30912,5216,30912,770,71
1633,3522,30913,5216,30913,770,71
1633,3522,30914,5216,30914,770,71
1633,3522,30915,5216,30915,770,71
1633,3522,30916,5216,30916,770,71
1633,3522,30917,5216,30917,770,71
1633,3522,30918,5216,30918,770,71
1633,3522,30919,5216,30919,770,71
1633,3522,30920,5216,30920,770,71
1633,3522,30921,5216,30921,770,71
1633,3522,30922,5216,30922,770,71
1633,3522,30923,5216,30923,770,71
1633,3522,30924,5216,30924,770,71
1633,3522,30925,5216,30925,770,71
1633,3522,30926,5216,30926,770,71
1633,3522,30927,5216,30927,770,71
1633,3522,30928,5216,30928,770,71
1633,3522,30929,5216,30929,770,71
1633,3522,30930,5216,30930,770,71
1633,3522,30931,5216,30931,770,71
1633,3522,30932,5216,30932,770,71
1632,3522,30933,5216,30933,770,71
1632,3522,30934,5216,30934,770,71
1632,3522,30935,5216,30935,770,71
1632,3522,30936,5216,30936,770,71
1632,3522,30937,5216,30937,770,71
1632,3522,30938,5216,30938,770,71
1632,3522,30939,5216,30939,770,71
1632,3522,30940,5216,30940,770,71
1632,3522,30941,5216,30941,770,71
1632,3522,30942,5216,30942,770,71
1632,3522,30943,5216,30943,770,71
1632,3522,30944,5216,30944,770,71
1632,3522,30945,5216,30945,770,71
1632,3522,30946,5216,30946,770,71
1632,3522,30947,5216,30947,770,71
1632,3522,30948,5216,30948,770,71
1632,3522,30949,5216,30949,770,71
1632,3522,30950,5216,30950,770,71
1632,3522,30951,5216,30951,770,71
1632,3522,30952,5216,30952,770,71
1632,3522,30953,5216,30953,770,71
1632,3522,30954,5216,30954,770,71
1632,3522,30955,5216,30955,770,71
1632,3522,30956,5216,30956,770,71
1632,3522,30957,5216,30957,770,71
1632,3522,30958,5216,30958,770,71
1632,3522,30959,5216,30959,770,71
1632,3522,30960,5216,30960,770,71
1632,3522,30961,5216,30961,770,71
1632,3522,30962,5216,30962,770,71
1632,3522,30963,5216,30963,770,71
1632,3522,30964,5216,30964,770,71
1632,3522,30965,5216,30965,770,71
1632,3522,30966,5216,30966,770,71
1632,3522,30967,5216,30967,770,71
1632,3522,30968,5216,30968,770,71
1632,3522,30969,5216,30969,770,71
1632,3522,30970,5216,30970,770,71
1632,3522,30971,5216,30971,770,71
1632,3522,30972,5216,30972,770,71
1632,3522,30973,5216,30973,770,71
1632,3522,30974,5216,30974,770,71
1632,3522,30975,5216,30975,770,71
1632,3522,30976,5216,30976,770,71
1632,3522,30977,5216,30977,770,71
1632,3522,30978,5216,30978,770,71
1632,3522,30979,5216,30979,770,71
1632,3522,30980,5216,30980,770,71
1632,3522,30981,5216,30981,770,71
1632,3522,30982,5216,30982,770,71
1632,3522,30983,5216,30983,770,71
1632,3522,30984,5216,30984,770,71
1632,3522,30985,5216,30985,770,71
1632,3522,30986,5216,30986,770,71
1631,3522,30987,5216,30987,770,71
1631,3522,30988,5216,30988,770,71
1631,3522,30989,5216,30989,770,71
1631,3522,30990,5216,30990,770,71
1631,3522,30991,5216,30991,770,71
1631,3522,30992,5216,30992,770,71
1631,3522,30993,5216,30993,770,71
1631,3522,30994,5216,30994,770,71
1631,3522,30995,5216,30995,770,71
1630,3522,30996,5216,30996,770,71
1630,3522,30997,5216,30997,770,71
1630,3522,30998,5216,30998,770,71
1631,3522,30999,5216,30999,770,71
1631,3522,31000,5216,31000,770,71
1631,3522,31001,5216,31001,770,71
1631,3522,31002,5216,31002,770,71
1631,3522,31003,5216,31003,770,71
1631,3522,31004,5216,31004,770,71
1631,3522,31005,5216,31005,770,71
1631,3522,31006,5216,31006,770,71
1631,3522,31007,5216,31007,770,71
1631,3522,31008,5216,31008,770,71
1631,3522,31009,5216,31009,770,71
1631,3522,31010,5216,31010,770,71
1631,3522,31011,5216,31011,770,71
1631,3522,31012,5216,31012,770,71
1631,3522,31013,5216,31013,770,71
1631,3522,31014,5216,31014,770,71
1631,3522,31015,5216,31015,770,71
1631,3522,31016,5216,31016,770,71
1631,3522,31017,5216,31017,770,71
1631,3522,31018,5216,31018,770,71
1631,3522,31019,5216,31019,770,71
1631,3522,31020,5216,31020,770,71
1631,3522,31021,5216,31021,770,71
1631,3522,31022,5216,31022,770,71
1631,3522,31023,5216,31023,770,71
1631,3522,31024,5216,31024,770,71
1631,3522,31025,5216,31025,770,71
1631,3522,31026,5216,31026,770,71
1631,3522,31027,5216,31027,770,71
1631,3522,31028,5216,31028,770,71
1631,3522,31029,5216,31029,770,71
1631,3522,31030,5216,31030,770,71
1631,3522,31031,5216,31031,770,71
1631,3522,31032,5216,31032,770,71
1631,3522,31033,5216,31033,770,71
1631,3522,31034,5216,31034,770,71
1631,3522,31035,5216,31035,770,71
1631,3522,31036,5216,31036,770,71
1631,3522,31037,5216,31037,770,71
1631,3522,31038,5216,31038,770,71
1631,3522,31039,5216,31039,770,71
1631,3522,31040,5216,31040,770,71
1631,3522,31041,5216,31041,770,71
1631,3522,31042,5216,31042,770,71
1631,3522,31043,5216,31043,770,71
1631,3522,31044,5216,31044,770,71
1631,3522,31045,5216,31045,770,71
1631,3522,31046,5216,31046,770,71
1631,3522,31047,5216,31047,770,71
1631,3522,31048,5216,31048,770,71
1631,3522,31049,5216,31049,770,71
1631,3522,31050,5216,31050,770,71
1631,3522,31051,5216,31051,770,71
1631,3522,31052,5216,31052,770,71
1631,3522,31053,5216,31053,770,71
1631,3522,31054,5216,31054,770,71
1631,3522,31055,5216,31055,770,71
1632,3522,31056,5216,31056,770,71
1632,3522,31057,5216,31057,770,71
1632,3522,31058,5216,31058,770,71
1632,3522,31059,5216,31059,770,71
1632,3522,31060,5216,31060,770,71
1632,3522,31061,5216,31061,770,71
1632,3522,31062,5216,31062,770,71
1632,3522,31063,5216,31063,770,71
1632,3522,31064,5216,31064,770,71
1632,3522,31065,5216,31065,770,71
1632,3522,31066,5216,31066,770,71
1632,3522,31067,5216,31067,770,71
1632,3522,31068,5216,31068,770,71
1632,3522,31069,5216,31069,770,71
1632,3522,31070,5216,31070,770,71
1632,3522,31071,5216,31071,770,71
1632,3522,31072,5216,31072,770,71
1632,3522,31073,5216,31073,770,71
1632,3522,31074,5216,31074,770,71
1632,3522,31075,5216,31075,770,71
1632,3522,31076,5216,31076,770,71
1632,3522,31077,5216,31077,770,71
1632,3522,31078,5216,31078,770,71
1632,3522,31079,5216,31079,770,71
1632,3522,31080,5216,31080,770,71
1632,3522,31081,5216,31081,770,71
1632,3522,31082,5216,31082,770,71
1632,3522,31083,5216,31083,770,71
1632,3522,31084,5216,31084,770,71
1632,3522,31085,5216,31085,770,71
1632,3522,31086,5216,31086,770,71
1632,3522,31087,5216,31087,770,71
1632,3522,31088,5216,31088,770,71
1632,3522,31089,5216,31089,770,71
1632,3522,31090,5216,31090,770,71
1632,3522,31091,5216,31091,770,71
1632,3522,31092,5216,31092,770,71
1632,3522,31093,5216,31093,770,71
1632,3522,31094,5216,31094,770,71
1632,3522,31095,5216,31095,770,71
1632,3522,31096,5216,31096,770,71
1632,3522,31097,5216,31097,770,71
1632,3522,31098,5216,31098,770,71
1632,3522,31099,5216,31099,770,71
1632,3522,31100,5216,31100,770,71
1632,3522,31101,5216,31101,770,71
1632,3522,31102,5216,31102,770,71
1632,3522,31103,5216,31103,770,71
1632,3522,31104,5216,31104,770,71
1633,3522,31105,5216,31105,770,71
1633,3522,31106,5216,31106,770,71
1633,3522,31107,5216,31107,770,71
1633,3522,31108,5216,31108,770,71
1633,3522,31109,5216,31109,770,71
1633,3522,31110,5216,31110,770,71
1633,3522,31111,5216,31111,770,71
1633,3522,31112,5216,31112,770,71
1633,3522,31113,5216,31113,770,71
1633,3522,31114,5216,31114,770,71
1633,3522,31115,5216,31115,770,71
1633,3522,31116,5216,31116,770,71
1633,3522,31117,5216,31117,770,71
1633,3522,31118,5216,31118,770,71
1633,3522,31119,5216,31119,770,71
1633,3522,31120,5216,31120,770,71
1633,3522,31121,5216,31121,770,71
1633,3522,31122,5216,31122,770,71
1633,3522,31123,5216,31123,770,71
1632,3522,31124,5216,31124,770,71
1632,3522,31125,5216,31125,770,71
1632,3522,31126,5216,31126,770,71
1632,3522,31127,5216,31127,770,71
1632,3522,31128,5216,31128,770,71
1632,3522,31129,5216,31129,770,71
1632,3522,31130,5216,31130,770,71
1632,3522,31131,5216,31131,770,71
1632,3522,31132,5216,31132,770,71
1632,3522,31133,5216,31133,770,71
1632,3522,31134,5216,31134,770,71
1632,3522,31135,5216,31135,770,71
1633,3522,31136,5216,31136,770,71
1633,3522,31137,5216,31137,770,71
1633,3522,31138,5216,31138,770,71
1633,3522,31139,5216,31139,770,71
1633,3522,31140,5216,31140,770,71
1633,3522,31141,5216,31141,770,71
1633,3522,31142,5216,31142,770,71
1633,3522,31143,5216,31143,770,71
1633,3522,31144,5216,31144,770,71
1633,3522,31145,5216,31145,770,71
1633,3522,31146,5216,31146,770,71
1633,3522,31147,5216,31147,770,71
1633,3522,31148,5216,31148,770,71
1633,3522,31149,5216,31149,770,71
1633,3522,31150,5216,31150,770,71
1633,3522,31151,5216,31151,770,71
1633,3522,31152,5216,31152,770,71
1633,3522,31153,5216,31153,770,71
1633,3522,31154,5216,31154,770,71
1633,3522,31155,5216,31155,770,71
1633,3522,31156,5216,31156,770,71
1633,3522,31157,5216,31157,770,71
1633,3522,31158,5216,31158,770,71
1633,3522,31159,5216,31159,770,71
1633,3522,31160,5216,31160,770,71
1633,3522,31161,5216,31161,770,71
1633,3522,31162,5216,31162,770,71
1633,3522,31163,5216,31163,770,71
1633,3522,31164,5216,31164,770,71
1633,3522,31165,5216,31165,770,71
1633,3522,31166,5216,31166,770,71
1633,3522,31167,5216,31167,770,71
1633,3522,31168,5216,31168,770,71
1633,3522,31169,5216,31169,770,71
1633,3522,31170,5216,31170,770,71
1633,3522,31171,5216,31171,770,71
1633,3522,31172,5216,31172,770,71
1633,3522,31173,5216,31173,770,71
1632,3522,31174,5216,31174,770,71
1632,3522,31175,5216,31175,770,71
1632,3522,31176,5216,31176,770,71
1632,3522,31177,5216,31177,770,71
1632,3522,31178,5216,31178,770,71
1632,3522,31179,5216,31179,770,71
1632,3522,31180,5216,31180,770,71
1631,3522,31181,5216,31181,770,71
1631,3522,31182,5216,31182,770,71
1632,3522,31183,5216,31183,770,71
1632,3522,31184,5216,31184,770,71
1632,3522,31185,5216,31185,770,71
1632,3522,31186,5216,31186,770,71
1632,3522,31187,5216,31187,770,71
1632,3522,31188,5216,31188,770,71
1632,3522,31189,5216,31189,770,71
1632,3522,31190,5216,31190,770,71
1632,3522,31191,5216,31191,770,71
1632,3522,31192,5216,31192,770,71
1632,3522,31193,5216,31193,770,71
1632,3522,31194,5216,31194,770,71
1632,3522,31195,5216,31195,770,71
1632,3522,31196,5216,31196,770,71
1632,3522,31197,5216,31197,770,71
1632,3522,31198,5216,31198,770,71
1632,3522,31199,5216,31199,770,71
1632,3522,31200,5216,31200,770,71
1632,3522,31201,5216,31201,770,71
1632,3522,31202,5216,31202,770,71
1632,3522,31203,5216,31203,770,71
1632,3522,31204,5216,31204,770,71
1632,3522,31205,5216,31205,770,71
1632,3522,31206,5216,31206,770,71
1632,3522,31207,5216,31207,770,71
1632,3522,31208,5216,31208,770,71
1632,3522,31209,5216,31209,770,71
1632,3522,31210,5216,31210,770,71
1632,3522,31211,5216,31211,770,71
1632,3522,31212,5216,31212,770,71
1632,3522,31213,5216,31213,770,71
1632,3522,31214,5216,31214,770,71
1632,3522,31215,5216,31215,770,71
1632,3522,31216,5216,31216,770,71
1632,3522,31217,5216,31217,770,71
1632,3522,31218,5216,31218,770,71
1632,3522,31219,5216,31219,770,71
1632,3522,31220,5216,31220,770,71
1632,3522,31221,5216,31221,770,71
1632,3522,31222,5216,31222,770,71
1632,3522,31223,5216,31223,770,71
1632,3522,31224,5216,31224,770,71
1632,3522,31225,5216,31225,770,71
1632,3522,31226,5216,31226,770,71
1632,3522,31227,5216,31227,770,71
1632,3522,31228,5216,31228,770,71
1632,3522,31229,5216,31229,770,71
1632,3522,31230,5216,31230,770,71
1632,3522,31231,5216,31231,770,71
1632,3522,31232,5216,31232,770,71
1632,3522,31233,5216,31233,770,71
1632,3522,31234,5216,31234,770,71
1632,3522,31235,5216,31235,770,71
1632,3522,31236,5216,31236,770,71
1632,3522,31237,5216,31237,770,71
1632,3522,31238,5216,31238,770,71
1632,3522,31239,5216,31239,770,71
1632,3522,31240,5216,31240,770,71
1632,3522,31241,5216,31241,770,71
1632,3522,31242,5216,31242,770,71
1632,3522,31243,5216,31243,770,71
1632,3522,31244,5216,31244,770,71
1632,3522,31245,5216,31245,770,71
1632,3522,31246,5216,31246,770,71
1632,3522,31247,5216,31247,770,71
1632,3522,31248,5216,31248,770,71
1632,3522,31249,5216,31249,770,71
1632,3522,31250,5216,31250,770,71
1632,3522,31251,5216,31251,770,71
1632,3522,31252,5216,31252,770,71
1632,3522,31253,5216,31253,770,71
1632,3522,31254,5216,31254,770,71
1632,3522,31255,5216,31255,770,71
1632,3522,31256,5216,31256,770,71
1632,3522,31257,5216,31257,770,71
1632,3522,31258,5216,31258,770,71
1632,3522,31259,5216,31259,770,71
1632,3522,31260,5216,31260,770,71
1632,3522,31261,5216,31261,770,71
1632,3522,31262,5216,31262,770,71
1633,3522,31263,5216,31263,770,71
1633,3522,31264,5216,31264,770,71
1633,3522,31265,5216,31265,770,71
1633,3522,31266,5216,31266,770,71
1633,3522,31267,5216,31267,770,71
1633,3522,31268,5216,31268,770,71
1634,3522,31269,5216,31269,770,71
1634,3522,31270,5216,31270,770,71
1634,3522,31271,5216,31271,770,71
1634,3522,31272,5216,31272,770,71
1634,3522,31273,5216,31273,770,71
1634,3522,31274,5216,31274,770,71
1634,3522,31275,5216,31275,770,71
1634,3522,31276,5216,31276,770,71
1634,3522,31277,5216,31277,770,71
1634,3522,31278,5216,31278,770,71
1634,3522,31279,5216,31279,770,71
1634,3522,31280,5216,31280,770,71
1634,3522,31281,5216,31281,770,71
1634,3522,31282,5216,31282,770,71
1634,3522,31283,5216,31283,770,71
1634,3522,31284,5216,31284,770,71
1634,3522,31285,5216,31285,770,71
1634,3522,31286,5216,31286,770,71
1634,3522,31287,5216,31287,770,71
1634,3522,31288,5216,31288,770,71
1634,3522,31289,5216,31289,770,71
1634,3522,31290,5216,31290,770,71
1634,3522,31291,5216,31291,770,71
1634,3522,31292,5216,31292,770,71
1634,3522,31293,5216,31293,770,71
1634,3522,31294,5216,31294,770,71
1634,3522,31295,5216,31295,770,71
1634,3522,31296,5216,31296,770,71
1634,3522,31297,5216,31297,770,71
1634,3522,31298,5216,31298,770,71
1634,3522,31299,5216,31299,770,71
1634,3522,31300,5216,31300,770,71
1634,3522,31301,5216,31301,770,71
1634,3522,31302,5216,31302,770,71
1634,3522,31303,5216,31303,770,71
1634,3522,31304,5216,31304,770,71
1634,3522,31305,5216,31305,770,71
1634,3522,31306,5216,31306,770,71
1634,3522,31307,5216,31307,770,71
1634,3522,31308,5216,31308,770,71
1634,3522,31309,5216,31309,770,71
1634,3522,31310,5216,31310,770,71
1634,3522,31311,5216,31311,770,71
1634,3522,31312,5216,31312,770,71
1634,3522,31313,5216,31313,770,71
1634,3522,31314,5216,31314,770,71
1634,3522,31315,5216,31315,770,71
1634,3522,31316,5216,31316,770,71
1634,3522,31317,5216,31317,770,71
1634,3522,31318,5216,31318,770,71
1634,3522,31319,5216,31319,770,71
1634,3522,31320,5216,31320,770,71
1634,3522,31321,5216,31321,770,71
1634,3522,31322,5216,31322,770,71
1634,3522,31323,5216,31323,770,71
1634,3522,31324,5216,31324,770,71
1634,3522,31325,5216,31325,770,71
1634,3522,31326,5216,31326,770,71
1634,3522,31327,5216,31327,770,71
1634,3522,31328,5216,31328,770,71
1634,3522,31329,5216,31329,770,71
1634,3522,31330,5216,31330,770,71
1634,3522,31331,5216,31331,770,71
1634,3522,31332,5216,31332,770,71
1634,3522,31333,5216,31333,770,71
1634,3522,31334,5216,31334,770,71
1634,3522,31335,5216,31335,770,71
1634,3522,31336,5216,31336,770,71
1634,3522,31337,5216,31337,770,71
1634,3522,31338,5216,31338,770,71
1634,3522,31339,5216,31339,770,71
1634,3522,31340,5216,31340,770,71
1634,3522,31341,5216,31341,770,71
1634,3522,31342,5216,31342,770,71
1634,3522,31343,5216,31343,770,71
1634,3522,31344,5216,31344,770,71
1634,3522,31345,5216,31345,770,71
1634,3522,31346,5216,31346,770,71
1634,3522,31347,5216,31347,770,71
1634,3522,31348,5216,31348,770,71
1634,3522,31349,5216,31349,770,71
1634,3522,31350,5216,31350,770,71
1634,3522,31351,5216,31351,770,71
1634,3522,31352,5216,31352,770,71
1634,3522,31353,5216,31353,770,71
1634,3522,31354,5216,31354,770,71
1634,3522,31355,5216,31355,770,71
1634,3522,31356,5216,31356,770,71
1634,3522,31357,5216,31357,770,71
1634,3522,31358,5216,31358,770,71
1634,3522,31359,5216,31359,770,71
1634,3522,31360,5216,31360,770,71
1634,3522,31361,5216,31361,770,71
1634,3522,31362,5216,31362,770,71
1634,3522,31363,5216,31363,770,71
1634,3522,31364,5216,31364,770,71
1634,3522,31365,5216,31365,770,71
1634,3522,31366,5216,31366,770,71
1634,3522,31367,5216,31367,770,71
1634,3522,31368,5216,31368,770,71
1634,3522,31369,5216,31369,770,71
1634,3522,31370,5216,31370,770,71
1634,3522,31371,5216,31371,770,71
1634,3522,31372,5216,31372,770,71
1634,3522,31373,5216,31373,770,71
1634,3522,31374,5216,31374,770,71
1634,3522,31375,5216,31375,770,71
1634,3522,31376,5216,31376,770,71
1634,3522,31377,5216,31377,770,71
1634,3522,31378,5216,31378,770,71
1634,3522,31379,5216,31379,770,71
1634,3522,31380,5216,31380,770,71
1634,3522,31381,5216,31381,770,71
1634,3522,31382,5216,31382,770,71
1634,3522,31383,5216,31383,770,71
1634,3522,31384,5216,31384,770,71
1634,3522,31385,5216,31385,770,71
1634,3522,31386,5216,31386,770,71
1634,3522,31387,5216,31387,770,71
1634,3522,31388,5216,31388,770,71
1634,3522,31389,5216,31389,770,71
1634,3522,31390,5216,31390,770,71
1634,3522,31391,5216,31391,770,71
1634,3522,31392,5216,31392,770,71
1634,3522,31393,5216,31393,770,71
1634,3522,31394,5216,31394,770,71
1634,3522,31395,5216,31395,770,71
1634,3522,31396,5216,31396,770,71
1634,3522,31397,5216,31397,770,71
1634,3522,31398,5216,31398,770,71
1635,3522,31399,5216,31399,770,71
1635,3522,31400,5216,31400,770,71
1635,3522,31401,5216,31401,770,71
1635,3522,31402,5216,31402,770,71
1635,3522,31403,5216,31403,770,71
1635,3522,31404,5216,31404,770,71
1635,3522,31405,5216,31405,770,71
1635,3522,31406,5216,31406,770,71
1635,3522,31407,5216,31407,770,71
1635,3522,31408,5216,31408,770,71
1635,3522,31409,5216,31409,770,71
1635,3522,31410,5216,31410,770,71
1635,3522,31411,5216,31411,770,71
1635,3522,31412,5216,31412,770,71
1635,3522,31413,5216,31413,770,71
1635,3522,31414,5216,31414,770,71
1635,3522,31415,5216,31415,770,71
1635,3522,31416,5216,31416,770,71
1635,3522,31417,5216,31417,770,71
1635,3522,31418,5216,31418,770,71
1635,3522,31419,5216,31419,770,71
1635,3522,31420,5216,31420,770,71
1634,3522,31421,5216,31421,770,71
1634,3522,31422,5216,31422,770,71
1634,3522,31423,5216,31423,770,71
1633,3522,31424,5216,31424,770,71
1633,3522,31425,5216,31425,770,71
1633,3522,31426,5216,31426,770,71
1633,3522,31427,5216,31427,770,71
1633,3522,31428,5216,31428,770,71
1633,3522,31429,5216,31429,770,71
1633,3522,31430,5216,31430,770,71
1633,3522,31431,5216,31431,770,71
1633,3522,31432,5216,31432,770,71
1633,3522,31433,5216,31433,770,71
1633,3522,31434,5216,31434,770,71
1633,3522,31435,5216,31435,770,71
1633,3522,31436,5216,31436,770,71
1633,3522,31437,5216,31437,770,71
1633,3522,31438,5216,31438,770,71
1633,3522,31439,5216,31439,770,71
1633,3522,31440,5216,31440,770,71
1633,3522,31441,5216,31441,770,71
1633,3522,31442,5216,31442,770,71
1633,3522,31443,5216,31443,770,71
1633,3522,31444,5216,31444,770,71
1633,3522,31445,5216,31445,770,71
1633,3522,31446,5216,31446,770,71
1633,3522,31447,5216,31447,770,71
1633,3522,31448,5216,31448,770,71
1633,3522,31449,5216,31449,770,71
1633,3522,31450,5216,31450,770,71
1633,3522,31451,5216,31451,770,71
1633,3522,31452,5216,31452,770,71
1633,3522,31453,5216,31453,770,71
1633,3522,31454,5216,31454,770,71
1633,3522,31455,5216,31455,770,71
1632,3522,31456,5216,31456,770,71
1632,3522,31457,5216,31457,770,71
1632,3522,31458,5216,31458,770,71
1632,3522,31459,5216,31459,770,71
1631,3522,31460,5216,31460,770,71
1631,3522,31461,5216,31461,770,71
1631,3522,31462,5216,31462,770,71
1631,3522,31463,5216,31463,770,71
1631,3522,31464,5216,31464,770,71
1631,3522,31465,5216,31465,770,71
1631,3522,31466,5216,31466,770,71
1631,3522,31467,5216,31467,770,71
1631,3522,31468,5216,31468,770,71
1631,3522,31469,5216,31469,770,71
1631,3522,31470,5216,31470,770,71
1631,3522,31471,5216,31471,770,71
1631,3522,31472,5216,31472,770,71
1631,3522,31473,5216,31473,770,71
1631,3522,31474,5216,31474,770,71
1631,3522,31475,5216,31475,770,71
1631,3522,31476,5216,31476,770,71
1631,3522,31477,5216,31477,770,71
1631,3522,31478,5216,31478,770,71
1631,3522,31479,5216,31479,770,71
1631,3522,31480,5216,31480,770,71
1631,3522,31481,5216,31481,770,71
1631,3522,31482,5216,31482,770,71
1631,3522,31483,5216,31483,770,71
1631,3522,31484,5216,31484,770,71
1631,3522,31485,5216,31485,770,71
1632,3522,31486,5216,31486,770,71
1633,3522,31487,5216,31487,770,71
1633,3522,31488,5216,31488,770,71
1633,3522,31489,5216,31489,770,71
1633,3522,31490,5216,31490,770,71
1633,3522,31491,5216,31491,770,71
1633,3522,31492,5216,31492,770,71
1633,3522,31493,5216,31493,770,71
1633,3522,31494,5216,31494,770,71
1633,3522,31495,5216,31495,770,71
1633,3522,31496,5216,31496,770,71
1633,3522,31497,5216,31497,770,71
1633,3522,31498,5216,31498,770,71
1633,3522,31499,5216,31499,770,71
1633,3522,31500,5216,31500,770,71
1633,3522,31501,5216,31501,770,71
1634,3522,31502,5216,31502,770,71
1634,3522,31503,5216,31503,770,71
1634,3522,31504,5216,31504,770,71
1634,3522,31505,5216,31505,770,71
1634,3522,31506,5216,31506,770,71
1634,3522,31507,5216,31507,770,71
1634,3522,31508,5216,31508,770,71
1634,3522,31509,5216,31509,770,71
1634,3522,31510,5216,31510,770,71
1634,3522,31511,5216,31511,770,71
1634,3522,31512,5216,31512,770,71
1634,3522,31513,5216,31513,770,71
1634,3522,31514,5216,31514,770,71
1634,3522,31515,5216,31515,770,71
1634,3522,31516,5216,31516,770,71
1634,3522,31517,5216,31517,770,71
1634,3522,31518,5216,31518,770,71
1634,3522,31519,5216,31519,770,71
1634,3522,31520,5216,31520,770,71
1634,3522,31521,5216,31521,770,71
1634,3522,31522,5216,31522,770,71
1634,3522,31523,5216,31523,770,71
1634,3522,31524,5216,31524,770,71
1634,3522,31525,5216,31525,770,71
1634,3522,31526,5216,31526,770,71
1634,3522,31527,5216,31527,770,71
1634,3522,31528,5216,31528,770,71
1634,3522,31529,5216,31529,770,71
1634,3522,31530,5216,31530,770,71
1634,3522,31531,5216,31531,770,71
1634,3522,31532,5216,31532,770,71
1634,3522,31533,5216,31533,770,71
1634,3522,31534,5216,31534,770,71
1634,3522,31535,5216,31535,770,71
1634,3522,31536,5216,31536,770,71
1634,3522,31537,5216,31537,770,71
1634,3522,31538,5216,31538,770,71
1634,3522,31539,5216,31539,770,71
1634,3522,31540,5216,31540,770,71
1634,3522,31541,5216,31541,770,71
1634,3522,31542,5216,31542,770,71
1634,3522,31543,5216,31543,770,71
1634,3522,31544,5216,31544,770,71
1634,3522,31545,5216,31545,770,71
1634,3522,31546,5216,31546,770,71
1634,3522,31547,5216,31547,770,71
1633,3522,31548,5216,31548,770,71
1633,3522,31549,5216,31549,770,71
1633,3522,31550,5216,31550,770,71
1633,3522,31551,5216,31551,770,71
1633,3522,31552,5216,31552,770,71
1633,3522,31553,5216,31553,770,71
1634,3522,31554,5216,31554,770,71
1634,3522,31555,5216,31555,770,71
1634,3522,31556,5216,31556,770,71
1634,3522,31557,5216,31557,770,71
1634,3522,31558,5216,31558,770,71
1634,3522,31559,5216,31559,770,71
1634,3522,31560,5216,31560,770,71
1634,3522,31561,5216,31561,770,71
1634,3522,31562,5216,31562,770,71
1634,3522,31563,5216,31563,770,71
1634,3522,31564,5216,31564,770,71
1634,3522,31565,5216,31565,770,71
1634,3522,31566,5216,31566,770,71
1634,3522,31567,5216,31567,770,71
1634,3522,31568,5216,31568,770,71
1634,3522,31569,5216,31569,770,71
1634,3522,31570,5216,31570,770,71
1634,3522,31571,5216,31571,770,71
1633,3522,31572,5216,31572,770,71
1633,3522,31573,5216,31573,770,71
1633,3522,31574,5216,31574,770,71
1633,3522,31575,5216,31575,770,71
1633,3522,31576,5216,31576,770,71
1633,3522,31577,5216,31577,770,71
1633,3522,31578,5216,31578,770,71
1633,3522,31579,5216,31579,770,71
1633,3522,31580,5216,31580,770,71
1633,3522,31581,5216,31581,770,71
1633,3522,31582,5216,31582,770,71
1633,3522,31583,5216,31583,770,71
1633,3522,31584,5216,31584,770,71
1633,3522,31585,5216,31585,770,71
1633,3522,31586,5216,31586,770,71
1633,3522,31587,5216,31587,770,71
1633,3522,31588,5216,31588,770,71
1633,3522,31589,5216,31589,770,71
1633,3522,31590,5216,31590,770,71
1633,3522,31591,5216,31591,770,71
1633,3522,31592,5216,31592,770,71
1633,3522,31593,5216,31593,770,71
1633,3522,31594,5216,31594,770,71
1633,3522,31595,5216,31595,770,71
1633,3522,31596,5216,31596,770,71
1633,3522,31597,5216,31597,770,71
1633,3522,31598,5216,31598,770,71
1633,3522,31599,5216,31599,770,71
1633,3522,31600,5216,31600,770,71
1633,3522,31601,5216,31601,770,71
1633,3522,31602,5216,31602,770,71
1633,3522,31603,5216,31603,770,71
1633,3522,31604,5216,31604,770,71
1633,3522,31605,5216,31605,770,71
1633,3522,31606,5216,31606,770,71
1633,3522,31607,5216,31607,770,71
1633,3522,31608,5216,31608,770,71
1633,3522,31609,5216,31609,770,71
1633,3522,31610,5216,31610,770,71
1633,3522,31611,5216,31611,770,71
1633,3522,31612,5216,31612,770,71
1633,3522,31613,5216,31613,770,71
1633,3522,31614,5216,31614,770,71
1633,3522,31615,5216,31615,770,71
1633,3522,31616,5216,31616,770,71
1633,3522,31617,5216,31617,770,71
1633,3522,31618,5216,31618,770,71
1633,3522,31619,5216,31619,770,71
1633,3522,31620,5216,31620,770,71
1633,3522,31621,5216,31621,770,71
1633,3522,31622,5216,31622,770,71
1633,3522,31623,5216,31623,770,71
1633,3522,31624,5216,31624,770,71
1633,3522,31625,5216,31625,770,71
1633,3522,31626,5216,31626,770,71
1633,3522,31627,5216,31627,770,71
1633,3522,31628,5216,31628,770,71
1632,3522,31629,5216,31629,770,70
1632,3522,31630,5216,31630,770,70
1632,3522,31631,5216,31631,770,70
1632,3522,31632,5216,31632,770,70
1632,3522,31633,5216,31633,770,70
1632,3522,31634,5216,31634,770,70
1632,3522,31635,5216,31635,770,70
1632,3522,31636,5216,31636,770,70
1632,3522,31637,5216,31637,770,70
1632,3522,31638,5216,31638,770,70
1632,3522,31639,5216,31639,770,70
1632,3522,31640,5216,31640,770,70
1632,3522,31641,5216,31641,770,70
1632,3522,31642,5216,31642,770,70
1632,3522,31643,5216,31643,770,70
1632,3522,31644,5216,31644,770,70
1632,3522,31645,5216,31645,770,70
1632,3522,31646,5216,31646,770,70
1632,3522,31647,5216,31647,770,70
1632,3522,31648,5216,31648,770,70
1632,3522,31649,5216,31649,770,70
1632,3522,31650,5216,31650,770,70
1632,3522,31651,5216,31651,770,70
1632,3522,31652,5216,31652,770,70
1632,3522,31653,5216,31653,770,70
1632,3522,31654,5216,31654,770,70
1632,3522,31655,5216,31655,770,70
1632,3522,31656,5216,31656,770,70
1632,3522,31657,5216,31657,770,70
1632,3522,31658,5216,31658,770,70
1632,3522,31659,5216,31659,770,70
1632,3522,31660,5216,31660,770,70
1632,3522,31661,5216,31661,770,70
1632,3522,31662,5216,31662,770,70
1632,3522,31663,5216,31663,770,70
1632,3522,31664,5216,31664,770,70
1632,3522,31665,5216,31665,770,70
1632,3522,31666,5216,31666,770,70
1632,3522,31667,5216,31667,770,70
1632,3522,31668,5216,31668,770,70
1632,3522,31669,5216,31669,770,70
1632,3522,31670,5216,31670,770,70
1632,3522,31671,5216,31671,770,70
1632,3522,31672,5216,31672,770,70
1632,3522,31673,5216,31673,770,70
1632,3522,31674,5216,31674,770,70
1632,3522,31675,5216,31675,770,70
1632,3522,31676,5216,31676,770,70
1632,3522,31677,5216,31677,770,70
1632,3522,31678,5216,31678,770,70
1632,3522,31679,5216,31679,770,70
1632,3522,31680,5216,31680,770,70
1632,3522,31681,5216,31681,770,70
1632,3522,31682,5216,31682,770,70
1632,3522,31683,5216,31683,770,70
1632,3522,31684,5216,31684,770,70
1632,3522,31685,5216,31685,770,70
1632,3522,31686,5216,31686,770,70
1632,3522,31687,5216,31687,770,70
1632,3522,31688,5216,31688,770,70
1632,3522,31689,5216,31689,770,70
1632,3522,31690,5216,31690,770,70
1632,3522,31691,5216,31691,770,70
1632,3522,31692,5216,31692,770,70
1632,3522,31693,5216,31693,770,70
1632,3522,31694,5216,31694,770,70
1632,3522,31695,5216,31695,770,70
1632,3522,31696,5216,31696,770,70
1632,3522,31697,5216,31697,770,70
1632,3522,31698,5216,31698,770,70
1632,3522,31699,5216,31699,770,70
1632,3522,31700,5216,31700,770,70
1632,3522,31701,5216,31701,770,70
1632,3522,31702,5216,31702,770,70
1632,3522,31703,5216,31703,770,70
1632,3522,31704,5216,31704,770,70
1632,3522,31705,5216,31705,770,70
1632,3522,31706,5216,31706,770,70
1632,3522,31707,5216,31707,770,70
1632,3522,31708,5216,31708,770,70
1632,3522,31709,5216,31709,770,70
1632,3522,31710,5216,31710,770,70
1631,3522,31711,5216,31711,770,70
1631,3522,31712,5216,31712,770,70
1631,3522,31713,5216,31713,770,70
1631,3522,31714,5216,31714,770,70
1631,3522,31715,5216,31715,770,70
1631,3522,31716,5216,31716,770,70
1631,3522,31717,5216,31717,770,70
1631,3522,31718,5216,31718,770,70
1631,3522,31719,5216,31719,770,70
1631,3522,31720,5216,31720,770,70
1631,3522,31721,5216,31721,770,70
1631,3522,31722,5216,31722,770,70
1631,3522,31723,5216,31723,770,70
1631,3522,31724,5216,31724,770,70
1631,3522,31725,5216,31725,770,70
1631,3522,31726,5216,31726,770,70
1631,3522,31727,5216,31727,770,70
1631,3522,31728,5216,31728,770,70
1631,3522,31729,5216,31729,770,70
1631,3522,31730,5216,31730,770,70
1631,3522,31731,5216,31731,770,70
1631,3522,31732,5216,31732,770,70
1631,3522,31733,5216,31733,770,70
1631,3522,31734,5216,31734,770,70
1631,3522,31735,5216,31735,770,70
1631,3522,31736,5216,31736,770,70
1631,3522,31737,5216,31737,770,70
1631,3522,31738,5216,31738,770,70
1631,3522,31739,5216,31739,770,70
1631,3522,31740,5216,31740,770,70
1631,3522,31741,5216,31741,770,70
1631,3522,31742,5216,31742,770,70
1631,3522,31743,5216,31743,770,70
1631,3522,31744,5216,31744,770,70
1631,3522,31745,5216,31745,770,70
1631,3522,31746,5216,31746,770,70
1631,3522,31747,5216,31747,770,70
1631,3522,31748,5216,31748,770,70
1630,3522,31749,5216,31749,770,70
1630,3522,31750,5216,31750,770,70
1630,3522,31751,5216,31751,770,70
1630,3522,31752,5216,31752,770,70
1630,3522,31753,5216,31753,770,70
1630,3522,31754,5216,31754,770,70
1630,3522,31755,5216,31755,770,70
1630,3522,31756,5216,31756,770,70
1629,3522,31757,5216,31757,770,70
1629,3522,31758,5216,31758,770,70
1629,3522,31759,5216,31759,770,70
1629,3522,31760,5216,31760,770,70
1629,3522,31761,5216,31761,770,70
1629,3522,31762,5216,31762,770,70
1629,3522,31763,5216,31763,770,70
1629,3522,31764,5216,31764,770,70
1629,3522,31765,5216,31765,770,70
1629,3522,31766,5216,31766,770,70
1629,3522,31767,5216,31767,770,70
1629,3522,31768,5216,31768,770,70
1629,3522,31769,5216,31769,770,70
1629,3522,31770,5216,31770,770,70
1629,3522,31771,5216,31771,770,70
1629,3522,31772,5216,31772,770,70
1629,3522,31773,5216,31773,770,70
1629,3522,31774,5216,31774,770,70
1629,3522,31775,5216,31775,770,70
1629,3522,31776,5216,31776,770,70
1629,3522,31777,5216,31777,770,70
1629,3522,31778,5216,31778,770,70
1629,3522,31779,5216,31779,770,70
1629,3522,31780,5216,31780,770,70
1629,3522,31781,5216,31781,770,70
1629,3522,31782,5216,31782,770,70
1629,3522,31783,5216,31783,770,70
1629,3522,31784,5216,31784,770,70
1629,3522,31785,5216,31785,770,70
1629,3522,31786,5216,31786,770,70
1629,3522,31787,5216,31787,770,70
1629,3522,31788,5216,31788,770,70
1629,3522,31789,5216,31789,770,70
1629,3522,31790,5216,31790,770,70
1629,3522,31791,5216,31791,770,70
1629,3522,31792,5216,31792,770,70
1629,3522,31793,5216,31793,770,70
1629,3522,31794,5216,31794,770,70
1629,3522,31795,5216,31795,770,70
1629,3522,31796,5216,31796,770,70
1629,3522,31797,5216,31797,770,70
1629,3522,31798,5216,31798,770,70
1629,3522,31799,5216,31799,770,70
1630,3522,31800,5216,31800,770,70
1630,3522,31801,5216,31801,770,70
1630,3522,31802,5216,31802,770,70
1630,3522,31803,5216,31803,770,70
1630,3522,31804,5216,31804,770,70
1630,3522,31805,5216,31805,770,70
1630,3522,31806,5216,31806,770,70
1630,3522,31807,5216,31807,770,70
1630,3522,31808,5216,31808,770,70
1630,3522,31809,5216,31809,770,70
1630,3522,31810,5216,31810,770,70
1630,3522,31811,5216,31811,770,70
1630,3522,31812,5216,31812,770,70
1631,3522,31813,5216,31813,770,70
1631,3522,31814,5216,31814,770,70
1631,3522,31815,5216,31815,770,70
1631,3522,31816,5216,31816,770,70
1631,3522,31817,5216,31817,770,70
1631,3522,31818,5216,31818,770,70
1631,3522,31819,5216,31819,770,70
1631,3522,31820,5216,31820,770,70
1631,3522,31821,5216,31821,770,70
1631,3522,31822,5216,31822,770,70
1631,3522,31823,5216,31823,770,70
1631,3522,31824,5216,31824,770,70
1631,3522,31825,5216,31825,770,70
1631,3522,31826,5216,31826,770,70
1631,3522,31827,5216,31827,770,70
1631,3522,31828,5216,31828,770,70
1631,3522,31829,5216,31829,770,70
1631,3522,31830,5216,31830,770,70
1631,3522,31831,5216,31831,770,70
1631,3522,31832,5216,31832,770,70
1631,3522,31833,5216,31833,770,70
1631,3522,31834,5216,31834,770,70
1631,3522,31835,5216,31835,770,70
1631,3522,31836,5216,31836,770,70
1630,3522,31837,5216,31837,770,70
1630,3522,31838,5216,31838,770,70
1631,3522,31839,5216,31839,770,70
1631,3522,31840,5216,31840,770,70
1631,3522,31841,5216,31841,770,70
1631,3522,31842,5216,31842,770,70
1631,3522,31843,5216,31843,770,70
1631,3522,31844,5216,31844,770,70
1631,3522,31845,5216,31845,770,70
1631,3522,31846,5216,31846,770,70
1631,3522,31847,5216,31847,770,70
1631,3522,31848,5216,31848,770,70
1631,3522,31849,5216,31849,770,70
1631,3522,31850,5216,31850,770,70
1631,3522,31851,5216,31851,770,70
1631,3522,31852,5216,31852,770,70
1631,3522,31853,5216,31853,770,70
1631,3522,31854,5216,31854,770,70
1631,3522,31855,5216,31855,770,70
1631,3522,31856,5216,31856,770,70
1631,3522,31857,5216,31857,770,70
1631,3522,31858,5216,31858,770,70
1631,3522,31859,5216,31859,770,70
1631,3522,31860,5216,31860,770,70
1631,3522,31861,5216,31861,770,70
1631,3522,31862,5216,31862,770,70
1631,3522,31863,5216,31863,770,70
1631,3522,31864,5216,31864,770,70
1631,3522,31865,5216,31865,770,70
1631,3522,31866,5216,31866,770,70
1631,3522,31867,5216,31867,770,70
1631,3522,31868,5216,31868,770,70
1631,3522,31869,5216,31869,770,70
1631,3522,31870,5216,31870,770,70
1631,3522,31871,5216,31871,770,70
1631,3522,31872,5216,31872,770,70
1631,3522,31873,5216,31873,770,70
1631,3522,31874,5216,31874,770,70
1631,3522,31875,5216,31875,770,70
1631,3522,31876,5216,31876,770,70
1632,3522,31877,5216,31877,770,70
1632,3522,31878,5216,31878,770,70
1632,3522,31879,5216,31879,770,70
1632,3522,31880,5216,31880,770,70
1632,3522,31881,5216,31881,770,70
1632,3522,31882,5216,31882,770,70
1632,3522,31883,5216,31883,770,70
1633,3522,31884,5216,31884,770,70
1633,3522,31885,5216,31885,770,70
1633,3522,31886,5216,31886,770,70
1633,3522,31887,5216,31887,770,70
1633,3522,31888,5216,31888,770,70
1633,3522,31889,5216,31889,770,70
1633,3522,31890,5216,31890,770,70
1633,3522,31891,5216,31891,770,70
1633,3522,31892,5216,31892,770,70
1633,3522,31893,5216,31893,770,70
1633,3522,31894,5216,31894,770,70
1633,3522,31895,5216,31895,770,70
1633,3522,31896,5216,31896,770,70
1633,3522,31897,5216,31897,770,70
1633,3522,31898,5216,31898,770,70
1633,3522,31899,5216,31899,770,70
1633,3522,31900,5216,31900,770,70
1633,3522,31901,5216,31901,770,70
1634,3522,31902,5216,31902,770,70
1634,3522,31903,5216,31903,770,70
1634,3522,31904,5216,31904,770,70
1634,3522,31905,5216,31905,770,70
1634,3522,31906,5216,31906,770,70
1634,3522,31907,5216,31907,770,70
1634,3522,31908,5216,31908,770,70
1633,3522,31909,5216,31909,770,70
1633,3522,31910,5216,31910,770,70
1633,3522,31911,5216,31911,770,70
1633,3522,31912,5216,31912,770,70
1633,3522,31913,5216,31913,770,70
1633,3522,31914,5216,31914,770,70
1633,3522,31915,5216,31915,770,70
1633,3522,31916,5216,31916,770,70
1633,3522,31917,5216,31917,770,70
1633,3522,31918,5216,31918,770,70
1633,3522,31919,5216,31919,770,70
1633,3522,31920,5216,31920,770,70
1633,3522,31921,5216,31921,770,70
1633,3522,31922,5216,31922,770,70
1633,3522,31923,5216,31923,770,70
1633,3522,31924,5216,31924,770,70
1633,3522,31925,5216,31925,770,70
1633,3522,31926,5216,31926,770,70
1633,3522,31927,5216,31927,770,70
1633,3522,31928,5216,31928,770,70
1633,3522,31929,5216,31929,770,70
1632,3522,31930,5216,31930,770,70
1632,3522,31931,5216,31931,770,70
1632,3522,31932,5216,31932,770,70
1632,3522,31933,5216,31933,770,70
1632,3522,31934,5216,31934,770,70
1632,3522,31935,5216,31935,770,70
1632,3522,31936,5216,31936,770,70
1632,3522,31937,5216,31937,770,70
1632,3522,31938,5216,31938,770,70
1632,3522,31939,5216,31939,770,70
1632,3522,31940,5216,31940,770,70
1632,3522,31941,5216,31941,770,70
1632,3522,31942,5216,31942,770,70
1632,3522,31943,5216,31943,770,70
1632,3522,31944,5216,31944,770,70
1632,3522,31945,5216,31945,770,70
1632,3522,31946,5216,31946,770,70
1632,3522,31947,5216,31947,770,70
1632,3522,31948,5216,31948,770,70
1632,3522,31949,5216,31949,770,70
1631,3522,31950,5216,31950,770,70
1631,3522,31951,5216,31951,770,70
1631,3522,31952,5216,31952,770,70
1631,3522,31953,5216,31953,770,70
1631,3522,31954,5216,31954,770,70
1631,3522,31955,5216,31955,770,70
1631,3522,31956,5216,31956,770,70
1631,3522,31957,5216,31957,770,70
1631,3522,31958,5216,31958,770,70
1631,3522,31959,5216,31959,770,70
1631,3522,31960,5216,31960,770,70
1631,3522,31961,5216,31961,770,70
1631,3522,31962,5216,31962,770,70
1631,3522,31963,5216,31963,770,70
1631,3522,31964,5216,31964,770,70
1632,3522,31965,5216,31965,770,70
1632,3522,31966,5216,31966,770,70
1632,3522,31967,5216,31967,770,70
1632,3522,31968,5216,31968,770,70
1632,3522,31969,5216,31969,770,70
1632,3522,31970,5216,31970,770,70
1632,3522,31971,5216,31971,770,70
1632,3522,31972,5216,31972,770,70
1632,3522,31973,5216,31973,770,70
1632,3522,31974,5216,31974,770,70
1632,3522,31975,5216,31975,770,70
1632,3522,31976,5216,31976,770,70
1632,3522,31977,5216,31977,770,70
1632,3522,31978,5216,31978,770,70
1632,3522,31979,5216,31979,770,70
1632,3522,31980,5216,31980,770,70
1632,3522,31981,5216,31981,770,70
1632,3522,31982,5216,31982,770,70
1632,3522,31983,5216,31983,770,70
1632,3522,31984,5216,31984,770,70
1632,3522,31985,5216,31985,770,70
1632,3522,31986,5216,31986,770,70
1632,3522,31987,5216,31987,770,70
1632,3522,31988,5216,31988,770,70
1631,3522,31989,5216,31989,770,70
1631,3522,31990,5216,31990,770,70
1631,3522,31991,5216,31991,770,70
1631,3522,31992,5216,31992,770,70
1631,3522,31993,5216,31993,770,70
1631,3522,31994,5216,31994,770,70
1631,3522,31995,5216,31995,770,70
1631,3522,31996,5216,31996,770,70
1631,3522,31997,5216,31997,770,70
1631,3522,31998,5216,31998,770,70
1631,3522,31999,5216,31999,770,70
1631,3522,32000,5216,32000,770,70
1631,3522,32001,5216,32001,770,70
1631,3522,32002,5216,32002,770,70
1631,3522,32003,5216,32003,770,70
1631,3522,32004,5216,32004,770,70
1631,3522,32005,5216,32005,770,70
1631,3522,32006,5216,32006,770,70
1631,3522,32007,5216,32007,770,70
1631,3522,32008,5216,32008,770,70
1631,3522,32009,5216,32009,770,70
1631,3522,32010,5216,32010,770,70
1631,3522,32011,5216,32011,770,70
1631,3522,32012,5216,32012,770,70
1631,3522,32013,5216,32013,770,70
1631,3522,32014,5216,32014,770,70
1631,3522,32015,5216,32015,770,70
1631,3522,32016,5216,32016,770,70
1630,3522,32017,5216,32017,770,70
1629,3522,32018,5216,32018,770,70
1629,3522,32019,5216,32019,770,70
1629,3522,32020,5216,32020,770,70
1629,3522,32021,5216,32021,770,70
1629,3522,32022,5216,32022,770,70
1629,3522,32023,5216,32023,770,70
1629,3522,32024,5216,32024,770,70
1629,3522,32025,5216,32025,770,70
1629,3522,32026,5216,32026,770,70
1629,3522,32027,5216,32027,770,70
1629,3522,32028,5216,32028,770,70
1629,3522,32029,5216,32029,770,70
1629,3522,32030,5216,32030,770,70
1629,3522,32031,5216,32031,770,70
1629,3522,32032,5216,32032,770,70
1629,3522,32033,5216,32033,770,70
1629,3522,32034,5216,32034,770,70
1629,3522,32035,5216,32035,770,70
1629,3522,32036,5216,32036,770,70
1629,3522,32037,5216,32037,770,70
1629,3522,32038,5216,32038,770,70
1629,3522,32039,5216,32039,770,70
1629,3522,32040,5216,32040,770,70
1629,3522,32041,5216,32041,770,70
1629,3522,32042,5216,32042,770,70
1629,3522,32043,5216,32043,770,70
1629,3522,32044,5216,32044,770,70
1629,3522,32045,5216,32045,770,70
1629,3522,32046,5216,32046,770,70
1629,3522,32047,5216,32047,770,70
1629,3522,32048,5216,32048,770,70
1629,3522,32049,5216,32049,770,70
1629,3522,32050,5216,32050,770,70
1629,3522,32051,5216,32051,770,70
1629,3522,32052,5216,32052,770,70
1629,3522,32053,5216,32053,770,70
1629,3522,32054,5216,32054,770,70
1629,3522,32055,5216,32055,770,70
1629,3522,32056,5216,32056,770,70
1629,3522,32057,5216,32057,770,70
1629,3522,32058,5216,32058,770,70
1629,3522,32059,5216,32059,770,70
1628,3522,32060,5216,32060,770,70
1627,3522,32061,5216,32061,770,70
1627,3522,32062,5216,32062,770,70
1627,3522,32063,5216,32063,770,70
1627,3522,32064,5216,32064,770,70
1627,3522,32065,5216,32065,770,70
1627,3522,32066,5216,32066,770,70
1627,3522,32067,5216,32067,770,70
1627,3522,32068,5216,32068,770,70
1627,3522,32069,5216,32069,770,70
1627,3522,32070,5216,32070,770,70
1627,3522,32071,5216,32071,770,70
1627,3522,32072,5216,32072,770,70
1627,3522,32073,5216,32073,770,70
1627,3522,32074,5216,32074,770,70
1627,3522,32075,5216,32075,770,70
1627,3522,32076,5216,32076,770,70
1627,3522,32077,5216,32077,770,70
1627,3522,32078,5216,32078,770,70
1627,3522,32079,5216,32079,770,70
1627,3522,32080,5216,32080,770,70
1627,3522,32081,5216,32081,770,70
1627,3522,32082,5216,32082,770,70
1626,3522,32083,5216,32083,770,70
1626,3522,32084,5216,32084,770,70
1626,3522,32085,5216,32085,770,70
1626,3522,32086,5216,32086,770,70
1626,3522,32087,5216,32087,770,70
1626,3522,32088,5216,32088,770,70
1626,3522,32089,5216,32089,770,70
1626,3522,32090,5216,32090,770,70
1627,3522,32091,5216,32091,770,70
1627,3522,32092,5216,32092,770,70
1627,3522,32093,5216,32093,770,70
1627,3522,32094,5216,32094,770,70
1627,3522,32095,5216,32095,770,70
1627,3522,32096,5216,32096,770,70
1627,3522,32097,5216,32097,770,70
1627,3522,32098,5216,32098,770,70
1627,3522,32099,5216,32099,770,70
1627,3522,32100,5216,32100,770,70
1627,3522,32101,5216,32101,770,70
1627,3522,32102,5216,32102,770,70
1627,3522,32103,5216,32103,770,70
1627,3522,32104,5216,32104,770,70
1627,3522,32105,5216,32105,770,70
1627,3522,32106,5216,32106,770,70
1627,3522,32107,5216,32107,770,70
1627,3522,32108,5216,32108,770,70
1627,3522,32109,5216,32109,770,70
1627,3522,32110,5216,32110,770,70
1627,3522,32111,5216,32111,770,70
1627,3522,32112,5216,32112,770,70
1627,3522,32113,5216,32113,770,70
1627,3522,32114,5216,32114,770,70
1627,3522,32115,5216,32115,770,70
1627,3522,32116,5216,32116,770,70
1627,3522,32117,5216,32117,770,70
1627,3522,32118,5216,32118,770,70
1627,3522,32119,5216,32119,770,70
1627,3522,32120,5216,32120,770,70
1627,3522,32121,5216,32121,770,70
1627,3522,32122,5216,32122,770,70
1627,3522,32123,5216,32123,770,70
1627,3522,32124,5216,32124,770,70
1627,3522,32125,5216,32125,770,70
1627,3522,32126,5216,32126,770,70
1627,3522,32127,5216,32127,770,70
1627,3522,32128,5216,32128,770,70
1627,3522,32129,5216,32129,770,70
1627,3522,32130,5216,32130,770,70
1627,3522,32131,5216,32131,770,70
1627,3522,32132,5216,32132,770,70
1627,3522,32133,5216,32133,770,70
1627,3522,32134,5216,32134,770,70
1627,3522,32135,5216,32135,770,70
1627,3522,32136,5216,32136,770,70
1627,3522,32137,5216,32137,770,70
1627,3522,32138,5216,32138,770,70
1627,3522,32139,5216,32139,770,70
1627,3522,32140,5216,32140,770,70
1627,3522,32141,5216,32141,770,70
1627,3522,32142,5216,32142,770,70
1627,3522,32143,5216,32143,770,70
1627,3522,32144,5216,32144,770,70
1627,3522,32145,5216,32145,770,70
1627,3522,32146,5216,32146,770,70
1627,3522,32147,5216,32147,770,70
1627,3522,32148,5216,32148,770,70
1627,3522,32149,5216,32149,770,70
1627,3522,32150,5216,32150,770,70
1627,3522,32151,5216,32151,770,70
1627,3522,32152,5216,32152,770,70
1627,3522,32153,5216,32153,770,70
1627,3522,32154,5216,32154,770,70
1627,3522,32155,5216,32155,770,70
1627,3522,32156,5216,32156,770,70
1627,3522,32157,5216,32157,770,70
1627,3522,32158,5216,32158,770,70
1627,3522,32159,5216,32159,770,70
1627,3522,32160,5216,32160,770,70
1627,3522,32161,5216,32161,770,70
1627,3522,32162,5216,32162,770,70
1627,3522,32163,5216,32163,770,70
1627,3522,32164,5216,32164,770,70
1627,3522,32165,5216,32165,770,70
1627,3522,32166,5216,32166,770,70
1627,3522,32167,5216,32167,770,70
1626,3522,32168,5216,32168,770,70
1626,3522,32169,5216,32169,770,70
1626,3522,32170,5216,32170,770,70
1626,3522,32171,5216,32171,770,70
1626,3522,32172,5216,32172,770,70
1626,3522,32173,5216,32173,770,70
1626,3522,32174,5216,32174,770,70
1626,3522,32175,5216,32175,770,70
1625,3522,32176,5216,32176,770,70
1626,3522,32177,5216,32177,770,70
1626,3522,32178,5216,32178,770,70
1626,3522,32179,5216,32179,770,70
1626,3522,32180,5216,32180,770,70
1626,3522,32181,5216,32181,770,70
1626,3522,32182,5216,32182,770,70
1626,3522,32183,5216,32183,770,70
1626,3522,32184,5216,32184,770,70
1626,3522,32185,5216,32185,770,70
1626,3522,32186,5216,32186,770,70
1626,3522,32187,5216,32187,770,70
1626,3522,32188,5216,32188,770,70
1626,3522,32189,5216,32189,770,70
1626,3522,32190,5216,32190,770,70
1626,3522,32191,5216,32191,770,70
1626,3522,32192,5216,32192,770,70
1626,3522,32193,5216,32193,770,70
1626,3522,32194,5216,32194,770,70
1626,3522,32195,5216,32195,770,70
1626,3522,32196,5216,32196,770,70
1626,3522,32197,5216,32197,770,70
1626,3522,32198,5216,32198,770,70
1626,3522,32199,5216,32199,770,70
1626,3522,32200,5216,32200,770,70
1626,3522,32201,5216,32201,770,70
1626,3522,32202,5216,32202,770,70
1626,3522,32203,5216,32203,770,70
1626,3522,32204,5216,32204,770,70
1626,3522,32205,5216,32205,770,70
1626,3522,32206,5216,32206,770,70
1626,3522,32207,5216,32207,770,70
1626,3522,32208,5216,32208,770,70
1626,3522,32209,5216,32209,770,70
1626,3522,32210,5216,32210,770,70
1626,3522,32211,5216,32211,770,70
1626,3522,32212,5216,32212,770,70
1626,3522,32213,5216,32213,770,70
1626,3522,32214,5216,32214,770,70
1626,3522,32215,5216,32215,770,70
1626,3522,32216,5216,32216,770,70
1626,3522,32217,5216,32217,770,70
1626,3522,32218,5216,32218,770,70
1626,3522,32219,5216,32219,770,70
1626,3522,32220,5216,32220,770,70
1627,3522,32221,5216,32221,770,70
1627,3522,32222,5216,32222,770,70
1627,3522,32223,5216,32223,770,70
1627,3522,32224,5216,32224,770,70
1627,3522,32225,5216,32225,770,70
1627,3522,32226,5216,32226,770,70
1627,3522,32227,5216,32227,770,70
1627,3522,32228,5216,32228,770,70
1627,3522,32229,5216,32229,770,70
1627,3522,32230,5216,32230,770,70
1627,3522,32231,5216,32231,770,70
1627,3522,32232,5216,32232,770,70
1627,3522,32233,5216,32233,770,70
1627,3522,32234,5216,32234,770,70
1627,3522,32235,5216,32235,770,70
1627,3522,32236,5216,32236,770,70
1627,3522,32237,5216,32237,770,70
1627,3522,32238,5216,32238,770,70
1627,3522,32239,5216,32239,770,70
1627,3522,32240,5216,32240,770,70
1627,3522,32241,5216,32241,770,70
1627,3522,32242,5216,32242,770,70
1627,3522,32243,5216,32243,770,70
1627,3522,32244,5216,32244,770,70
1627,3522,32245,5216,32245,770,70
1627,3522,32246,5216,32246,770,70
1627,3522,32247,5216,32247,770,70
1627,3522,32248,5216,32248,770,70
1627,3522,32249,5216,32249,770,70
1627,3522,32250,5216,32250,770,70
1627,3522,32251,5216,32251,770,70
1627,3522,32252,5216,32252,770,70
1627,3522,32253,5216,32253,770,70
1627,3522,32254,5216,32254,770,70
1627,3522,32255,5216,32255,770,70
1627,3522,32256,5216,32256,770,70
1627,3522,32257,5216,32257,770,70
1627,3522,32258,5216,32258,770,70
1627,3522,32259,5216,32259,770,70
1627,3522,32260,5216,32260,770,70
1627,3522,32261,5216,32261,770,70
1627,3522,32262,5216,32262,770,70
1627,3522,32263,5216,32263,770,70
1627,3522,32264,5216,32264,770,70
1627,3522,32265,5216,32265,770,70
1627,3522,32266,5216,32266,770,70
1627,3522,32267,5216,32267,770,70
1627,3522,32268,5216,32268,770,70
1627,3522,32269,5216,32269,770,70
1627,3522,32270,5216,32270,770,70
1627,3522,32271,5216,32271,770,70
1627,3522,32272,5216,32272,770,70
1627,3522,32273,5216,32273,770,70
1627,3522,32274,5216,32274,770,70
1627,3522,32275,5216,32275,770,70
1627,3522,32276,5216,32276,770,70
1627,3522,32277,5216,32277,770,70
1627,3522,32278,5216,32278,770,70
1627,3522,32279,5216,32279,770,70
1627,3522,32280,5216,32280,770,70
1627,3522,32281,5216,32281,770,70
1627,3522,32282,5216,32282,770,70
1627,3522,32283,5216,32283,770,70
1627,3522,32284,5216,32284,770,70
1627,3522,32285,5216,32285,770,70
1627,3522,32286,5216,32286,770,70
1627,3522,32287,5216,32287,770,70
1627,3522,32288,5216,32288,770,70
1627,3522,32289,5216,32289,770,70
1627,3522,32290,5216,32290,770,70
1627,3522,32291,5216,32291,770,70
1627,3522,32292,5216,32292,770,70
1627,3522,32293,5216,32293,770,70
1627,3522,32294,5216,32294,770,70
1627,3522,32295,5216,32295,770,70
1627,3522,32296,5216,32296,770,70
1627,3522,32297,5216,32297,770,70
1627,3522,32298,5216,32298,770,70
1627,3522,32299,5216,32299,770,70
1627,3522,32300,5216,32300,770,70
1627,3522,32301,5216,32301,770,70
1627,3522,32302,5216,32302,770,70
1627,3522,32303,5216,32303,770,70
1627,3522,32304,5216,32304,770,70
1627,3522,32305,5216,32305,770,70
1627,3522,32306,5216,32306,770,70
1627,3522,32307,5216,32307,770,70
1627,3522,32308,5216,32308,770,70
1627,3522,32309,5216,32309,770,70
1627,3522,32310,5216,32310,770,70
1627,3522,32311,5216,32311,770,70
1627,3522,32312,5216,32312,770,70
1627,3522,32313,5216,32313,770,70
1627,3522,32314,5216,32314,770,70
1627,3522,32315,5216,32315,770,70
1627,3522,32316,5216,32316,770,70
1627,3522,32317,5216,32317,770,70
1627,3522,32318,5216,32318,770,70
1627,3522,32319,5216,32319,770,70
1627,3522,32320,5216,32320,770,70
1627,3522,32321,5216,32321,770,70
1627,3522,32322,5216,32322,770,70
1627,3522,32323,5216,32323,770,70
1627,3522,32324,5216,32324,770,70
1627,3522,32325,5216,32325,770,70
1627,3522,32326,5216,32326,770,70
1627,3522,32327,5216,32327,770,70
1627,3522,32328,5216,32328,770,70
1627,3522,32329,5216,32329,770,70
1627,3522,32330,5216,32330,770,70
1627,3522,32331,5216,32331,770,70
1627,3522,32332,5216,32332,770,70
1626,3522,32333,5216,32333,770,70
1626,3522,32334,5216,32334,770,70
1626,3522,32335,5216,32335,770,70
1626,3522,32336,5216,32336,770,70
1626,3522,32337,5216,32337,770,70
1626,3522,32338,5216,32338,770,70
1626,3522,32339,5216,32339,770,70
1626,3522,32340,5216,32340,770,70
1626,3522,32341,5216,32341,770,70
1626,3522,32342,5216,32342,770,70
1626,3522,32343,5216,32343,770,70
1626,3522,32344,5216,32344,770,70
1626,3522,32345,5216,32345,770,70
1626,3522,32346,5216,32346,770,70
1626,3522,32347,5216,32347,770,70
1626,3522,32348,5216,32348,770,70
1626,3522,32349,5216,32349,770,70
1626,3522,32350,5216,32350,770,70
1626,3522,32351,5216,32351,770,70
1626,3522,32352,5216,32352,770,70
1626,3522,32353,5216,32353,770,70
1626,3522,32354,5216,32354,770,70
1626,3522,32355,5216,32355,770,70
1626,3522,32356,5216,32356,770,70
1626,3522,32357,5216,32357,770,70
1626,3522,32358,5216,32358,770,70
1626,3522,32359,5216,32359,770,70
1626,3522,32360,5216,32360,770,70
1626,3522,32361,5216,32361,770,70
1626,3522,32362,5216,32362,770,70
1626,3522,32363,5216,32363,770,70
1626,3522,32364,5216,32364,770,70
1626,3522,32365,5216,32365,770,70
1626,3522,32366,5216,32366,770,70
1626,3522,32367,5216,32367,770,70
1626,3522,32368,5216,32368,770,70
1626,3522,32369,5216,32369,770,70
1626,3522,32370,5216,32370,770,70
1626,3522,32371,5216,32371,770,70
1626,3522,32372,5216,32372,770,70
1626,3522,32373,5216,32373,770,70
1626,3522,32374,5216,32374,770,70
1626,3522,32375,5216,32375,770,70
1626,3522,32376,5216,32376,770,70
1626,3522,32377,5216,32377,770,70
1626,3522,32378,5216,32378,770,70
1626,3522,32379,5216,32379,770,70
1626,3522,32380,5216,32380,770,70
1626,3522,32381,5216,32381,770,70
1626,3522,32382,5216,32382,770,70
1626,3522,32383,5216,32383,770,70
1626,3522,32384,5216,32384,770,70
1626,3522,32385,5216,32385,770,70
1626,3522,32386,5216,32386,770,70
1626,3522,32387,5216,32387,770,70
1626,3522,32388,5216,32388,770,70
1626,3522,32389,5216,32389,770,70
1626,3522,32390,5216,32390,770,70
1626,3522,32391,5216,32391,770,70
1627,3522,32392,5216,32392,770,70
1627,3522,32393,5216,32393,770,70
1627,3522,32394,5216,32394,770,70
1626,3522,32395,5216,32395,770,70
1626,3522,32396,5216,32396,770,70
1626,3522,32397,5216,32397,770,70
1626,3522,32398,5216,32398,770,70
1626,3522,32399,5216,32399,770,70
1626,3522,32400,5216,32400,770,70
1626,3522,32401,5216,32401,770,70
1626,3522,32402,5216,32402,770,70
1626,3522,32403,5216,32403,770,70
1626,3522,32404,5216,32404,770,70
1626,3522,32405,5216,32405,770,70
1626,3522,32406,5216,32406,770,70
1626,3522,32407,5216,32407,770,70
1626,3522,32408,5216,32408,770,70
1626,3522,32409,5216,32409,770,70
1626,3522,32410,5216,32410,770,70
1626,3522,32411,5216,32411,770,70
1626,3522,32412,5216,32412,770,70
1626,3522,32413,5216,32413,770,70
1626,3522,32414,5216,32414,770,70
1626,3522,32415,5216,32415,770,70
1626,3522,32416,5216,32416,770,70
1626,3522,32417,5216,32417,770,70
1626,3522,32418,5216,32418,770,70
1626,3522,32419,5216,32419,770,70
1626,3522,32420,5216,32420,770,70
1626,3522,32421,5216,32421,770,70
1626,3522,32422,5216,32422,770,70
1626,3522,32423,5216,32423,770,70
1626,3522,32424,5216,32424,770,70
1626,3522,32425,5216,32425,770,70
1626,3522,32426,5216,32426,770,70
1626,3522,32427,5216,32427,770,70
1626,3522,32428,5216,32428,770,70
1626,3522,32429,5216,32429,770,70
1626,3522,32430,5216,32430,770,70
1626,3522,32431,5216,32431,770,70
1626,3522,32432,5216,32432,770,70
1626,3522,32433,5216,32433,770,70
1627,3522,32434,5216,32434,770,70
1627,3522,32435,5216,32435,770,70
1627,3522,32436,5216,32436,770,70
1627,3522,32437,5216,32437,770,70
1627,3522,32438,5216,32438,770,70
1627,3522,32439,5216,32439,770,70
1627,3522,32440,5216,32440,770,70
1627,3522,32441,5216,32441,770,70
1627,3522,32442,5216,32442,770,70
1626,3522,32443,5216,32443,770,70
1626,3522,32444,5216,32444,770,70
1626,3522,32445,5216,32445,770,70
1626,3522,32446,5216,32446,770,70
1626,3522,32447,5216,32447,770,70
1626,3522,32448,5216,32448,770,70
1626,3522,32449,5216,32449,770,70
1626,3522,32450,5216,32450,770,70
1626,3522,32451,5216,32451,770,70
1626,3522,32452,5216,32452,770,70
1626,3522,32453,5216,32453,770,70
1626,3522,32454,5216,32454,770,70
1626,3522,32455,5216,32455,770,70
1626,3522,32456,5216,32456,770,70
1626,3522,32457,5216,32457,770,70
1626,3522,32458,5216,32458,770,70
1626,3522,32459,5216,32459,770,70
1626,3522,32460,5216,32460,770,70
1626,3522,32461,5216,32461,770,70
1626,3522,32462,5216,32462,770,70
1626,3522,32463,5216,32463,770,70
1626,3522,32464,5216,32464,770,70
1626,3522,32465,5216,32465,770,70
1626,3522,32466,5216,32466,770,70
1626,3522,32467,5216,32467,770,70
1626,3522,32468,5216,32468,770,70
1626,3522,32469,5216,32469,770,70
1626,3522,32470,5216,32470,770,70
1626,3522,32471,5216,32471,770,70
1626,3522,32472,5216,32472,770,70
1626,3522,32473,5216,32473,770,70
1626,3522,32474,5216,32474,770,70
1626,3522,32475,5216,32475,770,70
1626,3522,32476,5216,32476,770,70
1626,3522,32477,5216,32477,770,70
1626,3522,32478,5216,32478,770,70
1626,3522,32479,5216,32479,770,70
1626,3522,32480,5216,32480,770,70
1626,3522,32481,5216,32481,770,70
1626,3522,32482,5216,32482,770,70
1626,3522,32483,5216,32483,770,70
1626,3522,32484,5216,32484,770,70
1626,3522,32485,5216,32485,770,70
1626,3522,32486,5216,32486,770,70
1626,3522,32487,5216,32487,770,70
1626,3522,32488,5216,32488,770,70
1626,3522,32489,5216,32489,770,70
1626,3522,32490,5216,32490,770,70
1626,3522,32491,5216,32491,770,70
1626,3522,32492,5216,32492,770,70
1626,3522,32493,5216,32493,770,70
1626,3522,32494,5216,32494,770,70
1626,3522,32495,5216,32495,770,70
1626,3522,32496,5216,32496,770,70
1626,3522,32497,5216,32497,770,70
1626,3522,32498,5216,32498,770,70
1626,3522,32499,5216,32499,770,70
1626,3522,32500,5216,32500,770,70
1626,3522,32501,5216,32501,770,70
1626,3522,32502,5216,32502,770,70
1626,3522,32503,5216,32503,770,70
1626,3522,32504,5216,32504,770,70
1626,3522,32505,5216,32505,770,70
1626,3522,32506,5216,32506,770,70
1626,3522,32507,5216,32507,770,70
1626,3522,32508,5216,32508,770,70
1626,3522,32509,5216,32509,770,70
1626,3522,32510,5216,32510,770,70
1626,3522,32511,5216,32511,770,70
1625,3522,32512,5216,32512,770,70
1625,3522,32513,5216,32513,770,70
1625,3522,32514,5216,32514,770,70
1625,3522,32515,5216,32515,770,70
1625,3522,32516,5216,32516,770,70
1625,3522,32517,5216,32517,770,70
1625,3522,32518,5216,32518,770,70
1625,3522,32519,5216,32519,770,70
1625,3522,32520,5216,32520,770,70
1625,3522,32521,5216,32521,770,70
1625,3522,32522,5216,32522,770,70
1625,3522,32523,5216,32523,770,70
1625,3522,32524,5216,32524,770,70
1625,3522,32525,5216,32525,770,70
1625,3522,32526,5216,32526,770,70
1626,3522,32527,5216,32527,770,70
1626,3522,32528,5216,32528,770,70
1626,3522,32529,5216,32529,770,70
1626,3522,32530,5216,32530,770,70
1626,3522,32531,5216,32531,770,70
1626,3522,32532,5216,32532,770,70
1626,3522,32533,5216,32533,770,70
1626,3522,32534,5216,32534,770,70
1626,3522,32535,5216,32535,770,70
1626,3522,32536,5216,32536,770,70
1626,3522,32537,5216,32537,770,70
1626,3522,32538,5216,32538,770,70
1626,3522,32539,5216,32539,770,70
1626,3522,32540,5216,32540,770,70
1626,3522,32541,5216,32541,770,70
1626,3522,32542,5216,32542,770,70
1626,3522,32543,5216,32543,770,70
1626,3522,32544,5216,32544,770,70
1626,3522,32545,5216,32545,770,70
1626,3522,32546,5216,32546,770,70
1626,3522,32547,5216,32547,770,70
1626,3522,32548,5216,32548,770,70
1626,3522,32549,5216,32549,770,70
1626,3522,32550,5216,32550,770,70
1626,3522,32551,5216,32551,770,70
1626,3522,32552,5216,32552,770,70
1626,3522,32553,5216,32553,770,70
1626,3522,32554,5216,32554,770,70
1626,3522,32555,5216,32555,770,70
1626,3522,32556,5216,32556,770,70
1626,3522,32557,5216,32557,770,70
1626,3522,32558,5216,32558,770,70
1626,3522,32559,5216,32559,770,70
1626,3522,32560,5216,32560,770,70
1626,3522,32561,5216,32561,770,70
1626,3522,32562,5216,32562,770,70
1626,3522,32563,5216,32563,770,70
1626,3522,32564,5216,32564,770,70
1626,3522,32565,5216,32565,770,70
1626,3522,32566,5216,32566,770,70
1626,3522,32567,5216,32567,770,70
1626,3522,32568,5216,32568,770,70
1626,3522,32569,5216,32569,770,70
1626,3522,32570,5216,32570,770,70
1626,3522,32571,5216,32571,770,70
1626,3522,32572,5216,32572,770,70
1626,3522,32573,5216,32573,770,70
1626,3522,32574,5216,32574,770,70
1626,3522,32575,5216,32575,770,70
1626,3522,32576,5216,32576,770,70
1626,3522,32577,5216,32577,770,70
1626,3522,32578,5216,32578,770,70
1626,3522,32579,5216,32579,770,70
1626,3522,32580,5216,32580,770,70
1626,3522,32581,5216,32581,770,70
1626,3522,32582,5216,32582,770,70
1626,3522,32583,5216,32583,770,70
1626,3522,32584,5216,32584,770,70
1626,3522,32585,5216,32585,770,70
1626,3522,32586,5216,32586,770,70
1626,3522,32587,5216,32587,770,70
1626,3522,32588,5216,32588,770,70
1626,3522,32589,5216,32589,770,70
1626,3522,32590,5216,32590,770,70
1626,3522,32591,5216,32591,770,70
1626,3522,32592,5216,32592,770,70
1626,3522,32593,5216,32593,770,70
1626,3522,32594,5216,32594,770,70
1626,3522,32595,5216,32595,770,70
1626,3522,32596,5216,32596,770,70
1626,3522,32597,5216,32597,770,70
1626,3522,32598,5216,32598,770,70
1626,3522,32599,5216,32599,770,70
1626,3522,32600,5216,32600,770,70
1626,3522,32601,5216,32601,770,70
1626,3522,32602,5216,32602,770,70
1626,3522,32603,5216,32603,770,70
1625,3522,32604,5216,32604,770,70
1625,3522,32605,5216,32605,770,70
1625,3522,32606,5216,32606,770,70
1625,3522,32607,5216,32607,770,70
1625,3522,32608,5216,32608,770,70
1625,3522,32609,5216,32609,770,70
1625,3522,32610,5216,32610,770,70
1625,3522,32611,5216,32611,770,70
1625,3522,32612,5216,32612,770,70
1625,3522,32613,5216,32613,770,70
1625,3522,32614,5216,32614,770,70
1625,3522,32615,5216,32615,770,70
1625,3522,32616,5216,32616,770,70
1625,3522,32617,5216,32617,770,70
1625,3522,32618,5216,32618,770,70
1625,3522,32619,5216,32619,770,70
1625,3522,32620,5216,32620,770,70
1625,3522,32621,5216,32621,770,70
1625,3522,32622,5216,32622,770,70
1625,3522,32623,5216,32623,770,70
1625,3522,32624,5216,32624,770,70
1625,3522,32625,5216,32625,770,70
1625,3522,32626,5216,32626,770,70
1625,3522,32627,5216,32627,770,70
1625,3522,32628,5216,32628,770,70
1625,3522,32629,5216,32629,770,70
1625,3522,32630,5216,32630,770,70
1625,3522,32631,5216,32631,770,70
1625,3522,32632,5216,32632,770,70
1625,3522,32633,5216,32633,770,70
1625,3522,32634,5216,32634,770,70
1625,3522,32635,5216,32635,770,70
1625,3522,32636,5216,32636,770,70
1625,3522,32637,5216,32637,770,70
1625,3522,32638,5216,32638,770,70
1625,3522,32639,5216,32639,770,70
1625,3522,32640,5216,32640,770,70
1625,3522,32641,5216,32641,770,70
1625,3522,32642,5216,32642,770,70
1625,3522,32643,5216,32643,770,70
1625,3522,32644,5216,32644,770,70
1625,3522,32645,5216,32645,770,70
1625,3522,32646,5216,32646,770,70
1625,3522,32647,5216,32647,770,70
1625,3522,32648,5216,32648,770,70
1625,3522,32649,5216,32649,770,70
1625,3522,32650,5216,32650,770,70
1625,3522,32651,5216,32651,770,70
1625,3522,32652,5216,32652,770,70
1625,3522,32653,5216,32653,770,70
1625,3522,32654,5216,32654,770,70
1625,3522,32655,5216,32655,770,70
1625,3522,32656,5216,32656,770,70
1625,3522,32657,5216,32657,770,70
1625,3522,32658,5216,32658,770,70
1625,3522,32659,5216,32659,770,70
1625,3522,32660,5216,32660,770,70
1625,3522,32661,5216,32661,770,70
1625,3522,32662,5216,32662,770,70
1625,3522,32663,5216,32663,770,70
1625,3522,32664,5216,32664,770,70
1625,3522,32665,5216,32665,770,70
1625,3522,32666,5216,32666,770,70
1625,3522,32667,5216,32667,770,70
1625,3522,32668,5216,32668,770,70
1625,3522,32669,5216,32669,770,70
1625,3522,32670,5216,32670,770,70
1625,3522,32671,5216,32671,770,70
1625,3522,32672,5216,32672,770,70
1625,3522,32673,5216,32673,770,70
1625,3522,32674,5216,32674,770,70
1625,3522,32675,5216,32675,770,70
1626,3522,32676,5216,32676,770,70
1626,3522,32677,5216,32677,770,70
1626,3522,32678,5216,32678,770,70
1626,3522,32679,5216,32679,770,70
1626,3522,32680,5216,32680,770,70
1626,3522,32681,5216,32681,770,70
1626,3522,32682,5216,32682,770,70
1626,3522,32683,5216,32683,770,70
1626,3522,32684,5216,32684,770,70
1626,3522,32685,5216,32685,770,70
1626,3522,32686,5216,32686,770,70
1626,3522,32687,5216,32687,770,70
1626,3522,32688,5216,32688,770,70
1626,3522,32689,5216,32689,770,70
1626,3522,32690,5216,32690,770,70
1626,3522,32691,5216,32691,770,70
1626,3522,32692,5216,32692,770,70
1626,3522,32693,5216,32693,770,70
1626,3522,32694,5216,32694,770,70
1626,3522,32695,5216,32695,770,70
1626,3522,32696,5216,32696,770,70
1626,3522,32697,5216,32697,770,70
1626,3522,32698,5216,32698,770,70
1626,3522,32699,5216,32699,770,70
1626,3522,32700,5216,32700,770,70
1626,3522,32701,5216,32701,770,70
1626,3522,32702,5216,32702,770,70
1626,3522,32703,5216,32703,770,70
1626,3522,32704,5216,32704,770,70
1626,3522,32705,5216,32705,770,70
1627,3522,32706,5216,32706,770,70
1627,3522,32707,5216,32707,770,70
1627,3522,32708,5216,32708,770,70
1627,3522,32709,5216,32709,770,70
1627,3522,32710,5216,32710,770,70
1627,3522,32711,5216,32711,770,70
1627,3522,32712,5216,32712,770,70
1627,3522,32713,5216,32713,770,70
1627,3522,32714,5216,32714,770,70
1627,3522,32715,5216,32715,770,70
1627,3522,32716,5216,32716,770,70
1627,3522,32717,5216,32717,770,70
1627,3522,32718,5216,32718,770,70
1627,3522,32719,5216,32719,770,70
1627,3522,32720,5216,32720,770,70
1627,3522,32721,5216,32721,770,70
1627,3522,32722,5216,32722,770,70
1627,3522,32723,5216,32723,770,70
1627,3522,32724,5216,32724,770,70
1627,3522,32725,5216,32725,770,70
1626,3522,32726,5216,32726,770,70
1626,3522,32727,5216,32727,770,70
1626,3522,32728,5216,32728,770,70
1626,3522,32729,5216,32729,770,70
1626,3522,32730,5216,32730,770,70
1626,3522,32731,5216,32731,770,70
1626,3522,32732,5216,32732,770,70
1626,3522,32733,5216,32733,770,70
1626,3522,32734,5216,32734,770,70
1626,3522,32735,5216,32735,770,70
1626,3522,32736,5216,32736,770,70
1625,3522,32737,5216,32737,770,70
1625,3522,32738,5216,32738,770,70
1625,3522,32739,5216,32739,770,70
1625,3522,32740,5216,32740,770,70
1625,3522,32741,5216,32741,770,70
1624,3522,32742,5216,32742,770,70
1624,3522,32743,5216,32743,770,70
1624,3522,32744,5216,32744,770,70
1624,3522,32745,5216,32745,770,70
1624,3522,32746,5216,32746,770,70
1624,3522,32747,5216,32747,770,70
1624,3522,32748,5216,32748,770,70
1624,3522,32749,5216,32749,770,70
1624,3522,32750,5216,32750,770,70
1624,3522,32751,5216,32751,770,70
1624,3522,32752,5216,32752,770,70
1624,3522,32753,5216,32753,770,70
1624,3522,32754,5216,32754,770,70
1624,3522,32755,5216,32755,770,70
1624,3522,32756,5216,32756,770,70
1624,3522,32757,5216,32757,770,70
1625,3522,32758,5216,32758,770,70
1625,3522,32759,5216,32759,770,70
1625,3522,32760,5216,32760,770,70
1625,3522,32761,5216,32761,770,70
1625,3522,32762,5216,32762,770,70
1625,3522,32763,5216,32763,770,70
1625,3522,32764,5216,32764,770,70
1625,3522,32765,5216,32765,770,70
1625,3522,32766,5216,32766,770,70
1625,3522,32767,5216,32767,770,70
1625,3522,32768,5216,32768,770,70
1625,3522,32769,5216,32769,770,70
1625,3522,32770,5216,32770,770,70
1625,3522,32771,5216,32771,770,70
1625,3522,32772,5216,32772,770,70
1625,3522,32773,5216,32773,770,70
1625,3522,32774,5216,32774,770,70
1625,3522,32775,5216,32775,770,70
1625,3522,32776,5216,32776,770,70
1625,3522,32777,5216,32777,770,70
1625,3522,32778,5216,32778,770,70
1625,3522,32779,5216,32779,770,70
1625,3522,32780,5216,32780,770,70
1625,3522,32781,5216,32781,770,70
1625,3522,32782,5216,32782,770,70
1625,3522,32783,5216,32783,770,70
1625,3522,32784,5216,32784,770,70
1625,3522,32785,5216,32785,770,70
1625,3522,32786,5216,32786,770,70
1625,3522,32787,5216,32787,770,70
1625,3522,32788,5216,32788,770,70
1625,3522,32789,5216,32789,770,70
1625,3522,32790,5216,32790,770,70
1625,3522,32791,5216,32791,770,70
1625,3522,32792,5216,32792,770,70
1625,3522,32793,5216,32793,770,70
1625,3522,32794,5216,32794,770,70
1625,3522,32795,5216,32795,770,70
1625,3522,32796,5216,32796,770,70
1625,3522,32797,5216,32797,770,70
1625,3522,32798,5216,32798,770,70
1625,3522,32799,5216,32799,770,70
1625,3522,32800,5216,32800,770,70
1625,3522,32801,5216,32801,770,70
1625,3522,32802,5216,32802,770,70
1625,3522,32803,5216,32803,770,70
1625,3522,32804,5216,32804,770,70
1625,3522,32805,5216,32805,770,70
1625,3522,32806,5216,32806,770,70
1625,3522,32807,5216,32807,770,70
1625,3522,32808,5216,32808,770,70
1625,3522,32809,5216,32809,770,70
1625,3522,32810,5216,32810,770,70
1625,3522,32811,5216,32811,770,70
1625,3522,32812,5216,32812,770,70
1625,3522,32813,5216,32813,770,70
1624,3522,32814,5216,32814,770,69
1624,3522,32815,5216,32815,770,69
1624,3522,32816,5216,32816,770,69
1624,3522,32817,5216,32817,770,69
1624,3522,32818,5216,32818,770,69
1624,3522,32819,5216,32819,770,69
1624,3522,32820,5216,32820,770,69
1625,3522,32821,5216,32821,770,69
1625,3522,32822,5216,32822,770,69
1625,3522,32823,5216,32823,770,69
1625,3522,32824,5216,32824,770,69
1625,3522,32825,5216,32825,770,69
1625,3522,32826,5216,32826,770,69
1625,3522,32827,5216,32827,770,69
1625,3522,32828,5216,32828,770,69
1625,3522,32829,5216,32829,770,69
1625,3522,32830,5216,32830,770,69
1625,3522,32831,5216,32831,770,69
1625,3522,32832,5216,32832,770,69
1625,3522,32833,5216,32833,770,69
1625,3522,32834,5216,32834,770,69
1625,3522,32835,5216,32835,770,69
1625,3522,32836,5216,32836,770,69
1625,3522,32837,5216,32837,770,69
1624,3522,32838,5216,32838,770,69
1624,3522,32839,5216,32839,770,69
1624,3522,32840,5216,32840,770,69
1624,3522,32841,5216,32841,770,69
1624,3522,32842,5216,32842,770,69
1624,3522,32843,5216,32843,770,69
1624,3522,32844,5216,32844,770,69
1624,3522,32845,5216,32845,770,69
1624,3522,32846,5216,32846,770,69
1624,3522,32847,5216,32847,770,69
1624,3522,32848,5216,32848,770,69
1624,3522,32849,5216,32849,770,69
1624,3522,32850,5216,32850,770,69
1624,3522,32851,5216,32851,770,69
1625,3522,32852,5216,32852,770,69
1625,3522,32853,5216,32853,770,69
1626,3522,32854,5216,32854,770,69
1626,3522,32855,5216,32855,770,69
1626,3522,32856,5216,32856,770,69
1626,3522,32857,5216,32857,770,69
1626,3522,32858,5216,32858,770,69
1626,3522,32859,5216,32859,770,69
1626,3522,32860,5216,32860,770,69
1626,3522,32861,5216,32861,770,69
1626,3522,32862,5216,32862,770,69
1626,3522,32863,5216,32863,770,69
1626,3522,32864,5216,32864,770,69
1626,3522,32865,5216,32865,770,69
1626,3522,32866,5216,32866,770,69
1626,3522,32867,5216,32867,770,69
1626,3522,32868,5216,32868,770,69
1626,3522,32869,5216,32869,770,69
1626,3522,32870,5216,32870,770,69
1626,3522,32871,5216,32871,770,69
1626,3522,32872,5216,32872,770,69
1626,3522,32873,5216,32873,770,69
1626,3522,32874,5216,32874,770,69
1626,3522,32875,5216,32875,770,69
1626,3522,32876,5216,32876,770,69
1626,3522,32877,5216,32877,770,69
1626,3522,32878,5216,32878,770,69
1626,3522,32879,5216,32879,770,69
1626,3522,32880,5216,32880,770,69
1626,3522,32881,5216,32881,770,69
1626,3522,32882,5216,32882,770,69
1626,3522,32883,5216,32883,770,69
1626,3522,32884,5216,32884,770,69
1626,3522,32885,5216,32885,770,69
1626,3522,32886,5216,32886,770,69
1625,3522,32887,5216,32887,770,69
1625,3522,32888,5216,32888,770,69
1625,3522,32889,5216,32889,770,69
1625,3522,32890,5216,32890,770,69
1625,3522,32891,5216,32891,770,69
1625,3522,32892,5216,32892,770,69
1625,3522,32893,5216,32893,770,69
1625,3522,32894,5216,32894,770,69
1625,3522,32895,5216,32895,770,69
1625,3522,32896,5216,32896,770,69
1625,3522,32897,5216,32897,770,69
1625,3522,32898,5216,32898,770,69
1625,3522,32899,5216,32899,770,69
1625,3522,32900,5216,32900,770,69
1625,3522,32901,5216,32901,770,69
1625,3522,32902,5216,32902,770,69
1625,3522,32903,5216,32903,770,69
1625,3522,32904,5216,32904,770,69
1625,3522,32905,5216,32905,770,69
1625,3522,32906,5216,32906,770,69
1625,3522,32907,5216,32907,770,69
1625,3522,32908,5216,32908,770,69
1625,3522,32909,5216,32909,770,69
1625,3522,32910,5216,32910,770,69
1625,3522,32911,5216,32911,770,69
1625,3522,32912,5216,32912,770,69
1625,3522,32913,5216,32913,770,69
1625,3522,32914,5216,32914,770,69
1625,3522,32915,5216,32915,770,69
1625,3522,32916,5216,32916,770,69
1625,3522,32917,5216,32917,770,69
1625,3522,32918,5216,32918,770,69
1625,3522,32919,5216,32919,770,69
1625,3522,32920,5216,32920,770,69
1625,3522,32921,5216,32921,770,69
1625,3522,32922,5216,32922,770,69
1625,3522,32923,5216,32923,770,69
1625,3522,32924,5216,32924,770,69
1625,3522,32925,5216,32925,770,69
1625,3522,32926,5216,32926,770,69
1625,3522,32927,5216,32927,770,69
1625,3522,32928,5216,32928,770,69
1625,3522,32929,5216,32929,770,69
1625,3522,32930,5216,32930,770,69
1626,3522,32931,5216,32931,770,69
1626,3522,32932,5216,32932,770,69
1626,3522,32933,5216,32933,770,69
1626,3522,32934,5216,32934,770,69
1626,3522,32935,5216,32935,770,69
1626,3522,32936,5216,32936,770,69
1626,3522,32937,5216,32937,770,69
1627,3522,32938,5216,32938,770,69
1627,3522,32939,5216,32939,770,69
1627,3522,32940,5216,32940,770,69
1627,3522,32941,5216,32941,770,69
1627,3522,32942,5216,32942,770,69
1627,3522,32943,5216,32943,770,69
1627,3522,32944,5216,32944,770,69
1627,3522,32945,5216,32945,770,69
1627,3522,32946,5216,32946,770,69
1627,3522,32947,5216,32947,770,69
1627,3522,32948,5216,32948,770,69
1627,3522,32949,5216,32949,770,69
1628,3522,32950,5216,32950,770,69
1628,3522,32951,5216,32951,770,69
1628,3522,32952,5216,32952,770,69
1628,3522,32953,5216,32953,770,69
1628,3522,32954,5216,32954,770,69
1628,3522,32955,5216,32955,770,69
1628,3522,32956,5216,32956,770,69
1628,3522,32957,5216,32957,770,69
1628,3522,32958,5216,32958,770,69
1627,3522,32959,5216,32959,770,68
1627,3522,32960,5216,32960,770,68
1627,3522,32961,5216,32961,770,68
1627,3522,32962,5216,32962,770,68
1627,3522,32963,5216,32963,770,68
1627,3522,32964,5216,32964,770,68
1627,3522,32965,5216,32965,770,68
1627,3522,32966,5216,32966,770,68
1627,3522,32967,5216,32967,770,68
1627,3522,32968,5216,32968,770,68
1627,3522,32969,5216,32969,770,68
1627,3522,32970,5216,32970,770,68
1627,3522,32971,5216,32971,770,68
1627,3522,32972,5216,32972,770,68
1627,3522,32973,5216,32973,770,68
1627,3522,32974,5216,32974,770,68
1627,3522,32975,5216,32975,770,68
1627,3522,32976,5216,32976,770,68
1627,3522,32977,5216,32977,770,68
1627,3522,32978,5216,32978,770,68
1627,3522,32979,5216,32979,770,68
1627,3522,32980,5216,32980,770,68
1627,3522,32981,5216,32981,770,68
1627,3522,32982,5216,32982,770,68
1627,3522,32983,5216,32983,770,68
1627,3522,32984,5216,32984,770,68
1627,3522,32985,5216,32985,770,68
1627,3522,32986,5216,32986,770,68
1627,3522,32987,5216,32987,770,68
1627,3522,32988,5216,32988,770,68
1627,3522,32989,5216,32989,770,68
1627,3522,32990,5216,32990,770,68
1627,3522,32991,5216,32991,770,68
1627,3522,32992,5216,32992,770,68
1627,3522,32993,5216,32993,770,68
1627,3522,32994,5216,32994,770,68
1627,3522,32995,5216,32995,770,68
1627,3522,32996,5216,32996,770,68
1627,3522,32997,5216,32997,770,68
1627,3522,32998,5216,32998,770,68
1627,3522,32999,5216,32999,770,68
1627,3522,33000,5216,33000,770,68
1627,3522,33001,5216,33001,770,68
1627,3522,33002,5216,33002,770,68
1627,3522,33003,5216,33003,770,68
1627,3522,33004,5216,33004,770,68
1627,3522,33005,5216,33005,770,68
1627,3522,33006,5216,33006,770,68
1627,3522,33007,5216,33007,770,68
1627,3522,33008,5216,33008,770,68
1627,3522,33009,5216,33009,770,68
1627,3522,33010,5216,33010,770,68
1627,3522,33011,5216,33011,770,68
1627,3522,33012,5216,33012,770,68
1627,3522,33013,5216,33013,770,68
1627,3522,33014,5216,33014,770,68
1627,3522,33015,5216,33015,770,68
1627,3522,33016,5216,33016,770,68
1627,3522,33017,5216,33017,770,68
1627,3522,33018,5216,33018,770,68
1627,3522,33019,5216,33019,770,68
1627,3522,33020,5216,33020,770,68
1627,3522,33021,5216,33021,770,68
1627,3522,33022,5216,33022,770,68
1627,3522,33023,5216,33023,770,68
1627,3522,33024,5216,33024,770,68
1627,3522,33025,5216,33025,770,68
1627,3522,33026,5216,33026,770,68
1627,3522,33027,5216,33027,770,68
1627,3522,33028,5216,33028,770,68
1626,3522,33029,5216,33029,770,68
1626,3522,33030,5216,33030,770,68
1626,3522,33031,5216,33031,770,68
1626,3522,33032,5216,33032,770,68
1626,3522,33033,5216,33033,770,68
1626,3522,33034,5216,33034,770,68
1626,3522,33035,5216,33035,770,68
1626,3522,33036,5216,33036,770,68
1626,3522,33037,5216,33037,770,68
1626,3522,33038,5216,33038,770,68
1626,3522,33039,5216,33039,770,68
1626,3522,33040,5216,33040,770,68
1626,3522,33041,5216,33041,770,68
1626,3522,33042,5216,33042,770,68
1626,3522,33043,5216,33043,770,68
1626,3522,33044,5216,33044,770,68
1626,3522,33045,5216,33045,770,68
1626,3522,33046,5216,33046,770,68
1626,3522,33047,5216,33047,770,68
1626,3522,33048,5216,33048,770,68
1626,3522,33049,5216,33049,770,68
1626,3522,33050,5216,33050,770,68
1626,3522,33051,5216,33051,770,68
1626,3522,33052,5216,33052,770,68
1626,3522,33053,5216,33053,770,68
1626,3522,33054,5216,33054,770,68
1625,3522,33055,5216,33055,770,68
1625,3522,33056,5216,33056,770,68
1625,3522,33057,5216,33057,770,68
1625,3522,33058,5216,33058,770,68
1625,3522,33059,5216,33059,770,68
1625,3522,33060,5216,33060,770,68
1625,3522,33061,5216,33061,770,68
1625,3522,33062,5216,33062,770,68
1625,3522,33063,5216,33063,770,68
1625,3522,33064,5216,33064,770,68
1625,3522,33065,5216,33065,770,68
1625,3522,33066,5216,33066,770,68
1625,3522,33067,5216,33067,770,68
1625,3522,33068,5216,33068,770,68
1625,3522,33069,5216,33069,770,68
1625,3522,33070,5216,33070,770,68
1625,3522,33071,5216,33071,770,68
1625,3522,33072,5216,33072,770,68
1625,3522,33073,5216,33073,770,68
1625,3522,33074,5216,33074,770,68
1625,3522,33075,5216,33075,770,68
1625,3522,33076,5216,33076,770,68
1625,3522,33077,5216,33077,770,68
1625,3522,33078,5216,33078,770,68
1625,3522,33079,5216,33079,770,68
1625,3522,33080,5216,33080,770,68
1625,3522,33081,5216,33081,770,68
1625,3522,33082,5216,33082,770,68
1625,3522,33083,5216,33083,770,68
1625,3522,33084,5216,33084,770,68
1625,3522,33085,5216,33085,770,68
1625,3522,33086,5216,33086,770,68
1625,3522,33087,5216,33087,770,68
1625,3522,33088,5216,33088,770,68
1625,3522,33089,5216,33089,770,68
1625,3522,33090,5216,33090,770,68
1625,3522,33091,5216,33091,770,68
1625,3522,33092,5216,33092,770,68
1625,3522,33093,5216,33093,770,68
1625,3522,33094,5216,33094,770,68
1625,3522,33095,5216,33095,770,68
1625,3522,33096,5216,33096,770,68
1625,3522,33097,5216,33097,770,68
1625,3522,33098,5216,33098,770,68
1625,3522,33099,5216,33099,770,68
1625,3522,33100,5216,33100,770,68
1625,3522,33101,5216,33101,770,68
1625,3522,33102,5216,33102,770,68
1625,3522,33103,5216,33103,770,68
1625,3522,33104,5216,33104,770,68
1625,3522,33105,5216,33105,770,68
1625,3522,33106,5216,33106,770,68
1625,3522,33107,5216,33107,770,68
1625,3522,33108,5216,33108,770,68
1625,3522,33109,5216,33109,770,68
1625,3522,33110,5216,33110,770,68
1625,3522,33111,5216,33111,770,68
1625,3522,33112,5216,33112,770,68
1625,3522,33113,5216,33113,770,68
1625,3522,33114,5216,33114,770,68
1625,3522,33115,5216,33115,770,68
1625,3522,33116,5216,33116,770,68
1625,3522,33117,5216,33117,770,68
1625,3522,33118,5216,33118,770,68
1625,3522,33119,5216,33119,770,68
1625,3522,33120,5216,33120,770,68
1625,3522,33121,5216,33121,770,68
1625,3522,33122,5216,33122,770,68
1625,3522,33123,5216,33123,770,68
1625,3522,33124,5216,33124,770,68
1625,3522,33125,5216,33125,770,68
1625,3522,33126,5216,33126,770,68
1625,3522,33127,5216,33127,770,68
1625,3522,33128,5216,33128,770,68
1625,3522,33129,5216,33129,770,68
1625,3522,33130,5216,33130,770,68
1625,3522,33131,5216,33131,770,68
1625,3522,33132,5216,33132,770,68
1625,3522,33133,5216,33133,770,68
1625,3522,33134,5216,33134,770,68
1625,3522,33135,5216,33135,770,68
1625,3522,33136,5216,33136,770,68
1625,3522,33137,5216,33137,770,68
1625,3522,33138,5216,33138,770,68
1625,3522,33139,5216,33139,770,68
1625,3522,33140,5216,33140,770,68
1625,3522,33141,5216,33141,770,68
1625,3522,33142,5216,33142,770,68
1625,3522,33143,5216,33143,770,68
1625,3522,33144,5216,33144,770,68
1625,3522,33145,5216,33145,770,68
1625,3522,33146,5216,33146,770,68
1625,3522,33147,5216,33147,770,68
1625,3522,33148,5216,33148,770,68
1625,3522,33149,5216,33149,770,68
1625,3522,33150,5216,33150,770,68
1625,3522,33151,5216,33151,770,68
1625,3522,33152,5216,33152,770,68
1625,3522,33153,5216,33153,770,68
1625,3522,33154,5216,33154,770,68
1625,3522,33155,5216,33155,770,68
1625,3522,33156,5216,33156,770,68
1625,3522,33157,5216,33157,770,68
1625,3522,33158,5216,33158,770,68
1625,3522,33159,5216,33159,770,68
1625,3522,33160,5216,33160,770,68
1625,3522,33161,5216,33161,770,68
1625,3522,33162,5216,33162,770,68
1625,3522,33163,5216,33163,770,68
1625,3522,33164,5216,33164,770,68
1625,3522,33165,5216,33165,770,68
1625,3522,33166,5216,33166,770,68
1625,3522,33167,5216,33167,770,68
1625,3522,33168,5216,33168,770,68
1625,3522,33169,5216,33169,770,68
1625,3522,33170,5216,33170,770,68
1625,3522,33171,5216,33171,770,68
1625,3522,33172,5216,33172,770,68
1625,3522,33173,5216,33173,770,68
1625,3522,33174,5216,33174,770,68
1625,3522,33175,5216,33175,770,68
1625,3522,33176,5216,33176,770,68
1625,3522,33177,5216,33177,770,68
1625,3522,33178,5216,33178,770,68
1625,3522,33179,5216,33179,770,68
1625,3522,33180,5216,33180,770,68
1625,3522,33181,5216,33181,770,68
1625,3522,33182,5216,33182,770,68
1624,3522,33183,5216,33183,770,67
1624,3522,33184,5216,33184,770,67
1624,3522,33185,5216,33185,770,67
1624,3522,33186,5216,33186,770,67
1624,3522,33187,5216,33187,770,67
1624,3522,33188,5216,33188,770,67
1624,3522,33189,5216,33189,770,67
1624,3522,33190,5216,33190,770,67
1624,3522,33191,5216,33191,770,67
1624,3522,33192,5216,33192,770,67
1624,3522,33193,5216,33193,770,67
1623,3522,33194,5216,33194,770,67
1623,3522,33195,5216,33195,770,67
1623,3522,33196,5216,33196,770,67
1623,3522,33197,5216,33197,770,67
1623,3522,33198,5216,33198,770,67
1623,3522,33199,5216,33199,770,67
1623,3522,33200,5216,33200,770,67
1623,3522,33201,5216,33201,770,67
1623,3522,33202,5216,33202,770,67
1623,3522,33203,5216,33203,770,67
1623,3522,33204,5216,33204,770,67
1623,3522,33205,5216,33205,770,67
1623,3522,33206,5216,33206,770,67
1623,3522,33207,5216,33207,770,67
1623,3522,33208,5216,33208,770,67
1623,3522,33209,5216,33209,770,67
1623,3522,33210,5216,33210,770,67
1623,3522,33211,5216,33211,770,67
1623,3522,33212,5216,33212,770,67
1623,3522,33213,5216,33213,770,67
1623,3522,33214,5216,33214,770,67
1623,3522,33215,5216,33215,770,67
1623,3522,33216,5216,33216,770,67
1623,3522,33217,5216,33217,770,67
1623,3522,33218,5216,33218,770,67
1623,3522,33219,5216,33219,770,67
1623,3522,33220,5216,33220,770,67
1623,3522,33221,5216,33221,770,67
1623,3522,33222,5216,33222,770,67
1623,3522,33223,5216,33223,770,67
1623,3522,33224,5216,33224,770,67
1623,3522,33225,5216,33225,770,67
1623,3522,33226,5216,33226,770,67
1623,3522,33227,5216,33227,770,67
1623,3522,33228,5216,33228,770,67
1623,3522,33229,5216,33229,770,67
1623,3522,33230,5216,33230,770,67
1623,3522,33231,5216,33231,770,67
1623,3522,33232,5216,33232,770,67
1623,3522,33233,5216,33233,770,67
1623,3522,33234,5216,33234,770,67
1623,3522,33235,5216,33235,770,67
1623,3522,33236,5216,33236,770,67
1623,3522,33237,5216,33237,770,67
1623,3522,33238,5216,33238,770,67
1623,3522,33239,5216,33239,770,67
1623,3522,33240,5216,33240,770,67
1623,3522,33241,5216,33241,770,67
1623,3522,33242,5216,33242,770,67
1623,3522,33243,5216,33243,770,67
1623,3522,33244,5216,33244,770,67
1623,3522,33245,5216,33245,770,67
1623,3522,33246,5216,33246,770,67
1623,3522,33247,5216,33247,770,67
1623,3522,33248,5216,33248,770,67
1623,3522,33249,5216,33249,770,67
1623,3522,33250,5216,33250,770,67
1623,3522,33251,5216,33251,770,67
1623,3522,33252,5216,33252,770,67
1623,3522,33253,5216,33253,770,67
1623,3522,33254,5216,33254,770,67
1623,3522,33255,5216,33255,770,67
1623,3522,33256,5216,33256,770,67
1623,3522,33257,5216,33257,770,67
1623,3522,33258,5216,33258,770,67
1623,3522,33259,5216,33259,770,67
1623,3522,33260,5216,33260,770,67
1623,3522,33261,5216,33261,770,67
1623,3522,33262,5216,33262,770,67
1623,3522,33263,5216,33263,770,67
1623,3522,33264,5216,33264,770,67
1623,3522,33265,5216,33265,770,67
1623,3522,33266,5216,33266,770,67
1623,3522,33267,5216,33267,770,67
1623,3522,33268,5216,33268,770,67
1623,3522,33269,5216,33269,770,67
1623,3522,33270,5216,33270,770,67
1623,3522,33271,5216,33271,770,67
1623,3522,33272,5216,33272,770,67
1623,3522,33273,5216,33273,770,67
1623,3522,33274,5216,33274,770,67
1623,3522,33275,5216,33275,770,67
1623,3522,33276,5216,33276,770,67
1623,3522,33277,5216,33277,770,67
1623,3522,33278,5216,33278,770,67
1623,3522,33279,5216,33279,770,67
1623,3522,33280,5216,33280,770,67
1623,3522,33281,5216,33281,770,67
1623,3522,33282,5216,33282,770,67
1623,3522,33283,5216,33283,770,67
1623,3522,33284,5216,33284,770,67
1623,3522,33285,5216,33285,770,67
1623,3522,33286,5216,33286,770,67
1623,3522,33287,5216,33287,770,67
1622,3522,33288,5216,33288,770,67
1622,3522,33289,5216,33289,770,67
1622,3522,33290,5216,33290,770,67
1622,3522,33291,5216,33291,770,67
1622,3522,33292,5216,33292,770,67
1622,3522,33293,5216,33293,770,67
1622,3522,33294,5216,33294,770,67
1622,3522,33295,5216,33295,770,67
1622,3522,33296,5216,33296,770,67
1622,3522,33297,5216,33297,770,67
1622,3522,33298,5216,33298,770,67
1622,3522,33299,5216,33299,770,67
1622,3522,33300,5216,33300,770,67
1622,3522,33301,5216,33301,770,67
1622,3522,33302,5216,33302,770,67
1622,3522,33303,5216,33303,770,67
1622,3522,33304,5216,33304,770,67
1622,3522,33305,5216,33305,770,67
1622,3522,33306,5216,33306,770,67
1622,3522,33307,5216,33307,770,67
1622,3522,33308,5216,33308,770,67
1622,3522,33309,5216,33309,770,67
1622,3522,33310,5216,33310,770,67
1622,3522,33311,5216,33311,770,67
1622,3522,33312,5216,33312,770,67
1622,3522,33313,5216,33313,770,67
1622,3522,33314,5216,33314,770,67
1622,3522,33315,5216,33315,770,67
1622,3522,33316,5216,33316,770,67
1622,3522,33317,5216,33317,770,67
1622,3522,33318,5216,33318,770,67
1622,3522,33319,5216,33319,770,67
1622,3522,33320,5216,33320,770,67
1622,3522,33321,5216,33321,770,67
1622,3522,33322,5216,33322,770,67
1622,3522,33323,5216,33323,770,67
1622,3522,33324,5216,33324,770,67
1622,3522,33325,5216,33325,770,67
1622,3522,33326,5216,33326,770,67
1622,3522,33327,5216,33327,770,67
1622,3522,33328,5216,33328,770,67
1622,3522,33329,5216,33329,770,67
1622,3522,33330,5216,33330,770,67
1622,3522,33331,5216,33331,770,67
1622,3522,33332,5216,33332,770,67
1622,3522,33333,5216,33333,770,67
1622,3522,33334,5216,33334,770,67
1622,3522,33335,5216,33335,770,67
1622,3522,33336,5216,33336,770,67
1622,3522,33337,5216,33337,770,67
1622,3522,33338,5216,33338,770,67
1622,3522,33339,5216,33339,770,67
1622,3522,33340,5216,33340,770,67
1622,3522,33341,5216,33341,770,67
1622,3522,33342,5216,33342,770,67
1622,3522,33343,5216,33343,770,67
1622,3522,33344,5216,33344,770,67
1622,3522,33345,5216,33345,770,67
1622,3522,33346,5216,33346,770,67
1623,3522,33347,5216,33347,770,67
1623,3522,33348,5216,33348,770,67
1623,3522,33349,5216,33349,770,67
1623,3522,33350,5216,33350,770,67
1623,3522,33351,5216,33351,770,67
1623,3522,33352,5216,33352,770,67
1623,3522,33353,5216,33353,770,67
1623,3522,33354,5216,33354,770,67
1623,3522,33355,5216,33355,770,67
1623,3522,33356,5216,33356,770,67
1623,3522,33357,5216,33357,770,67
1623,3522,33358,5216,33358,770,67
1623,3522,33359,5216,33359,770,67
1623,3522,33360,5216,33360,770,67
1623,3522,33361,5216,33361,770,67
1623,3522,33362,5216,33362,770,67
1623,3522,33363,5216,33363,770,67
1623,3522,33364,5216,33364,770,67
1623,3522,33365,5216,33365,770,67
1623,3522,33366,5216,33366,770,67
1623,3522,33367,5216,33367,770,67
1623,3522,33368,5216,33368,770,67
1623,3522,33369,5216,33369,770,67
1623,3522,33370,5216,33370,770,67
1623,3522,33371,5216,33371,770,67
1623,3522,33372,5216,33372,770,67
1623,3522,33373,5216,33373,770,67
1623,3522,33374,5216,33374,770,67
1623,3522,33375,5216,33375,770,67
1623,3522,33376,5216,33376,770,67
1623,3522,33377,5216,33377,770,67
1623,3522,33378,5216,33378,770,67
1623,3522,33379,5216,33379,770,67
1623,3522,33380,5216,33380,770,67
1623,3522,33381,5216,33381,770,67
1623,3522,33382,5216,33382,770,67
1623,3522,33383,5216,33383,770,67
1623,3522,33384,5216,33384,770,67
1623,3522,33385,5216,33385,770,67
1623,3522,33386,5216,33386,770,67
1623,3522,33387,5216,33387,770,67
1623,3522,33388,5216,33388,770,67
1623,3522,33389,5216,33389,770,67
1623,3522,33390,5216,33390,770,67
1623,3522,33391,5216,33391,770,67
1623,3522,33392,5216,33392,770,67
1623,3522,33393,5216,33393,770,67
1623,3522,33394,5216,33394,770,67
1623,3522,33395,5216,33395,770,67
1623,3522,33396,5216,33396,770,67
1623,3522,33397,5216,33397,770,67
1623,3522,33398,5216,33398,770,67
1623,3522,33399,5216,33399,770,67
1623,3522,33400,5216,33400,770,67
1623,3522,33401,5216,33401,770,67
1623,3522,33402,5216,33402,770,67
1623,3522,33403,5216,33403,770,67
1623,3522,33404,5216,33404,770,67
1623,3522,33405,5216,33405,770,67
1623,3522,33406,5216,33406,770,67
1623,3522,33407,5216,33407,770,67
1623,3522,33408,5216,33408,770,67
1623,3522,33409,5216,33409,770,67
1623,3522,33410,5216,33410,770,67
1623,3522,33411,5216,33411,770,67
1623,3522,33412,5216,33412,770,67
1623,3522,33413,5216,33413,770,67
1623,3522,33414,5216,33414,770,67
1623,3522,33415,5216,33415,770,67
1623,3522,33416,5216,33416,770,67
1623,3522,33417,5216,33417,770,67
1623,3522,33418,5216,33418,770,67
1623,3522,33419,5216,33419,770,67
1623,3522,33420,5216,33420,770,67
1623,3522,33421,5216,33421,770,67
1623,3522,33422,5216,33422,770,67
1623,3522,33423,5216,33423,770,67
1623,3522,33424,5216,33424,770,67
1623,3522,33425,5216,33425,770,67
1623,3522,33426,5216,33426,770,67
1623,3522,33427,5216,33427,770,67
1623,3522,33428,5216,33428,770,67
1623,3522,33429,5216,33429,770,67
1623,3522,33430,5216,33430,770,67
1623,3522,33431,5216,33431,770,67
1623,3522,33432,5216,33432,770,67
1623,3522,33433,5216,33433,770,67
1623,3522,33434,5216,33434,770,67
1623,3522,33435,5216,33435,770,67
1623,3522,33436,5216,33436,770,67
1623,3522,33437,5216,33437,770,67
1623,3522,33438,5216,33438,770,67
1623,3522,33439,5216,33439,770,67
1623,3522,33440,5216,33440,770,67
1623,3522,33441,5216,33441,770,67
1623,3522,33442,5216,33442,770,67
1623,3522,33443,5216,33443,770,67
1623,3522,33444,5216,33444,770,67
1623,3522,33445,5216,33445,770,67
1623,3522,33446,5216,33446,770,67
1623,3522,33447,5216,33447,770,67
1623,3522,33448,5216,33448,770,67
1623,3522,33449,5216,33449,770,67
1623,3522,33450,5216,33450,770,67
1623,3522,33451,5216,33451,770,67
1623,3522,33452,5216,33452,770,67
1623,3522,33453,5216,33453,770,67
1623,3522,33454,5216,33454,770,67
1623,3522,33455,5216,33455,770,67
1623,3522,33456,5216,33456,770,67
1623,3522,33457,5216,33457,770,67
1623,3522,33458,5216,33458,770,67
1623,3522,33459,5216,33459,770,67
1623,3522,33460,5216,33460,770,67
1623,3522,33461,5216,33461,770,67
1623,3522,33462,5216,33462,770,67
1623,3522,33463,5216,33463,770,67
1623,3522,33464,5216,33464,770,67
1623,3522,33465,5216,33465,770,67
1623,3522,33466,5216,33466,770,67
1623,3522,33467,5216,33467,770,67
1623,3522,33468,5216,33468,770,67
1623,3522,33469,5216,33469,770,67
1623,3522,33470,5216,33470,770,67
1623,3522,33471,5216,33471,770,67
1623,3522,33472,5216,33472,770,67
1623,3522,33473,5216,33473,770,67
1623,3522,33474,5216,33474,770,67
1623,3522,33475,5216,33475,770,67
1623,3522,33476,5216,33476,770,67
1623,3522,33477,5216,33477,770,67
1623,3522,33478,5216,33478,770,67
1623,3522,33479,5216,33479,770,67
1623,3522,33480,5216,33480,770,67
1623,3522,33481,5216,33481,770,67
1623,3522,33482,5216,33482,770,67
1623,3522,33483,5216,33483,770,67
1623,3522,33484,5216,33484,770,67
1623,3522,33485,5216,33485,770,67
1623,3522,33486,5216,33486,770,67
1623,3522,33487,5216,33487,770,67
1623,3522,33488,5216,33488,770,67
1623,3522,33489,5216,33489,770,67
1623,3522,33490,5216,33490,770,67
1623,3522,33491,5216,33491,770,67
1623,3522,33492,5216,33492,770,67
1623,3522,33493,5216,33493,770,67
1623,3522,33494,5216,33494,770,67
1623,3522,33495,5216,33495,770,67
1623,3522,33496,5216,33496,770,67
1623,3522,33497,5216,33497,770,67
1623,3522,33498,5216,33498,770,67
1623,3522,33499,5216,33499,770,67
1623,3522,33500,5216,33500,770,67
1623,3522,33501,5216,33501,770,67
1623,3522,33502,5216,33502,770,67
1623,3522,33503,5216,33503,770,67
1623,3522,33504,5216,33504,770,67
1623,3522,33505,5216,33505,770,67
1623,3522,33506,5216,33506,770,67
1623,3522,33507,5216,33507,770,67
1623,3522,33508,5216,33508,770,67
1624,3522,33509,5216,33509,770,67
1624,3522,33510,5216,33510,770,67
1624,3522,33511,5216,33511,770,67
1624,3522,33512,5216,33512,770,67
1624,3522,33513,5216,33513,770,67
1624,3522,33514,5216,33514,770,67
1624,3522,33515,5216,33515,770,67
1624,3522,33516,5216,33516,770,67
1624,3522,33517,5216,33517,770,67
1624,3522,33518,5216,33518,770,67
1624,3522,33519,5216,33519,770,67
1624,3522,33520,5216,33520,770,67
1624,3522,33521,5216,33521,770,67
1624,3522,33522,5216,33522,770,67
1624,3522,33523,5216,33523,770,67
1624,3522,33524,5216,33524,770,67
1624,3522,33525,5216,33525,770,67
1624,3522,33526,5216,33526,770,67
1624,3522,33527,5216,33527,770,67
1624,3522,33528,5216,33528,770,67
1624,3522,33529,5216,33529,770,67
1624,3522,33530,5216,33530,770,67
1624,3522,33531,5216,33531,770,67
1624,3522,33532,5216,33532,770,67
1624,3522,33533,5216,33533,770,67
1624,3522,33534,5216,33534,770,67
1624,3522,33535,5216,33535,770,67
1624,3522,33536,5216,33536,770,67
1624,3522,33537,5216,33537,770,67
1624,3522,33538,5216,33538,770,67
1624,3522,33539,5216,33539,770,67
1624,3522,33540,5216,33540,770,67
1623,3522,33541,5216,33541,770,67
1623,3522,33542,5216,33542,770,67
1623,3522,33543,5216,33543,770,67
1623,3522,33544,5216,33544,770,67
1623,3522,33545,5216,33545,770,67
1623,3522,33546,5216,33546,770,67
1623,3522,33547,5216,33547,770,67
1623,3522,33548,5216,33548,770,67
1623,3522,33549,5216,33549,770,67
1623,3522,33550,5216,33550,770,67
1623,3522,33551,5216,33551,770,67
1623,3522,33552,5216,33552,770,67
1623,3522,33553,5216,33553,770,67
1623,3522,33554,5216,33554,770,67
1623,3522,33555,5216,33555,770,67
1623,3522,33556,5216,33556,770,67
1623,3522,33557,5216,33557,770,67
1623,3522,33558,5216,33558,770,67
1623,3522,33559,5216,33559,770,67
1623,3522,33560,5216,33560,770,67
1623,3522,33561,5216,33561,770,67
1623,3522,33562,5216,33562,770,67
1623,3522,33563,5216,33563,770,67
1623,3522,33564,5216,33564,770,67
1623,3522,33565,5216,33565,770,67
1623,3522,33566,5216,33566,770,67
1623,3522,33567,5216,33567,770,67
1623,3522,33568,5216,33568,770,67
1623,3522,33569,5216,33569,770,67
1623,3522,33570,5216,33570,770,67
1623,3522,33571,5216,33571,770,67
1624,3522,33572,5216,33572,770,67
1624,3522,33573,5216,33573,770,67
1624,3522,33574,5216,33574,770,67
1624,3522,33575,5216,33575,770,67
1624,3522,33576,5216,33576,770,67
1623,3522,33577,5216,33577,770,67
1623,3522,33578,5216,33578,770,67
1623,3522,33579,5216,33579,770,67
1623,3522,33580,5216,33580,770,67
1623,3522,33581,5216,33581,770,67
1623,3522,33582,5216,33582,770,67
1623,3522,33583,5216,33583,770,67
1623,3522,33584,5216,33584,770,67
1623,3522,33585,5216,33585,770,67
1623,3522,33586,5216,33586,770,67
1623,3522,33587,5216,33587,770,67
1623,3522,33588,5216,33588,770,67
1623,3522,33589,5216,33589,770,67
1623,3522,33590,5216,33590,770,67
1623,3522,33591,5216,33591,770,67
1623,3522,33592,5216,33592,770,67
1623,3522,33593,5216,33593,770,67
1623,3522,33594,5216,33594,770,67
1623,3522,33595,5216,33595,770,67
1623,3522,33596,5216,33596,770,67
1623,3522,33597,5216,33597,770,67
1623,3522,33598,5216,33598,770,67
1623,3522,33599,5216,33599,770,67
1623,3522,33600,5216,33600,770,67
1623,3522,33601,5216,33601,770,67
1623,3522,33602,5216,33602,770,67
1623,3522,33603,5216,33603,770,67
1623,3522,33604,5216,33604,770,67
1623,3522,33605,5216,33605,770,67
1623,3522,33606,5216,33606,770,67
1623,3522,33607,5216,33607,770,67
1623,3522,33608,5216,33608,770,67
1623,3522,33609,5216,33609,770,67
1623,3522,33610,5216,33610,770,67
1623,3522,33611,5216,33611,770,67
1623,3522,33612,5216,33612,770,67
1623,3522,33613,5216,33613,770,67
1623,3522,33614,5216,33614,770,67
1623,3522,33615,5216,33615,770,67
1623,3522,33616,5216,33616,770,67
1623,3522,33617,5216,33617,770,67
1623,3522,33618,5216,33618,770,67
1623,3522,33619,5216,33619,770,67
1623,3522,33620,5216,33620,770,67
1623,3522,33621,5216,33621,770,67
1623,3522,33622,5216,33622,770,67
1623,3522,33623,5216,33623,770,67
1623,3522,33624,5216,33624,770,67
1623,3522,33625,5216,33625,770,67
1623,3522,33626,5216,33626,770,67
1623,3522,33627,5216,33627,770,67
1623,3522,33628,5216,33628,770,67
1623,3522,33629,5216,33629,770,67
1623,3522,33630,5216,33630,770,67
1623,3522,33631,5216,33631,770,67
1624,3522,33632,5216,33632,770,67
1624,3522,33633,5216,33633,770,67
1624,3522,33634,5216,33634,770,67
1624,3522,33635,5216,33635,770,67
1624,3522,33636,5216,33636,770,67
1624,3522,33637,5216,33637,770,67
1624,3522,33638,5216,33638,770,67
1624,3522,33639,5216,33639,770,67
1624,3522,33640,5216,33640,770,67
1625,3522,33641,5216,33641,770,67
1625,3522,33642,5216,33642,770,67
1625,3522,33643,5216,33643,770,67
1625,3522,33644,5216,33644,770,67
1625,3522,33645,5216,33645,770,67
1625,3522,33646,5216,33646,770,67
1625,3522,33647,5216,33647,770,67
1625,3522,33648,5216,33648,770,67
1625,3522,33649,5216,33649,770,67
1625,3522,33650,5216,33650,770,67
1625,3522,33651,5216,33651,770,67
1625,3522,33652,5216,33652,770,67
1625,3522,33653,5216,33653,770,67
1625,3522,33654,5216,33654,770,67
1625,3522,33655,5216,33655,770,67
1625,3522,33656,5216,33656,770,67
1625,3522,33657,5216,33657,770,67
1625,3522,33658,5216,33658,770,67
1625,3522,33659,5216,33659,770,67
1625,3522,33660,5216,33660,770,67
1625,3522,33661,5216,33661,770,67
1625,3522,33662,5216,33662,770,67
1625,3522,33663,5216,33663,770,67
1625,3522,33664,5216,33664,770,67
1625,3522,33665,5216,33665,770,67
1625,3522,33666,5216,33666,770,67
1625,3522,33667,5216,33667,770,67
1625,3522,33668,5216,33668,770,67
1625,3522,33669,5216,33669,770,67
1625,3522,33670,5216,33670,770,67
1625,3522,33671,5216,33671,770,67
1625,3522,33672,5216,33672,770,67
1625,3522,33673,5216,33673,770,67
1625,3522,33674,5216,33674,770,67
1625,3522,33675,5216,33675,770,67
1625,3522,33676,5216,33676,770,67
1625,3522,33677,5216,33677,770,67
1625,3522,33678,5216,33678,770,67
1625,3522,33679,5216,33679,770,67
1625,3522,33680,5216,33680,770,67
1625,3522,33681,5216,33681,770,67
1625,3522,33682,5216,33682,770,67
1625,3522,33683,5216,33683,770,67
1625,3522,33684,5216,33684,770,67
1625,3522,33685,5216,33685,770,67
1625,3522,33686,5216,33686,770,67
1625,3522,33687,5216,33687,770,67
1625,3522,33688,5216,33688,770,67
1625,3522,33689,5216,33689,770,67
1625,3522,33690,5216,33690,770,67
1625,3522,33691,5216,33691,770,67
1625,3522,33692,5216,33692,770,67
1625,3522,33693,5216,33693,770,67
1625,3522,33694,5216,33694,770,67
1625,3522,33695,5216,33695,770,67
1625,3522,33696,5216,33696,770,67
1626,3522,33697,5216,33697,770,67
1626,3522,33698,5216,33698,770,67
1626,3522,33699,5216,33699,770,67
1626,3522,33700,5216,33700,770,67
1626,3522,33701,5216,33701,770,67
1626,3522,33702,5216,33702,770,67
1626,3522,33703,5216,33703,770,67
1626,3522,33704,5216,33704,770,67
1626,3522,33705,5216,33705,770,67
1626,3522,33706,5216,33706,770,67
1626,3522,33707,5216,33707,770,67
1626,3522,33708,5216,33708,770,67
1626,3522,33709,5216,33709,770,67
1626,3522,33710,5216,33710,770,67
1626,3522,33711,5216,33711,770,67
1626,3522,33712,5216,33712,770,67
1626,3522,33713,5216,33713,770,67
1626,3522,33714,5216,33714,770,67
1626,3522,33715,5216,33715,770,67
1626,3522,33716,5216,33716,770,67
1626,3522,33717,5216,33717,770,67
1626,3522,33718,5216,33718,770,67
1626,3522,33719,5216,33719,770,67
1626,3522,33720,5216,33720,770,67
1626,3522,33721,5216,33721,770,67
1626,3522,33722,5216,33722,770,67
1626,3522,33723,5216,33723,770,67
1626,3522,33724,5216,33724,770,67
1626,3522,33725,5216,33725,770,67
1626,3522,33726,5216,33726,770,67
1626,3522,33727,5216,33727,770,67
1626,3522,33728,5216,33728,770,67
1626,3522,33729,5216,33729,770,67
1626,3522,33730,5216,33730,770,67
1626,3522,33731,5216,33731,770,67
1626,3522,33732,5216,33732,770,67
1626,3522,33733,5216,33733,770,67
1626,3522,33734,5216,33734,770,67
1626,3522,33735,5216,33735,770,67
1626,3522,33736,5216,33736,770,67
1626,3522,33737,5216,33737,770,67
1626,3522,33738,5216,33738,770,67
1626,3522,33739,5216,33739,770,67
1626,3522,33740,5216,33740,770,67
1626,3522,33741,5216,33741,770,67
1626,3522,33742,5216,33742,770,67
1626,3522,33743,5216,33743,770,67
1626,3522,33744,5216,33744,770,67
1626,3522,33745,5216,33745,770,67
1626,3522,33746,5216,33746,770,67
1626,3522,33747,5216,33747,770,67
1626,3522,33748,5216,33748,770,67
1626,3522,33749,5216,33749,770,67
1626,3522,33750,5216,33750,770,67
1626,3522,33751,5216,33751,770,67
1626,3522,33752,5216,33752,770,67
1626,3522,33753,5216,33753,770,67
1626,3522,33754,5216,33754,770,67
1626,3522,33755,5216,33755,770,67
1626,3522,33756,5216,33756,770,67
1626,3522,33757,5216,33757,770,67
1626,3522,33758,5216,33758,770,67
1626,3522,33759,5216,33759,770,67
1626,3522,33760,5216,33760,770,67
1626,3522,33761,5216,33761,770,67
1626,3522,33762,5216,33762,770,67
1626,3522,33763,5216,33763,770,67
1626,3522,33764,5216,33764,770,67
1626,3522,33765,5216,33765,770,67
1625,3522,33766,5216,33766,770,67
1625,3522,33767,5216,33767,770,67
1625,3522,33768,5216,33768,770,67
1625,3522,33769,5216,33769,770,67
1625,3522,33770,5216,33770,770,67
1625,3522,33771,5216,33771,770,67
1625,3522,33772,5216,33772,770,67
1625,3522,33773,5216,33773,770,67
1625,3522,33774,5216,33774,770,67
1625,3522,33775,5216,33775,770,67
1625,3522,33776,5216,33776,770,67
1625,3522,33777,5216,33777,770,67
1625,3522,33778,5216,33778,770,67
1625,3522,33779,5216,33779,770,67
1625,3522,33780,5216,33780,770,67
1625,3522,33781,5216,33781,770,67
1625,3522,33782,5216,33782,770,67
1625,3522,33783,5216,33783,770,67
1625,3522,33784,5216,33784,770,67
1625,3522,33785,5216,33785,770,67
1625,3522,33786,5216,33786,770,67
1625,3522,33787,5216,33787,770,67
1625,3522,33788,5216,33788,770,67
1625,3522,33789,5216,33789,770,67
1625,3522,33790,5216,33790,770,67
1625,3522,33791,5216,33791,770,67
1625,3522,33792,5216,33792,770,67
1625,3522,33793,5216,33793,770,67
1625,3522,33794,5216,33794,770,67
1625,3522,33795,5216,33795,770,67
1625,3522,33796,5216,33796,770,67
1625,3522,33797,5216,33797,770,67
1625,3522,33798,5216,33798,770,67
1625,3522,33799,5216,33799,770,67
1625,3522,33800,5216,33800,770,67
1625,3522,33801,5216,33801,770,67
1625,3522,33802,5216,33802,770,67
1625,3522,33803,5216,33803,770,67
1625,3522,33804,5216,33804,770,67
1625,3522,33805,5216,33805,770,67
1625,3522,33806,5216,33806,770,67
1625,3522,33807,5216,33807,770,67
1625,3522,33808,5216,33808,770,67
1625,3522,33809,5216,33809,770,67
1625,3522,33810,5216,33810,770,67
1625,3522,33811,5216,33811,770,67
1625,3522,33812,5216,33812,770,67
1625,3522,33813,5216,33813,770,67
1625,3522,33814,5216,33814,770,67
1625,3522,33815,5216,33815,770,67
1625,3522,33816,5216,33816,770,67
1625,3522,33817,5216,33817,770,67
1625,3522,33818,5216,33818,770,67
1625,3522,33819,5216,33819,770,67
1625,3522,33820,5216,33820,770,67
1625,3522,33821,5216,33821,770,67
1625,3522,33822,5216,33822,770,67
1625,3522,33823,5216,33823,770,67
1625,3522,33824,5216,33824,770,67
1625,3522,33825,5216,33825,770,67
1625,3522,33826,5216,33826,770,67
1625,3522,33827,5216,33827,770,67
1625,3522,33828,5216,33828,770,67
1625,3522,33829,5216,33829,770,67
1625,3522,33830,5216,33830,770,67
1625,3522,33831,5216,33831,770,67
1625,3522,33832,5216,33832,770,67
1625,3522,33833,5216,33833,770,67
1625,3522,33834,5216,33834,770,67
1625,3522,33835,5216,33835,770,67
1625,3522,33836,5216,33836,770,67
1625,3522,33837,5216,33837,770,67
1625,3522,33838,5216,33838,770,67
1625,3522,33839,5216,33839,770,67
1625,3522,33840,5216,33840,770,67
1625,3522,33841,5216,33841,770,67
1625,3522,33842,5216,33842,770,67
1625,3522,33843,5216,33843,770,67
1625,3522,33844,5216,33844,770,67
1625,3522,33845,5216,33845,770,67
1625,3522,33846,5216,33846,770,67
1625,3522,33847,5216,33847,770,67
1625,3522,33848,5216,33848,770,67
1625,3522,33849,5216,33849,770,67
1625,3522,33850,5216,33850,770,67
1625,3522,33851,5216,33851,770,67
1625,3522,33852,5216,33852,770,67
1625,3522,33853,5216,33853,770,67
1625,3522,33854,5216,33854,770,67
1625,3522,33855,5216,33855,770,67
1625,3522,33856,5216,33856,770,67
1625,3522,33857,5216,33857,770,67
1625,3522,33858,5216,33858,770,67
1626,3522,33859,5216,33859,770,67
1626,3522,33860,5216,33860,770,67
1626,3522,33861,5216,33861,770,67
1626,3522,33862,5216,33862,770,67
1626,3522,33863,5216,33863,770,67
1626,3522,33864,5216,33864,770,67
1626,3522,33865,5216,33865,770,67
1626,3522,33866,5216,33866,770,67
1626,3522,33867,5216,33867,770,67
1626,3522,33868,5216,33868,770,67
1626,3522,33869,5216,33869,770,67
1626,3522,33870,5216,33870,770,67
1626,3522,33871,5216,33871,770,67
1625,3522,33872,5216,33872,770,67
1625,3522,33873,5216,33873,770,67
1625,3522,33874,5216,33874,770,67
1625,3522,33875,5216,33875,770,67
1625,3522,33876,5216,33876,770,67
1625,3522,33877,5216,33877,770,67
1625,3522,33878,5216,33878,770,67
1625,3522,33879,5216,33879,770,67
1625,3522,33880,5216,33880,770,67
1625,3522,33881,5216,33881,770,67
1625,3522,33882,5216,33882,770,67
1625,3522,33883,5216,33883,770,67
1625,3522,33884,5216,33884,770,67
1625,3522,33885,5216,33885,770,67
1625,3522,33886,5216,33886,770,67
1625,3522,33887,5216,33887,770,67
1625,3522,33888,5216,33888,770,67
1625,3522,33889,5216,33889,770,67
1626,3522,33890,5216,33890,770,67
1626,3522,33891,5216,33891,770,67
1626,3522,33892,5216,33892,770,67
1626,3522,33893,5216,33893,770,67
1626,3522,33894,5216,33894,770,67
1626,3522,33895,5216,33895,770,67
1626,3522,33896,5216,33896,770,67
1626,3522,33897,5216,33897,770,67
1626,3522,33898,5216,33898,770,67
1626,3522,33899,5216,33899,770,67
1626,3522,33900,5216,33900,770,67
1626,3522,33901,5216,33901,770,67
1626,3522,33902,5216,33902,770,67
1626,3522,33903,5216,33903,770,67
1626,3522,33904,5216,33904,770,67
1626,3522,33905,5216,33905,770,67
1626,3522,33906,5216,33906,770,67
1626,3522,33907,5216,33907,770,67
1626,3522,33908,5216,33908,770,67
1626,3522,33909,5216,33909,770,67
1626,3522,33910,5216,33910,770,67
1626,3522,33911,5216,33911,770,67
1626,3522,33912,5216,33912,770,67
1626,3522,33913,5216,33913,770,67
1626,3522,33914,5216,33914,770,67
1626,3522,33915,5216,33915,770,67
1626,3522,33916,5216,33916,770,67
1626,3522,33917,5216,33917,770,67
1626,3522,33918,5216,33918,770,67
1626,3522,33919,5216,33919,770,67
1626,3522,33920,5216,33920,770,67
1626,3522,33921,5216,33921,770,67
1626,3522,33922,5216,33922,770,67
1626,3522,33923,5216,33923,770,67
1626,3522,33924,5216,33924,770,67
1626,3522,33925,5216,33925,770,67
1626,3522,33926,5216,33926,770,67
1626,3522,33927,5216,33927,770,67
1626,3522,33928,5216,33928,770,67
1626,3522,33929,5216,33929,770,67
1626,3522,33930,5216,33930,770,67
1626,3522,33931,5216,33931,770,67
1626,3522,33932,5216,33932,770,67
1626,3522,33933,5216,33933,770,67
1626,3522,33934,5216,33934,770,67
1626,3522,33935,5216,33935,770,67
1626,3522,33936,5216,33936,770,67
1626,3522,33937,5216,33937,770,67
1626,3522,33938,5216,33938,770,67
1626,3522,33939,5216,33939,770,67
1626,3522,33940,5216,33940,770,67
1626,3522,33941,5216,33941,770,67
1626,3522,33942,5216,33942,770,67
1626,3522,33943,5216,33943,770,67
1626,3522,33944,5216,33944,770,67
1626,3522,33945,5216,33945,770,67
1626,3522,33946,5216,33946,770,67
1626,3522,33947,5216,33947,770,67
1626,3522,33948,5216,33948,770,67
1626,3522,33949,5216,33949,770,67
1626,3522,33950,5216,33950,770,67
1626,3522,33951,5216,33951,770,67
1626,3522,33952,5216,33952,770,67
1626,3522,33953,5216,33953,770,67
1626,3522,33954,5216,33954,770,67
1626,3522,33955,5216,33955,770,67
1626,3522,33956,5216,33956,770,67
1626,3522,33957,5216,33957,770,67
1626,3522,33958,5216,33958,770,67
1626,3522,33959,5216,33959,770,67
1626,3522,33960,5216,33960,770,67
1626,3522,33961,5216,33961,770,67
1626,3522,33962,5216,33962,770,67
1626,3522,33963,5216,33963,770,67
1626,3522,33964,5216,33964,770,67
1626,3522,33965,5216,33965,770,67
1626,3522,33966,5216,33966,770,67
1626,3522,33967,5216,33967,770,67
1626,3522,33968,5216,33968,770,67
1626,3522,33969,5216,33969,770,67
1626,3522,33970,5216,33970,770,67
1626,3522,33971,5216,33971,770,67
1626,3522,33972,5216,33972,770,67
1626,3522,33973,5216,33973,770,67
1626,3522,33974,5216,33974,770,67
1626,3522,33975,5216,33975,770,67
1626,3522,33976,5216,33976,770,67
1626,3522,33977,5216,33977,770,67
1626,3522,33978,5216,33978,770,67
1626,3522,33979,5216,33979,770,67
1626,3522,33980,5216,33980,770,67
1626,3522,33981,5216,33981,770,67
1627,3522,33982,5216,33982,770,67
1627,3522,33983,5216,33983,770,67
1627,3522,33984,5216,33984,770,67
1627,3522,33985,5216,33985,770,67
1627,3522,33986,5216,33986,770,67
1627,3522,33987,5216,33987,770,67
1627,3522,33988,5216,33988,770,67
1627,3522,33989,5216,33989,770,67
1627,3522,33990,5216,33990,770,67
1627,3522,33991,5216,33991,770,67
1626,3522,33992,5216,33992,770,67
1626,3522,33993,5216,33993,770,67
1626,3522,33994,5216,33994,770,67
1626,3522,33995,5216,33995,770,67
1626,3522,33996,5216,33996,770,67
1626,3522,33997,5216,33997,770,67
1626,3522,33998,5216,33998,770,67
1626,3522,33999,5216,33999,770,67
1626,3522,34000,5216,34000,770,67
1625,3522,34001,5216,34001,770,67
1625,3522,34002,5216,34002,770,67
1625,3522,34003,5216,34003,770,67
1625,3522,34004,5216,34004,770,67
1625,3522,34005,5216,34005,770,67
1625,3522,34006,5216,34006,770,67
1625,3522,34007,5216,34007,770,67
1625,3522,34008,5216,34008,770,67
1625,3522,34009,5216,34009,770,67
1625,3522,34010,5216,34010,770,67
1625,3522,34011,5216,34011,770,67
1625,3522,34012,5216,34012,770,67
1625,3522,34013,5216,34013,770,67
1625,3522,34014,5216,34014,770,67
1625,3522,34015,5216,34015,770,67
1625,3522,34016,5216,34016,770,67
1625,3522,34017,5216,34017,770,67
1625,3522,34018,5216,34018,770,67
1625,3522,34019,5216,34019,770,67
1625,3522,34020,5216,34020,770,67
1625,3522,34021,5216,34021,770,67
1625,3522,34022,5216,34022,770,67
1625,3522,34023,5216,34023,770,67
1625,3522,34024,5216,34024,770,67
1625,3522,34025,5216,34025,770,67
1625,3522,34026,5216,34026,770,67
1625,3522,34027,5216,34027,770,67
1625,3522,34028,5216,34028,770,67
1625,3522,34029,5216,34029,770,67
1625,3522,34030,5216,34030,770,67
1625,3522,34031,5216,34031,770,67
1625,3522,34032,5216,34032,770,67
1625,3522,34033,5216,34033,770,67
1625,3522,34034,5216,34034,770,67
1625,3522,34035,5216,34035,770,67
1625,3522,34036,5216,34036,770,67
1625,3522,34037,5216,34037,770,67
1625,3522,34038,5216,34038,770,67
1625,3522,34039,5216,34039,770,67
1625,3522,34040,5216,34040,770,67
1625,3522,34041,5216,34041,770,67
1625,3522,34042,5216,34042,770,67
1625,3522,34043,5216,34043,770,67
1625,3522,34044,5216,34044,770,67
1625,3522,34045,5216,34045,770,67
1625,3522,34046,5216,34046,770,67
1625,3522,34047,5216,34047,770,67
1625,3522,34048,5216,34048,770,67
1625,3522,34049,5216,34049,770,67
1625,3522,34050,5216,34050,770,67
1625,3522,34051,5216,34051,770,67
1625,3522,34052,5216,34052,770,67
1625,3522,34053,5216,34053,770,67
1625,3522,34054,5216,34054,770,67
1625,3522,34055,5216,34055,770,67
1625,3522,34056,5216,34056,770,67
1625,3522,34057,5216,34057,770,67
1625,3522,34058,5216,34058,770,67
1625,3522,34059,5216,34059,770,67
1625,3522,34060,5216,34060,770,67
1625,3522,34061,5216,34061,770,67
1625,3522,34062,5216,34062,770,67
1625,3522,34063,5216,34063,770,67
1625,3522,34064,5216,34064,770,67
1625,3522,34065,5216,34065,770,67
1625,3522,34066,5216,34066,770,67
1625,3522,34067,5216,34067,770,67
1625,3522,34068,5216,34068,770,67
1625,3522,34069,5216,34069,770,67
1625,3522,34070,5216,34070,770,67
1625,3522,34071,5216,34071,770,67
1625,3522,34072,5216,34072,770,67
1625,3522,34073,5216,34073,770,67
1625,3522,34074,5216,34074,770,67
1625,3522,34075,5216,34075,770,67
1625,3522,34076,5216,34076,770,67
1625,3522,34077,5216,34077,770,67
1625,3522,34078,5216,34078,770,67
1625,3522,34079,5216,34079,770,67
1625,3522,34080,5216,34080,770,67
1625,3522,34081,5216,34081,770,67
1625,3522,34082,5216,34082,770,67
1625,3522,34083,5216,34083,770,67
1625,3522,34084,5216,34084,770,67
1625,3522,34085,5216,34085,770,67
1625,3522,34086,5216,34086,770,67
1625,3522,34087,5216,34087,770,67
1625,3522,34088,5216,34088,770,67
1625,3522,34089,5216,34089,770,67
1625,3522,34090,5216,34090,770,67
1625,3522,34091,5216,34091,770,67
1625,3522,34092,5216,34092,770,67
1625,3522,34093,5216,34093,770,67
1625,3522,34094,5216,34094,770,67
1625,3522,34095,5216,34095,770,67
1625,3522,34096,5216,34096,770,67
1625,3522,34097,5216,34097,770,67
1625,3522,34098,5216,34098,770,67
1625,3522,34099,5216,34099,770,67
1625,3522,34100,5216,34100,770,67
1625,3522,34101,5216,34101,770,67
1625,3522,34102,5216,34102,770,67
1625,3522,34103,5216,34103,770,67
1625,3522,34104,5216,34104,770,67
1625,3522,34105,5216,34105,770,67
1625,3522,34106,5216,34106,770,67
1625,3522,34107,5216,34107,770,67
1625,3522,34108,5216,34108,770,67
1625,3522,34109,5216,34109,770,67
1625,3522,34110,5216,34110,770,67
1625,3522,34111,5216,34111,770,67
1625,3522,34112,5216,34112,770,67
1625,3522,34113,5216,34113,770,67
1625,3522,34114,5216,34114,770,67
1625,3522,34115,5216,34115,770,67
1625,3522,34116,5216,34116,770,67
1625,3522,34117,5216,34117,770,67
1625,3522,34118,5216,34118,770,67
1625,3522,34119,5216,34119,770,67
1625,3522,34120,5216,34120,770,67
1625,3522,34121,5216,34121,770,67
1625,3522,34122,5216,34122,770,67
1625,3522,34123,5216,34123,770,67
1625,3522,34124,5216,34124,770,67
1625,3522,34125,5216,34125,770,67
1625,3522,34126,5216,34126,770,67
1625,3522,34127,5216,34127,770,67
1625,3522,34128,5216,34128,770,67
1625,3522,34129,5216,34129,770,67
1625,3522,34130,5216,34130,770,67
1625,3522,34131,5216,34131,770,67
1625,3522,34132,5216,34132,770,67
1625,3522,34133,5216,34133,770,67
1625,3522,34134,5216,34134,770,67
1625,3522,34135,5216,34135,770,67
1625,3522,34136,5216,34136,770,67
1625,3522,34137,5216,34137,770,67
1625,3522,34138,5216,34138,770,67
1625,3522,34139,5216,34139,770,67
1626,3522,34140,5216,34140,770,67
1626,3522,34141,5216,34141,770,67
1626,3522,34142,5216,34142,770,67
1626,3522,34143,5216,34143,770,67
1626,3522,34144,5216,34144,770,67
1626,3522,34145,5216,34145,770,67
1626,3522,34146,5216,34146,770,67
1626,3522,34147,5216,34147,770,67
1626,3522,34148,5216,34148,770,67
1626,3522,34149,5216,34149,770,67
1626,3522,34150,5216,34150,770,67
1626,3522,34151,5216,34151,770,67
1626,3522,34152,5216,34152,770,67
1626,3522,34153,5216,34153,770,67
1626,3522,34154,5216,34154,770,67
1626,3522,34155,5216,34155,770,67
1626,3522,34156,5216,34156,770,67
1626,3522,34157,5216,34157,770,67
1626,3522,34158,5216,34158,770,67
1626,3522,34159,5216,34159,770,67
1626,3522,34160,5216,34160,770,67
1626,3522,34161,5216,34161,770,67
1626,3522,34162,5216,34162,770,67
1626,3522,34163,5216,34163,770,67
1626,3522,34164,5216,34164,770,67
1626,3522,34165,5216,34165,770,67
1627,3522,34166,5216,34166,770,67
1627,3522,34167,5216,34167,770,67
1627,3522,34168,5216,34168,770,67
1627,3522,34169,5216,34169,770,67
1627,3522,34170,5216,34170,770,67
1627,3522,34171,5216,34171,770,67
1627,3522,34172,5216,34172,770,67
1627,3522,34173,5216,34173,770,67
1627,3522,34174,5216,34174,770,67
1627,3522,34175,5216,34175,770,67
1627,3522,34176,5216,34176,770,67
1627,3522,34177,5216,34177,770,67
1627,3522,34178,5216,34178,770,67
1626,3522,34179,5216,34179,770,67
1626,3522,34180,5216,34180,770,67
1626,3522,34181,5216,34181,770,67
1626,3522,34182,5216,34182,770,67
1626,3522,34183,5216,34183,770,67
1626,3522,34184,5216,34184,770,67
1626,3522,34185,5216,34185,770,67
1626,3522,34186,5216,34186,770,67
1626,3522,34187,5216,34187,770,67
1626,3522,34188,5216,34188,770,67
1626,3522,34189,5216,34189,770,67
1626,3522,34190,5216,34190,770,67
1626,3522,34191,5216,34191,770,67
1626,3522,34192,5216,34192,770,67
1626,3522,34193,5216,34193,770,67
1626,3522,34194,5216,34194,770,67
1626,3522,34195,5216,34195,770,67
1626,3522,34196,5216,34196,770,67
1626,3522,34197,5216,34197,770,67
1626,3522,34198,5216,34198,770,67
1626,3522,34199,5216,34199,770,67
1626,3522,34200,5216,34200,770,67
1626,3522,34201,5216,34201,770,67
1626,3522,34202,5216,34202,770,67
1626,3522,34203,5216,34203,770,67
1626,3522,34204,5216,34204,770,67
1626,3522,34205,5216,34205,770,67
1626,3522,34206,5216,34206,770,67
1626,3522,34207,5216,34207,770,67
1626,3522,34208,5216,34208,770,67
1626,3522,34209,5216,34209,770,67
1626,3522,34210,5216,34210,770,67
1626,3522,34211,5216,34211,770,67
1626,3522,34212,5216,34212,770,67
1626,3522,34213,5216,34213,770,67
1626,3522,34214,5216,34214,770,67
1626,3522,34215,5216,34215,770,67
1626,3522,34216,5216,34216,770,67
1626,3522,34217,5216,34217,770,67
1626,3522,34218,5216,34218,770,67
1626,3522,34219,5216,34219,770,67
1626,3522,34220,5216,34220,770,67
1626,3522,34221,5216,34221,770,67
1626,3522,34222,5216,34222,770,67
1626,3522,34223,5216,34223,770,67
1626,3522,34224,5216,34224,770,67
1626,3522,34225,5216,34225,770,67
1626,3522,34226,5216,34226,770,67
1626,3522,34227,5216,34227,770,67
1626,3522,34228,5216,34228,770,67
1626,3522,34229,5216,34229,770,67
1626,3522,34230,5216,34230,770,67
1626,3522,34231,5216,34231,770,67
1626,3522,34232,5216,34232,770,67
1626,3522,34233,5216,34233,770,67
1626,3522,34234,5216,34234,770,67
1626,3522,34235,5216,34235,770,67
1626,3522,34236,5216,34236,770,67
1626,3522,34237,5216,34237,770,67
1626,3522,34238,5216,34238,770,67
1625,3522,34239,5216,34239,770,67
1625,3522,34240,5216,34240,770,67
1625,3522,34241,5216,34241,770,67
1625,3522,34242,5216,34242,770,67
1625,3522,34243,5216,34243,770,67
1625,3522,34244,5216,34244,770,67
1625,3522,34245,5216,34245,770,67
1625,3522,34246,5216,34246,770,67
1625,3522,34247,5216,34247,770,67
1625,3522,34248,5216,34248,770,67
1625,3522,34249,5216,34249,770,67
1625,3522,34250,5216,34250,770,67
1625,3522,34251,5216,34251,770,67
1625,3522,34252,5216,34252,770,67
1625,3522,34253,5216,34253,770,67
1625,3522,34254,5216,34254,770,67
1625,3522,34255,5216,34255,770,67
1625,3522,34256,5216,34256,770,67
1625,3522,34257,5216,34257,770,67
1625,3522,34258,5216,34258,770,67
1625,3522,34259,5216,34259,770,67
1625,3522,34260,5216,34260,770,67
1625,3522,34261,5216,34261,770,67
1625,3522,34262,5216,34262,770,67
1625,3522,34263,5216,34263,770,67
1625,3522,34264,5216,34264,770,67
1625,3522,34265,5216,34265,770,67
1625,3522,34266,5216,34266,770,67
1625,3522,34267,5216,34267,770,67
1625,3522,34268,5216,34268,770,67
1625,3522,34269,5216,34269,770,67
1625,3522,34270,5216,34270,770,67
1625,3522,34271,5216,34271,770,67
1625,3522,34272,5216,34272,770,67
1625,3522,34273,5216,34273,770,67
1625,3522,34274,5216,34274,770,67
1625,3522,34275,5216,34275,770,67
1625,3522,34276,5216,34276,770,67
1625,3522,34277,5216,34277,770,67
1625,3522,34278,5216,34278,770,67
1625,3522,34279,5216,34279,770,67
1625,3522,34280,5216,34280,770,67
1625,3522,34281,5216,34281,770,67
1625,3522,34282,5216,34282,770,67
1625,3522,34283,5216,34283,770,67
1625,3522,34284,5216,34284,770,67
1625,3522,34285,5216,34285,770,67
1626,3522,34286,5216,34286,770,67
1626,3522,34287,5216,34287,770,67
1626,3522,34288,5216,34288,770,67
1626,3522,34289,5216,34289,770,67
1626,3522,34290,5216,34290,770,67
1626,3522,34291,5216,34291,770,67
1626,3522,34292,5216,34292,770,67
1626,3522,34293,5216,34293,770,67
1626,3522,34294,5216,34294,770,67
1626,3522,34295,5216,34295,770,67
1626,3522,34296,5216,34296,770,67
1625,3522,34297,5216,34297,770,67
1625,3522,34298,5216,34298,770,67
1625,3522,34299,5216,34299,770,67
1625,3522,34300,5216,34300,770,67
1625,3522,34301,5216,34301,770,67
1625,3522,34302,5216,34302,770,67
1625,3522,34303,5216,34303,770,67
1625,3522,34304,5216,34304,770,67
1625,3522,34305,5216,34305,770,67
1625,3522,34306,5216,34306,770,67
1625,3522,34307,5216,34307,770,67
1625,3522,34308,5216,34308,770,67
1625,3522,34309,5216,34309,770,67
1625,3522,34310,5216,34310,770,67
1625,3522,34311,5216,34311,770,67
1625,3522,34312,5216,34312,770,67
1625,3522,34313,5216,34313,770,67
1624,3522,34314,5216,34314,770,67
1624,3522,34315,5216,34315,770,67
1624,3522,34316,5216,34316,770,67
1624,3522,34317,5216,34317,770,67
1624,3522,34318,5216,34318,770,67
1624,3522,34319,5216,34319,770,67
1624,3522,34320,5216,34320,770,67
1624,3522,34321,5216,34321,770,67
1624,3522,34322,5216,34322,770,67
1624,3522,34323,5216,34323,770,67
1624,3522,34324,5216,34324,770,67
1624,3522,34325,5216,34325,770,67
1624,3522,34326,5216,34326,770,67
1623,3522,34327,5216,34327,770,67
1623,3522,34328,5216,34328,770,67
1623,3522,34329,5216,34329,770,67
1623,3522,34330,5216,34330,770,67
1623,3522,34331,5216,34331,770,67
1623,3522,34332,5216,34332,770,67
1623,3522,34333,5216,34333,770,67
1623,3522,34334,5216,34334,770,67
1623,3522,34335,5216,34335,770,67
1623,3522,34336,5216,34336,770,67
1623,3522,34337,5216,34337,770,67
1623,3522,34338,5216,34338,770,67
1623,3522,34339,5216,34339,770,67
1623,3522,34340,5216,34340,770,67
1623,3522,34341,5216,34341,770,67
1623,3522,34342,5216,34342,770,67
1623,3522,34343,5216,34343,770,67
1624,3522,34344,5216,34344,770,67
1624,3522,34345,5216,34345,770,67
1624,3522,34346,5216,34346,770,67
1624,3522,34347,5216,34347,770,67
1624,3522,34348,5216,34348,770,67
1624,3522,34349,5216,34349,770,67
1624,3522,34350,5216,34350,770,67
1624,3522,34351,5216,34351,770,67
1624,3522,34352,5216,34352,770,67
1624,3522,34353,5216,34353,770,67
1624,3522,34354,5216,34354,770,67
1624,3522,34355,5216,34355,770,67
1624,3522,34356,5216,34356,770,67
1624,3522,34357,5216,34357,770,67
1624,3522,34358,5216,34358,770,67
1624,3522,34359,5216,34359,770,67
1624,3522,34360,5216,34360,770,67
1624,3522,34361,5216,34361,770,67
1624,3522,34362,5216,34362,770,67
1624,3522,34363,5216,34363,770,67
1624,3522,34364,5216,34364,770,67
1624,3522,34365,5216,34365,770,67
1624,3522,34366,5216,34366,770,67
1624,3522,34367,5216,34367,770,67
1624,3522,34368,5216,34368,770,67
1624,3522,34369,5216,34369,770,67
1623,3522,34370,5216,34370,770,67
1623,3522,34371,5216,34371,770,67
1622,3522,34372,5216,34372,770,67
1622,3522,34373,5216,34373,770,67
1622,3522,34374,5216,34374,770,67
1622,3522,34375,5216,34375,770,67
1622,3522,34376,5216,34376,770,67
1622,3522,34377,5216,34377,770,67
1622,3522,34378,5216,34378,770,67
1622,3522,34379,5216,34379,770,67
1622,3522,34380,5216,34380,770,67
1622,3522,34381,5216,34381,770,67
1622,3522,34382,5216,34382,770,67
1622,3522,34383,5216,34383,770,67
1622,3522,34384,5216,34384,770,67
1622,3522,34385,5216,34385,770,67
1622,3522,34386,5216,34386,770,67
1622,3522,34387,5216,34387,770,67
1622,3522,34388,5216,34388,770,67
1622,3522,34389,5216,34389,770,67
1622,3522,34390,5216,34390,770,67
1622,3522,34391,5216,34391,770,67
1622,3522,34392,5216,34392,770,67
1622,3522,34393,5216,34393,770,67
1622,3522,34394,5216,34394,770,67
1622,3522,34395,5216,34395,770,67
1622,3522,34396,5216,34396,770,67
1622,3522,34397,5216,34397,770,67
1622,3522,34398,5216,34398,770,67
1622,3522,34399,5216,34399,770,67
1622,3522,34400,5216,34400,770,67
1622,3522,34401,5216,34401,770,67
1622,3522,34402,5216,34402,770,67
1622,3522,34403,5216,34403,770,67
1622,3522,34404,5216,34404,770,67
1622,3522,34405,5216,34405,770,67
1622,3522,34406,5216,34406,770,67
1622,3522,34407,5216,34407,770,67
1622,3522,34408,5216,34408,770,67
1622,3522,34409,5216,34409,770,67
1622,3522,34410,5216,34410,770,67
1622,3522,34411,5216,34411,770,67
1622,3522,34412,5216,34412,770,67
1622,3522,34413,5216,34413,770,67
1622,3522,34414,5216,34414,770,67
1622,3522,34415,5216,34415,770,67
1622,3522,34416,5216,34416,770,67
1622,3522,34417,5216,34417,770,67
1622,3522,34418,5216,34418,770,67
1622,3522,34419,5216,34419,770,67
1622,3522,34420,5216,34420,770,67
1622,3522,34421,5216,34421,770,67
1622,3522,34422,5216,34422,770,67
1621,3522,34423,5216,34423,770,67
1621,3522,34424,5216,34424,770,67
1621,3522,34425,5216,34425,770,67
1621,3522,34426,5216,34426,770,67
1621,3522,34427,5216,34427,770,67
1621,3522,34428,5216,34428,770,67
1621,3522,34429,5216,34429,770,67
1621,3522,34430,5216,34430,770,67
1621,3522,34431,5216,34431,770,67
1621,3522,34432,5216,34432,770,67
1621,3522,34433,5216,34433,770,67
1621,3522,34434,5216,34434,770,67
1621,3522,34435,5216,34435,770,67
1621,3522,34436,5216,34436,770,67
1621,3522,34437,5216,34437,770,67
1621,3522,34438,5216,34438,770,67
1621,3522,34439,5216,34439,770,67
1621,3522,34440,5216,34440,770,67
1621,3522,34441,5216,34441,770,67
1621,3522,34442,5216,34442,770,67
1621,3522,34443,5216,34443,770,67
1621,3522,34444,5216,34444,770,67
1621,3522,34445,5216,34445,770,67
1621,3522,34446,5216,34446,770,67
1621,3522,34447,5216,34447,770,67
1621,3522,34448,5216,34448,770,67
1621,3522,34449,5216,34449,770,67
1621,3522,34450,5216,34450,770,67
1621,3522,34451,5216,34451,770,67
1621,3522,34452,5216,34452,770,67
1621,3522,34453,5216,34453,770,67
1621,3522,34454,5216,34454,770,67
1621,3522,34455,5216,34455,770,67
1621,3522,34456,5216,34456,770,67
1621,3522,34457,5216,34457,770,67
1621,3522,34458,5216,34458,770,67
1621,3522,34459,5216,34459,770,67
1621,3522,34460,5216,34460,770,67
1621,3522,34461,5216,34461,770,67
1621,3522,34462,5216,34462,770,67
1621,3522,34463,5216,34463,770,67
1621,3522,34464,5216,34464,770,67
1621,3522,34465,5216,34465,770,67
1621,3522,34466,5216,34466,770,67
1621,3522,34467,5216,34467,770,67
1621,3522,34468,5216,34468,770,67
1621,3522,34469,5216,34469,770,67
1621,3522,34470,5216,34470,770,67
1621,3522,34471,5216,34471,770,67
1621,3522,34472,5216,34472,770,67
1621,3522,34473,5216,34473,770,67
1621,3522,34474,5216,34474,770,67
1621,3522,34475,5216,34475,770,67
1621,3522,34476,5216,34476,770,67
1621,3522,34477,5216,34477,770,67
1621,3522,34478,5216,34478,770,67
1621,3522,34479,5216,34479,770,67
1621,3522,34480,5216,34480,770,67
1621,3522,34481,5216,34481,770,67
1621,3522,34482,5216,34482,770,67
1621,3522,34483,5216,34483,770,67
1621,3522,34484,5216,34484,770,67
1621,3522,34485,5216,34485,770,67
1621,3522,34486,5216,34486,770,67
1621,3522,34487,5216,34487,770,67
1621,3522,34488,5216,34488,770,67
1621,3522,34489,5216,34489,770,67
1621,3522,34490,5216,34490,770,67
1621,3522,34491,5216,34491,770,67
1621,3522,34492,5216,34492,770,67
1621,3522,34493,5216,34493,770,67
1621,3522,34494,5216,34494,770,67
1621,3522,34495,5216,34495,770,67
1621,3522,34496,5216,34496,770,67
1621,3522,34497,5216,34497,770,67
1621,3522,34498,5216,34498,770,67
1621,3522,34499,5216,34499,770,67
1621,3522,34500,5216,34500,770,67
1621,3522,34501,5216,34501,770,67
1621,3522,34502,5216,34502,770,67
1621,3522,34503,5216,34503,770,67
1621,3522,34504,5216,34504,770,67
1621,3522,34505,5216,34505,770,67
1621,3522,34506,5216,34506,770,67
1621,3522,34507,5216,34507,770,67
1621,3522,34508,5216,34508,770,67
1621,3522,34509,5216,34509,770,67
1621,3522,34510,5216,34510,770,67
1621,3522,34511,5216,34511,770,67
1620,3522,34512,5216,34512,770,67
1620,3522,34513,5216,34513,770,67
1620,3522,34514,5216,34514,770,67
1620,3522,34515,5216,34515,770,67
1620,3522,34516,5216,34516,770,67
1620,3522,34517,5216,34517,770,67
1620,3522,34518,5216,34518,770,67
1620,3522,34519,5216,34519,770,67
1620,3522,34520,5216,34520,770,67
1620,3522,34521,5216,34521,770,67
1620,3522,34522,5216,34522,770,67
1621,3522,34523,5216,34523,770,67
1621,3522,34524,5216,34524,770,67
1621,3522,34525,5216,34525,770,67
1621,3522,34526,5216,34526,770,67
1621,3522,34527,5216,34527,770,67
1621,3522,34528,5216,34528,770,67
1621,3522,34529,5216,34529,770,67
1621,3522,34530,5216,34530,770,67
1621,3522,34531,5216,34531,770,67
1621,3522,34532,5216,34532,770,67
1621,3522,34533,5216,34533,770,67
1621,3522,34534,5216,34534,770,67
1621,3522,34535,5216,34535,770,67
1621,3522,34536,5216,34536,770,67
1621,3522,34537,5216,34537,770,67
1621,3522,34538,5216,34538,770,67
1621,3522,34539,5216,34539,770,67
1620,3522,34540,5216,34540,770,67
1620,3522,34541,5216,34541,770,67
1620,3522,34542,5216,34542,770,67
1620,3522,34543,5216,34543,770,67
1620,3522,34544,5216,34544,770,67
1620,3522,34545,5216,34545,770,67
1620,3522,34546,5216,34546,770,67
1620,3522,34547,5216,34547,770,67
1620,3522,34548,5216,34548,770,67
1620,3522,34549,5216,34549,770,67
1620,3522,34550,5216,34550,770,67
1620,3522,34551,5216,34551,770,67
1620,3522,34552,5216,34552,770,67
1620,3522,34553,5216,34553,770,67
1620,3522,34554,5216,34554,770,67
1620,3522,34555,5216,34555,770,67
1620,3522,34556,5216,34556,770,67
1620,3522,34557,5216,34557,770,67
1620,3522,34558,5216,34558,770,67
1620,3522,34559,5216,34559,770,67
1620,3522,34560,5216,34560,770,67
1620,3522,34561,5216,34561,770,67
1620,3522,34562,5216,34562,770,67
1620,3522,34563,5216,34563,770,67
1620,3522,34564,5216,34564,770,67
1620,3522,34565,5216,34565,770,67
1620,3522,34566,5216,34566,770,67
1620,3522,34567,5216,34567,770,67
1620,3522,34568,5216,34568,770,67
1620,3522,34569,5216,34569,770,67
1620,3522,34570,5216,34570,770,67
1620,3522,34571,5216,34571,770,67
1620,3522,34572,5216,34572,770,67
1620,3522,34573,5216,34573,770,67
1620,3522,34574,5216,34574,770,67
1620,3522,34575,5216,34575,770,67
1620,3522,34576,5216,34576,770,67
1620,3522,34577,5216,34577,770,67
1620,3522,34578,5216,34578,770,67
1620,3522,34579,5216,34579,770,67
1620,3522,34580,5216,34580,770,67
1620,3522,34581,5216,34581,770,67
1620,3522,34582,5216,34582,770,67
1620,3522,34583,5216,34583,770,67
1620,3522,34584,5216,34584,770,67
1620,3522,34585,5216,34585,770,67
1620,3522,34586,5216,34586,770,67
1620,3522,34587,5216,34587,770,67
1620,3522,34588,5216,34588,770,67
1620,3522,34589,5216,34589,770,67
1620,3522,34590,5216,34590,770,67
1620,3522,34591,5216,34591,770,67
1620,3522,34592,5216,34592,770,67
1620,3522,34593,5216,34593,770,67
1620,3522,34594,5216,34594,770,67
1620,3522,34595,5216,34595,770,67
1620,3522,34596,5216,34596,770,67
1620,3522,34597,5216,34597,770,67
1620,3522,34598,5216,34598,770,67
1620,3522,34599,5216,34599,770,67
1620,3522,34600,5216,34600,770,67
1620,3522,34601,5216,34601,770,67
1620,3522,34602,5216,34602,770,67
1620,3522,34603,5216,34603,770,67
1620,3522,34604,5216,34604,770,67
1620,3522,34605,5216,34605,770,67
1620,3522,34606,5216,34606,770,67
1620,3522,34607,5216,34607,770,67
1620,3522,34608,5216,34608,770,67
1620,3522,34609,5216,34609,770,67
1620,3522,34610,5216,34610,770,67
1620,3522,34611,5216,34611,770,67
1620,3522,34612,5216,34612,770,67
1620,3522,34613,5216,34613,770,67
1620,3522,34614,5216,34614,770,67
1619,3522,34615,5216,34615,770,67
1619,3522,34616,5216,34616,770,67
1619,3522,34617,5216,34617,770,67
1619,3522,34618,5216,34618,770,67
1619,3522,34619,5216,34619,770,67
1619,3522,34620,5216,34620,770,67
1619,3522,34621,5216,34621,770,67
1619,3522,34622,5216,34622,770,67
1619,3522,34623,5216,34623,770,67
1619,3522,34624,5216,34624,770,67
1619,3522,34625,5216,34625,770,67
1619,3522,34626,5216,34626,770,67
1619,3522,34627,5216,34627,770,67
1619,3522,34628,5216,34628,770,67
1619,3522,34629,5216,34629,770,67
1619,3522,34630,5216,34630,770,67
1619,3522,34631,5216,34631,770,67
1619,3522,34632,5216,34632,770,67
1619,3522,34633,5216,34633,770,67
1619,3522,34634,5216,34634,770,67
1619,3522,34635,5216,34635,770,67
1619,3522,34636,5216,34636,770,67
1619,3522,34637,5216,34637,770,67
1619,3522,34638,5216,34638,770,67
1619,3522,34639,5216,34639,770,67
1619,3522,34640,5216,34640,770,67
1619,3522,34641,5216,34641,770,67
1619,3522,34642,5216,34642,770,67
1619,3522,34643,5216,34643,770,67
1619,3522,34644,5216,34644,770,67
1619,3522,34645,5216,34645,770,67
1619,3522,34646,5216,34646,770,67
1619,3522,34647,5216,34647,770,67
1619,3522,34648,5216,34648,770,67
1619,3522,34649,5216,34649,770,67
1619,3522,34650,5216,34650,770,67
1619,3522,34651,5216,34651,770,67
1619,3522,34652,5216,34652,770,67
1619,3522,34653,5216,34653,770,67
1619,3522,34654,5216,34654,770,67
1619,3522,34655,5216,34655,770,67
1618,3522,34656,5216,34656,770,67
1618,3522,34657,5216,34657,770,67
1618,3522,34658,5216,34658,770,67
1618,3522,34659,5216,34659,770,67
1618,3522,34660,5216,34660,770,67
1618,3522,34661,5216,34661,770,67
1618,3522,34662,5216,34662,770,67
1618,3522,34663,5216,34663,770,67
1618,3522,34664,5216,34664,770,67
1618,3522,34665,5216,34665,770,67
1618,3522,34666,5216,34666,770,67
1618,3522,34667,5216,34667,770,67
1618,3522,34668,5216,34668,770,67
1618,3522,34669,5216,34669,770,67
1618,3522,34670,5216,34670,770,67
1618,3522,34671,5216,34671,770,67
1618,3522,34672,5216,34672,770,67
1618,3522,34673,5216,34673,770,67
1618,3522,34674,5216,34674,770,67
1618,3522,34675,5216,34675,770,67
1618,3522,34676,5216,34676,770,67
1618,3522,34677,5216,34677,770,67
1618,3522,34678,5216,34678,770,67
1618,3522,34679,5216,34679,770,67
1618,3522,34680,5216,34680,770,67
1618,3522,34681,5216,34681,770,67
1618,3522,34682,5216,34682,770,67
1618,3522,34683,5216,34683,770,67
1618,3522,34684,5216,34684,770,67
1618,3522,34685,5216,34685,770,67
1618,3522,34686,5216,34686,770,67
1618,3522,34687,5216,34687,770,67
1618,3522,34688,5216,34688,770,67
1617,3522,34689,5216,34689,770,67
1617,3522,34690,5216,34690,770,67
1617,3522,34691,5216,34691,770,67
1617,3522,34692,5216,34692,770,67
1617,3522,34693,5216,34693,770,67
1617,3522,34694,5216,34694,770,67
1617,3522,34695,5216,34695,770,67
1617,3522,34696,5216,34696,770,67
1617,3522,34697,5216,34697,770,67
1617,3522,34698,5216,34698,770,67
1617,3522,34699,5216,34699,770,67
1617,3522,34700,5216,34700,770,67
1617,3522,34701,5216,34701,770,67
1617,3522,34702,5216,34702,770,67
1617,3522,34703,5216,34703,770,67
1618,3522,34704,5216,34704,770,67
1618,3522,34705,5216,34705,770,67
1618,3522,34706,5216,34706,770,67
1618,3522,34707,5216,34707,770,67
1618,3522,34708,5216,34708,770,67
1618,3522,34709,5216,34709,770,67
1618,3522,34710,5216,34710,770,67
1618,3522,34711,5216,34711,770,67
1618,3522,34712,5216,34712,770,67
1618,3522,34713,5216,34713,770,67
1618,3522,34714,5216,34714,770,67
1618,3522,34715,5216,34715,770,67
1618,3522,34716,5216,34716,770,67
1618,3522,34717,5216,34717,770,67
1618,3522,34718,5216,34718,770,67
1618,3522,34719,5216,34719,770,67
1618,3522,34720,5216,34720,770,67
1618,3522,34721,5216,34721,770,67
1618,3522,34722,5216,34722,770,67
1618,3522,34723,5216,34723,770,67
1618,3522,34724,5216,34724,770,67
1618,3522,34725,5216,34725,770,67
1618,3522,34726,5216,34726,770,67
1618,3522,34727,5216,34727,770,67
1617,3522,34728,5216,34728,770,67
1617,3522,34729,5216,34729,770,67
1617,3522,34730,5216,34730,770,67
1617,3522,34731,5216,34731,770,67
1617,3522,34732,5216,34732,770,67
1617,3522,34733,5216,34733,770,67
1617,3522,34734,5216,34734,770,67
1617,3522,34735,5216,34735,770,67
1617,3522,34736,5216,34736,770,67
1617,3522,34737,5216,34737,770,67
1617,3522,34738,5216,34738,770,67
1617,3522,34739,5216,34739,770,67
1617,3522,34740,5216,34740,770,67
1617,3522,34741,5216,34741,770,67
1617,3522,34742,5216,34742,770,67
1617,3522,34743,5216,34743,770,67
1617,3522,34744,5216,34744,770,67
1617,3522,34745,5216,34745,770,67
1617,3522,34746,5216,34746,770,67
1617,3522,34747,5216,34747,770,67
1617,3522,34748,5216,34748,770,67
1616,3522,34749,5216,34749,770,67
1616,3522,34750,5216,34750,770,67
1616,3522,34751,5216,34751,770,67
1616,3522,34752,5216,34752,770,67
1616,3522,34753,5216,34753,770,67
1616,3522,34754,5216,34754,770,67
1616,3522,34755,5216,34755,770,67
1616,3522,34756,5216,34756,770,67
1616,3522,34757,5216,34757,770,67
1616,3522,34758,5216,34758,770,67
1616,3522,34759,5216,34759,770,67
1616,3522,34760,5216,34760,770,67
1616,3522,34761,5216,34761,770,67
1616,3522,34762,5216,34762,770,67
1616,3522,34763,5216,34763,770,67
1616,3522,34764,5216,34764,770,67
1616,3522,34765,5216,34765,770,67
1616,3522,34766,5216,34766,770,67
1616,3522,34767,5216,34767,770,67
1616,3522,34768,5216,34768,770,67
1616,3522,34769,5216,34769,770,67
1616,3522,34770,5216,34770,770,67
1616,3522,34771,5216,34771,770,67
1616,3522,34772,5216,34772,770,67
1616,3522,34773,5216,34773,770,67
1616,3522,34774,5216,34774,770,67
1616,3522,34775,5216,34775,770,67
1616,3522,34776,5216,34776,770,67
1616,3522,34777,5216,34777,770,67
1616,3522,34778,5216,34778,770,67
1616,3522,34779,5216,34779,770,67
1616,3522,34780,5216,34780,770,67
1616,3522,34781,5216,34781,770,67
1616,3522,34782,5216,34782,770,67
1616,3522,34783,5216,34783,770,67
1616,3522,34784,5216,34784,770,67
1616,3522,34785,5216,34785,770,67
1616,3522,34786,5216,34786,770,67
1616,3522,34787,5216,34787,770,67
1616,3522,34788,5216,34788,770,67
1616,3522,34789,5216,34789,770,67
1616,3522,34790,5216,34790,770,67
1616,3522,34791,5216,34791,770,67
1616,3522,34792,5216,34792,770,67
1616,3522,34793,5216,34793,770,67
1616,3522,34794,5216,34794,770,67
1616,3522,34795,5216,34795,770,67
1616,3522,34796,5216,34796,770,67
1617,3522,34797,5216,34797,770,67
1617,3522,34798,5216,34798,770,67
1617,3522,34799,5216,34799,770,67
1617,3522,34800,5216,34800,770,67
1617,3522,34801,5216,34801,770,67
1617,3522,34802,5216,34802,770,67
1617,3522,34803,5216,34803,770,67
1617,3522,34804,5216,34804,770,67
1617,3522,34805,5216,34805,770,67
1617,3522,34806,5216,34806,770,67
1617,3522,34807,5216,34807,770,67
1617,3522,34808,5216,34808,770,67
1617,3522,34809,5216,34809,770,67
1617,3522,34810,5216,34810,770,67
1617,3522,34811,5216,34811,770,67
1617,3522,34812,5216,34812,770,67
1617,3522,34813,5216,34813,770,67
1617,3522,34814,5216,34814,770,67
1616,3522,34815,5216,34815,770,67
1616,3522,34816,5216,34816,770,67
1616,3522,34817,5216,34817,770,67
1616,3522,34818,5216,34818,770,67
1616,3522,34819,5216,34819,770,67
1616,3522,34820,5216,34820,770,67
1616,3522,34821,5216,34821,770,67
1616,3522,34822,5216,34822,770,67
1616,3522,34823,5216,34823,770,67
1616,3522,34824,5216,34824,770,67
1616,3522,34825,5216,34825,770,67
1616,3522,34826,5216,34826,770,67
1616,3522,34827,5216,34827,770,67
1616,3522,34828,5216,34828,770,67
1616,3522,34829,5216,34829,770,67
1616,3522,34830,5216,34830,770,67
1616,3522,34831,5216,34831,770,67
1616,3522,34832,5216,34832,770,67
1616,3522,34833,5216,34833,770,67
1616,3522,34834,5216,34834,770,67
1616,3522,34835,5216,34835,770,67
1616,3522,34836,5216,34836,770,67
1616,3522,34837,5216,34837,770,67
1616,3522,34838,5216,34838,770,67
1616,3522,34839,5216,34839,770,67
1616,3522,34840,5216,34840,770,67
1616,3522,34841,5216,34841,770,67
1616,3522,34842,5216,34842,770,67
1616,3522,34843,5216,34843,770,67
1616,3522,34844,5216,34844,770,67
1616,3522,34845,5216,34845,770,67
1616,3522,34846,5216,34846,770,67
1616,3522,34847,5216,34847,770,67
1616,3522,34848,5216,34848,770,67
1616,3522,34849,5216,34849,770,67
1616,3522,34850,5216,34850,770,67
1616,3522,34851,5216,34851,770,67
1616,3522,34852,5216,34852,770,67
1616,3522,34853,5216,34853,770,67
1616,3522,34854,5216,34854,770,67
1616,3522,34855,5216,34855,770,67
1616,3522,34856,5216,34856,770,67
1616,3522,34857,5216,34857,770,67
1616,3522,34858,5216,34858,770,67
1616,3522,34859,5216,34859,770,67
1616,3522,34860,5216,34860,770,67
1616,3522,34861,5216,34861,770,67
1616,3522,34862,5216,34862,770,67
1616,3522,34863,5216,34863,770,67
1616,3522,34864,5216,34864,770,67
1616,3522,34865,5216,34865,770,67
1616,3522,34866,5216,34866,770,67
1616,3522,34867,5216,34867,770,67
1616,3522,34868,5216,34868,770,67
1616,3522,34869,5216,34869,770,67
1616,3522,34870,5216,34870,770,67
1616,3522,34871,5216,34871,770,67
1616,3522,34872,5216,34872,770,67
1616,3522,34873,5216,34873,770,67
1616,3522,34874,5216,34874,770,67
1616,3522,34875,5216,34875,770,67
1616,3522,34876,5216,34876,770,67
1616,3522,34877,5216,34877,770,67
1616,3522,34878,5216,34878,770,67
1616,3522,34879,5216,34879,770,67
1616,3522,34880,5216,34880,770,67
1616,3522,34881,5216,34881,770,67
1616,3522,34882,5216,34882,770,67
1616,3522,34883,5216,34883,770,67
1616,3522,34884,5216,34884,770,67
1616,3522,34885,5216,34885,770,67
1616,3522,34886,5216,34886,770,67
1616,3522,34887,5216,34887,770,67
1616,3522,34888,5216,34888,770,67
1616,3522,34889,5216,34889,770,67
1616,3522,34890,5216,34890,770,67
1616,3522,34891,5216,34891,770,67
1616,3522,34892,5216,34892,770,67
1616,3522,34893,5216,34893,770,67
1616,3522,34894,5216,34894,770,67
1616,3522,34895,5216,34895,770,67
1616,3522,34896,5216,34896,770,67
1616,3522,34897,5216,34897,770,67
1616,3522,34898,5216,34898,770,67
1616,3522,34899,5216,34899,770,67
1616,3522,34900,5216,34900,770,67
1616,3522,34901,5216,34901,770,67
1616,3522,34902,5216,34902,770,67
1616,3522,34903,5216,34903,770,67
1616,3522,34904,5216,34904,770,67
1616,3522,34905,5216,34905,770,67
1616,3522,34906,5216,34906,770,67
1616,3522,34907,5216,34907,770,67
1616,3522,34908,5216,34908,770,67
1616,3522,34909,5216,34909,770,67
1616,3522,34910,5216,34910,770,67
1616,3522,34911,5216,34911,770,67
1616,3522,34912,5216,34912,770,67
1616,3522,34913,5216,34913,770,67
1616,3522,34914,5216,34914,770,67
1616,3522,34915,5216,34915,770,67
1616,3522,34916,5216,34916,770,67
1616,3522,34917,5216,34917,770,67
1616,3522,34918,5216,34918,770,67
1616,3522,34919,5216,34919,770,67
1616,3522,34920,5216,34920,770,67
1616,3522,34921,5216,34921,770,67
1616,3522,34922,5216,34922,770,67
1616,3522,34923,5216,34923,770,67
1616,3522,34924,5216,34924,770,67
1616,3522,34925,5216,34925,770,67
1616,3522,34926,5216,34926,770,67
1616,3522,34927,5216,34927,770,67
1616,3522,34928,5216,34928,770,67
1616,3522,34929,5216,34929,770,67
1616,3522,34930,5216,34930,770,67
1616,3522,34931,5216,34931,770,67
1616,3522,34932,5216,34932,770,67
1616,3522,34933,5216,34933,770,67
1616,3522,34934,5216,34934,770,67
1616,3522,34935,5216,34935,770,67
1616,3522,34936,5216,34936,770,67
1616,3522,34937,5216,34937,770,67
1616,3522,34938,5216,34938,770,67
1616,3522,34939,5216,34939,770,67
1616,3522,34940,5216,34940,770,67
1616,3522,34941,5216,34941,770,67
1616,3522,34942,5216,34942,770,67
1616,3522,34943,5216,34943,770,67
1616,3522,34944,5216,34944,770,67
1616,3522,34945,5216,34945,770,67
1616,3522,34946,5216,34946,770,67
1616,3522,34947,5216,34947,770,67
1616,3522,34948,5216,34948,770,67
1616,3522,34949,5216,34949,770,67
1616,3522,34950,5216,34950,770,67
1616,3522,34951,5216,34951,770,67
1616,3522,34952,5216,34952,770,67
1616,3522,34953,5216,34953,770,67
1616,3522,34954,5216,34954,770,67
1615,3522,34955,5216,34955,770,67
1615,3522,34956,5216,34956,770,67
1615,3522,34957,5216,34957,770,67
1615,3522,34958,5216,34958,770,67
1615,3522,34959,5216,34959,770,67
1615,3522,34960,5216,34960,770,67
1615,3522,34961,5216,34961,770,67
1615,3522,34962,5216,34962,770,67
1615,3522,34963,5216,34963,770,67
1615,3522,34964,5216,34964,770,67
1615,3522,34965,5216,34965,770,67
1615,3522,34966,5216,34966,770,67
1615,3522,34967,5216,34967,770,67
1615,3522,34968,5216,34968,770,67
1615,3522,34969,5216,34969,770,67
1615,3522,34970,5216,34970,770,67
1615,3522,34971,5216,34971,770,67
1615,3522,34972,5216,34972,770,67
1615,3522,34973,5216,34973,770,67
1615,3522,34974,5216,34974,770,67
1616,3522,34975,5216,34975,770,67
1616,3522,34976,5216,34976,770,67
1616,3522,34977,5216,34977,770,67
1616,3522,34978,5216,34978,770,67
1616,3522,34979,5216,34979,770,67
1616,3522,34980,5216,34980,770,67
1616,3522,34981,5216,34981,770,67
1616,3522,34982,5216,34982,770,67
1616,3522,34983,5216,34983,770,67
1616,3522,34984,5216,34984,770,67
1617,3522,34985,5216,34985,770,67
1617,3522,34986,5216,34986,770,67
1617,3522,34987,5216,34987,770,67
1617,3522,34988,5216,34988,770,67
1617,3522,34989,5216,34989,770,67
1617,3522,34990,5216,34990,770,67
1617,3522,34991,5216,34991,770,67
1617,3522,34992,5216,34992,770,67
1617,3522,34993,5216,34993,770,67
1617,3522,34994,5216,34994,770,67
1617,3522,34995,5216,34995,770,67
1617,3522,34996,5216,34996,770,67
1617,3522,34997,5216,34997,770,67
1617,3522,34998,5216,34998,770,67
1617,3522,34999,5216,34999,770,67
1617,3522,35000,5216,35000,770,67
1617,3522,35001,5216,35001,770,67
1617,3522,35002,5216,35002,770,67
1617,3522,35003,5216,35003,770,67
1617,3522,35004,5216,35004,770,67
1617,3522,35005,5216,35005,770,67
1617,3522,35006,5216,35006,770,67
1617,3522,35007,5216,35007,770,67
1617,3522,35008,5216,35008,770,67
1617,3522,35009,5216,35009,770,67
1617,3522,35010,5216,35010,770,67
1617,3522,35011,5216,35011,770,67
1617,3522,35012,5216,35012,770,67
1617,3522,35013,5216,35013,770,67
1617,3522,35014,5216,35014,770,67
1617,3522,35015,5216,35015,770,67
1617,3522,35016,5216,35016,770,67
1617,3522,35017,5216,35017,770,67
1617,3522,35018,5216,35018,770,67
1617,3522,35019,5216,35019,770,67
1617,3522,35020,5216,35020,770,67
1617,3522,35021,5216,35021,770,67
1617,3522,35022,5216,35022,770,67
1617,3522,35023,5216,35023,770,67
1617,3522,35024,5216,35024,770,67
1617,3522,35025,5216,35025,770,67
1617,3522,35026,5216,35026,770,67
1617,3522,35027,5216,35027,770,67
1617,3522,35028,5216,35028,770,67
1617,3522,35029,5216,35029,770,67
1617,3522,35030,5216,35030,770,67
1617,3522,35031,5216,35031,770,67
1617,3522,35032,5216,35032,770,67
1617,3522,35033,5216,35033,770,67
1617,3522,35034,5216,35034,770,67
1617,3522,35035,5216,35035,770,67
1617,3522,35036,5216,35036,770,67
1617,3522,35037,5216,35037,770,67
1617,3522,35038,5216,35038,770,67
1617,3522,35039,5216,35039,770,67
1617,3522,35040,5216,35040,770,67
1617,3522,35041,5216,35041,770,67
1617,3522,35042,5216,35042,770,67
1617,3522,35043,5216,35043,770,67
1617,3522,35044,5216,35044,770,67
1617,3522,35045,5216,35045,770,67
1617,3522,35046,5216,35046,770,67
1617,3522,35047,5216,35047,770,67
1617,3522,35048,5216,35048,770,67
1617,3522,35049,5216,35049,770,67
1617,3522,35050,5216,35050,770,67
1617,3522,35051,5216,35051,770,67
1617,3522,35052,5216,35052,770,67
1617,3522,35053,5216,35053,770,67
1617,3522,35054,5216,35054,770,67
1617,3522,35055,5216,35055,770,67
1617,3522,35056,5216,35056,770,67
1617,3522,35057,5216,35057,770,67
1617,3522,35058,5216,35058,770,67
1617,3522,35059,5216,35059,770,67
1617,3522,35060,5216,35060,770,67
1617,3522,35061,5216,35061,770,67
1617,3522,35062,5216,35062,770,67
1617,3522,35063,5216,35063,770,67
1617,3522,35064,5216,35064,770,67
1617,3522,35065,5216,35065,770,67
1617,3522,35066,5216,35066,770,67
1617,3522,35067,5216,35067,770,67
1617,3522,35068,5216,35068,770,67
1617,3522,35069,5216,35069,770,67
1617,3522,35070,5216,35070,770,67
1617,3522,35071,5216,35071,770,67
1617,3522,35072,5216,35072,770,67
1617,3522,35073,5216,35073,770,67
1617,3522,35074,5216,35074,770,67
1617,3522,35075,5216,35075,770,67
1617,3522,35076,5216,35076,770,67
1617,3522,35077,5216,35077,770,67
1617,3522,35078,5216,35078,770,67
1617,3522,35079,5216,35079,770,67
1617,3522,35080,5216,35080,770,67
1617,3522,35081,5216,35081,770,67
1617,3522,35082,5216,35082,770,67
1617,3522,35083,5216,35083,770,67
1617,3522,35084,5216,35084,770,67
1617,3522,35085,5216,35085,770,67
1617,3522,35086,5216,35086,770,67
1617,3522,35087,5216,35087,770,67
1617,3522,35088,5216,35088,770,67
1617,3522,35089,5216,35089,770,67
1617,3522,35090,5216,35090,770,67
1617,3522,35091,5216,35091,770,67
1617,3522,35092,5216,35092,770,67
1617,3522,35093,5216,35093,770,67
1617,3522,35094,5216,35094,770,67
1617,3522,35095,5216,35095,770,67
1617,3522,35096,5216,35096,770,67
1617,3522,35097,5216,35097,770,67
1617,3522,35098,5216,35098,770,67
1617,3522,35099,5216,35099,770,67
1617,3522,35100,5216,35100,770,67
1617,3522,35101,5216,35101,770,67
1617,3522,35102,5216,35102,770,67
1617,3522,35103,5216,35103,770,67
1617,3522,35104,5216,35104,770,67
1617,3522,35105,5216,35105,770,67
1617,3522,35106,5216,35106,770,67
1617,3522,35107,5216,35107,770,67
1617,3522,35108,5216,35108,770,67
1617,3522,35109,5216,35109,770,67
1617,3522,35110,5216,35110,770,67
1617,3522,35111,5216,35111,770,67
1617,3522,35112,5216,35112,770,67
1617,3522,35113,5216,35113,770,67
1617,3522,35114,5216,35114,770,67
1617,3522,35115,5216,35115,770,67
1617,3522,35116,5216,35116,770,67
1617,3522,35117,5216,35117,770,67
1617,3522,35118,5216,35118,770,67
1617,3522,35119,5216,35119,770,67
1617,3522,35120,5216,35120,770,67
1617,3522,35121,5216,35121,770,67
1617,3522,35122,5216,35122,770,67
1617,3522,35123,5216,35123,770,67
1617,3522,35124,5216,35124,770,67
1617,3522,35125,5216,35125,770,67
1617,3522,35126,5216,35126,770,67
1617,3522,35127,5216,35127,770,67
1617,3522,35128,5216,35128,770,67
1617,3522,35129,5216,35129,770,67
1617,3522,35130,5216,35130,770,67
1617,3522,35131,5216,35131,770,67
1617,3522,35132,5216,35132,770,67
1617,3522,35133,5216,35133,770,67
1617,3522,35134,5216,35134,770,67
1617,3522,35135,5216,35135,770,67
1617,3522,35136,5216,35136,770,67
1617,3522,35137,5216,35137,770,67
1617,3522,35138,5216,35138,770,67
1617,3522,35139,5216,35139,770,67
1617,3522,35140,5216,35140,770,67
1617,3522,35141,5216,35141,770,67
1617,3522,35142,5216,35142,770,67
1617,3522,35143,5216,35143,770,67
1617,3522,35144,5216,35144,770,67
1617,3522,35145,5216,35145,770,67
1617,3522,35146,5216,35146,770,67
1617,3522,35147,5216,35147,770,67
1617,3522,35148,5216,35148,770,67
1617,3522,35149,5216,35149,770,67
1617,3522,35150,5216,35150,770,67
1617,3522,35151,5216,35151,770,67
1617,3522,35152,5216,35152,770,67
1617,3522,35153,5216,35153,770,67
1617,3522,35154,5216,35154,770,67
1617,3522,35155,5216,35155,770,67
1617,3522,35156,5216,35156,770,67
1617,3522,35157,5216,35157,770,67
1618,3522,35158,5216,35158,770,67
1618,3522,35159,5216,35159,770,67
1619,3522,35160,5216,35160,770,67
1619,3522,35161,5216,35161,770,67
1619,3522,35162,5216,35162,770,67
1619,3522,35163,5216,35163,770,67
1619,3522,35164,5216,35164,770,67
1619,3522,35165,5216,35165,770,67
1619,3522,35166,5216,35166,770,67
1619,3522,35167,5216,35167,770,67
1619,3522,35168,5216,35168,770,67
1619,3522,35169,5216,35169,770,67
1619,3522,35170,5216,35170,770,67
1619,3522,35171,5216,35171,770,67
1619,3522,35172,5216,35172,770,67
1619,3522,35173,5216,35173,770,67
1619,3522,35174,5216,35174,770,67
1619,3522,35175,5216,35175,770,67
1619,3522,35176,5216,35176,770,67
1619,3522,35177,5216,35177,770,67
1619,3522,35178,5216,35178,770,67
1619,3522,35179,5216,35179,770,67
1619,3522,35180,5216,35180,770,67
1619,3522,35181,5216,35181,770,67
1619,3522,35182,5216,35182,770,67
1619,3522,35183,5216,35183,770,67
1619,3522,35184,5216,35184,770,67
1619,3522,35185,5216,35185,770,67
1619,3522,35186,5216,35186,770,67
1619,3522,35187,5216,35187,770,67
1619,3522,35188,5216,35188,770,67
1619,3522,35189,5216,35189,770,67
1619,3522,35190,5216,35190,770,67
1619,3522,35191,5216,35191,770,67
1619,3522,35192,5216,35192,770,67
1619,3522,35193,5216,35193,770,67
1619,3522,35194,5216,35194,770,67
1619,3522,35195,5216,35195,770,67
1619,3522,35196,5216,35196,770,67
1619,3522,35197,5216,35197,770,67
1619,3522,35198,5216,35198,770,67
1619,3522,35199,5216,35199,770,67
1619,3522,35200,5216,35200,770,67
1619,3522,35201,5216,35201,770,67
1619,3522,35202,5216,35202,770,67
1619,3522,35203,5216,35203,770,67
1619,3522,35204,5216,35204,770,67
1619,3522,35205,5216,35205,770,67
1619,3522,35206,5216,35206,770,67
1619,3522,35207,5216,35207,770,67
1619,3522,35208,5216,35208,770,67
1619,3522,35209,5216,35209,770,67
1619,3522,35210,5216,35210,770,67
1619,3522,35211,5216,35211,770,67
1619,3522,35212,5216,35212,770,67
1619,3522,35213,5216,35213,770,67
1619,3522,35214,5216,35214,770,67
1619,3522,35215,5216,35215,770,67
1619,3522,35216,5216,35216,770,67
1619,3522,35217,5216,35217,770,67
1619,3522,35218,5216,35218,770,67
1619,3522,35219,5216,35219,770,67
1619,3522,35220,5216,35220,770,67
1619,3522,35221,5216,35221,770,67
1619,3522,35222,5216,35222,770,67
1619,3522,35223,5216,35223,770,67
1619,3522,35224,5216,35224,770,67
1619,3522,35225,5216,35225,770,67
1619,3522,35226,5216,35226,770,67
1618,3522,35227,5216,35227,770,67
1618,3522,35228,5216,35228,770,67
1618,3522,35229,5216,35229,770,67
1618,3522,35230,5216,35230,770,67
1618,3522,35231,5216,35231,770,67
1618,3522,35232,5216,35232,770,67
1618,3522,35233,5216,35233,770,67
1618,3522,35234,5216,35234,770,67
1618,3522,35235,5216,35235,770,67
1618,3522,35236,5216,35236,770,67
1618,3522,35237,5216,35237,770,67
1618,3522,35238,5216,35238,770,67
1618,3522,35239,5216,35239,770,67
1618,3522,35240,5216,35240,770,67
1618,3522,35241,5216,35241,770,67
1618,3522,35242,5216,35242,770,67
1618,3522,35243,5216,35243,770,67
1618,3522,35244,5216,35244,770,67
1618,3522,35245,5216,35245,770,67
1618,3522,35246,5216,35246,770,67
1618,3522,35247,5216,35247,770,67
1618,3522,35248,5216,35248,770,67
1618,3522,35249,5216,35249,770,67
1618,3522,35250,5216,35250,770,67
1618,3522,35251,5216,35251,770,67
1618,3522,35252,5216,35252,770,67
1618,3522,35253,5216,35253,770,67
1618,3522,35254,5216,35254,770,67
1618,3522,35255,5216,35255,770,67
1618,3522,35256,5216,35256,770,67
1618,3522,35257,5216,35257,770,67
1618,3522,35258,5216,35258,770,67
1618,3522,35259,5216,35259,770,67
1618,3522,35260,5216,35260,770,67
1618,3522,35261,5216,35261,770,67
1618,3522,35262,5216,35262,770,67
1618,3522,35263,5216,35263,770,67
1618,3522,35264,5216,35264,770,67
1618,3522,35265,5216,35265,770,67
1618,3522,35266,5216,35266,770,67
1618,3522,35267,5216,35267,770,67
1618,3522,35268,5216,35268,770,67
1618,3522,35269,5216,35269,770,67
1618,3522,35270,5216,35270,770,67
1618,3522,35271,5216,35271,770,67
1618,3522,35272,5216,35272,770,67
1618,3522,35273,5216,35273,770,67
1618,3522,35274,5216,35274,770,67
1618,3522,35275,5216,35275,770,67
1618,3522,35276,5216,35276,770,67
1618,3522,35277,5216,35277,770,67
1618,3522,35278,5216,35278,770,67
1618,3522,35279,5216,35279,770,67
1618,3522,35280,5216,35280,770,67
1618,3522,35281,5216,35281,770,67
1618,3522,35282,5216,35282,770,67
1618,3522,35283,5216,35283,770,67
1618,3522,35284,5216,35284,770,67
1618,3522,35285,5216,35285,770,67
1618,3522,35286,5216,35286,770,67
1618,3522,35287,5216,35287,770,67
1618,3522,35288,5216,35288,770,67
1618,3522,35289,5216,35289,770,67
1618,3522,35290,5216,35290,770,67
1618,3522,35291,5216,35291,770,67
1618,3522,35292,5216,35292,770,67
1618,3522,35293,5216,35293,770,67
1618,3522,35294,5216,35294,770,67
1618,3522,35295,5216,35295,770,67
1618,3522,35296,5216,35296,770,67
1618,3522,35297,5216,35297,770,67
1619,3522,35298,5216,35298,770,67
1619,3522,35299,5216,35299,770,67
1619,3522,35300,5216,35300,770,67
1619,3522,35301,5216,35301,770,67
1619,3522,35302,5216,35302,770,67
1619,3522,35303,5216,35303,770,67
1619,3522,35304,5216,35304,770,67
1619,3522,35305,5216,35305,770,67
1619,3522,35306,5216,35306,770,67
1619,3522,35307,5216,35307,770,67
1619,3522,35308,5216,35308,770,67
1619,3522,35309,5216,35309,770,67
1619,3522,35310,5216,35310,770,67
1619,3522,35311,5216,35311,770,67
1619,3522,35312,5216,35312,770,67
1619,3522,35313,5216,35313,770,67
1619,3522,35314,5216,35314,770,67
1619,3522,35315,5216,35315,770,67
1619,3522,35316,5216,35316,770,67
1619,3522,35317,5216,35317,770,67
1619,3522,35318,5216,35318,770,67
1619,3522,35319,5216,35319,770,67
1619,3522,35320,5216,35320,770,67
1619,3522,35321,5216,35321,770,67
1619,3522,35322,5216,35322,770,67
1619,3522,35323,5216,35323,770,67
1619,3522,35324,5216,35324,770,67
1619,3522,35325,5216,35325,770,67
1619,3522,35326,5216,35326,770,67
1619,3522,35327,5216,35327,770,67
1619,3522,35328,5216,35328,770,67
1619,3522,35329,5216,35329,770,67
1619,3522,35330,5216,35330,770,67
1619,3522,35331,5216,35331,770,67
1619,3522,35332,5216,35332,770,67
1619,3522,35333,5216,35333,770,67
1619,3522,35334,5216,35334,770,67
1619,3522,35335,5216,35335,770,67
1619,3522,35336,5216,35336,770,67
1619,3522,35337,5216,35337,770,67
1619,3522,35338,5216,35338,770,67
1619,3522,35339,5216,35339,770,67
1619,3522,35340,5216,35340,770,67
1619,3522,35341,5216,35341,770,67
1619,3522,35342,5216,35342,770,67
1619,3522,35343,5216,35343,770,67
1619,3522,35344,5216,35344,770,67
1619,3522,35345,5216,35345,770,67
1619,3522,35346,5216,35346,770,67
1619,3522,35347,5216,35347,770,67
1619,3522,35348,5216,35348,770,67
1619,3522,35349,5216,35349,770,67
1619,3522,35350,5216,35350,770,67
1619,3522,35351,5216,35351,770,67
1619,3522,35352,5216,35352,770,67
1619,3522,35353,5216,35353,770,67
1619,3522,35354,5216,35354,770,67
1619,3522,35355,5216,35355,770,67
1619,3522,35356,5216,35356,770,67
1619,3522,35357,5216,35357,770,67
1619,3522,35358,5216,35358,770,67
1619,3522,35359,5216,35359,770,67
1619,3522,35360,5216,35360,770,67
1619,3522,35361,5216,35361,770,67
1619,3522,35362,5216,35362,770,67
1619,3522,35363,5216,35363,770,67
1619,3522,35364,5216,35364,770,67
1619,3522,35365,5216,35365,770,67
1619,3522,35366,5216,35366,770,67
1619,3522,35367,5216,35367,770,67
1619,3522,35368,5216,35368,770,67
1619,3522,35369,5216,35369,770,67
1619,3522,35370,5216,35370,770,67
1619,3522,35371,5216,35371,770,67
1619,3522,35372,5216,35372,770,67
1619,3522,35373,5216,35373,770,67
1619,3522,35374,5216,35374,770,67
1619,3522,35375,5216,35375,770,67
1619,3522,35376,5216,35376,770,67
1619,3522,35377,5216,35377,770,67
1619,3522,35378,5216,35378,770,67
1619,3522,35379,5216,35379,770,67
1619,3522,35380,5216,35380,770,67
1619,3522,35381,5216,35381,770,67
1619,3522,35382,5216,35382,770,67
1619,3522,35383,5216,35383,770,67
1619,3522,35384,5216,35384,770,67
1619,3522,35385,5216,35385,770,67
1619,3522,35386,5216,35386,770,67
1619,3522,35387,5216,35387,770,67
1619,3522,35388,5216,35388,770,67
1619,3522,35389,5216,35389,770,67
1619,3522,35390,5216,35390,770,67
1619,3522,35391,5216,35391,770,67
1619,3522,35392,5216,35392,770,67
1619,3522,35393,5216,35393,770,67
1619,3522,35394,5216,35394,770,67
1619,3522,35395,5216,35395,770,67
1619,3522,35396,5216,35396,770,67
1619,3522,35397,5216,35397,770,67
1619,3522,35398,5216,35398,770,67
1619,3522,35399,5216,35399,770,67
1619,3522,35400,5216,35400,770,67
1619,3522,35401,5216,35401,770,67
1619,3522,35402,5216,35402,770,67
1619,3522,35403,5216,35403,770,67
1619,3522,35404,5216,35404,770,67
1619,3522,35405,5216,35405,770,67
1619,3522,35406,5216,35406,770,67
1619,3522,35407,5216,35407,770,67
1619,3522,35408,5216,35408,770,67
1619,3522,35409,5216,35409,770,67
1619,3522,35410,5216,35410,770,67
1619,3522,35411,5216,35411,770,67
1619,3522,35412,5216,35412,770,67
1619,3522,35413,5216,35413,770,67
1619,3522,35414,5216,35414,770,67
1619,3522,35415,5216,35415,770,67
1619,3522,35416,5216,35416,770,67
1620,3522,35417,5216,35417,770,67
1620,3522,35418,5216,35418,770,67
1620,3522,35419,5216,35419,770,67
1620,3522,35420,5216,35420,770,67
1620,3522,35421,5216,35421,770,67
1620,3522,35422,5216,35422,770,67
1620,3522,35423,5216,35423,770,67
1620,3522,35424,5216,35424,770,67
1620,3522,35425,5216,35425,770,67
1620,3522,35426,5216,35426,770,67
1620,3522,35427,5216,35427,770,67
1620,3522,35428,5216,35428,770,67
1620,3522,35429,5216,35429,770,67
1620,3522,35430,5216,35430,770,67
1620,3522,35431,5216,35431,770,67
1620,3522,35432,5216,35432,770,67
1620,3522,35433,5216,35433,770,67
1620,3522,35434,5216,35434,770,67
1620,3522,35435,5216,35435,770,67
1620,3522,35436,5216,35436,770,67
1620,3522,35437,5216,35437,770,67
1620,3522,35438,5216,35438,770,67
1620,3522,35439,5216,35439,770,67
1620,3522,35440,5216,35440,770,67
1620,3522,35441,5216,35441,770,67
1620,3522,35442,5216,35442,770,67
1620,3522,35443,5216,35443,770,67
1620,3522,35444,5216,35444,770,67
1620,3522,35445,5216,35445,770,67
1620,3522,35446,5216,35446,770,67
1620,3522,35447,5216,35447,770,67
1620,3522,35448,5216,35448,770,67
1620,3522,35449,5216,35449,770,67
1620,3522,35450,5216,35450,770,67
1620,3522,35451,5216,35451,770,67
1620,3522,35452,5216,35452,770,67
1620,3522,35453,5216,35453,770,67
1620,3522,35454,5216,35454,770,67
1620,3522,35455,5216,35455,770,67
1620,3522,35456,5216,35456,770,67
1620,3522,35457,5216,35457,770,67
1620,3522,35458,5216,35458,770,67
1620,3522,35459,5216,35459,770,67
1620,3522,35460,5216,35460,770,67
1620,3522,35461,5216,35461,770,67
1620,3522,35462,5216,35462,770,67
1620,3522,35463,5216,35463,770,67
1620,3522,35464,5216,35464,770,67
1620,3522,35465,5216,35465,770,67
1620,3522,35466,5216,35466,770,67
1620,3522,35467,5216,35467,770,67
1620,3522,35468,5216,35468,770,67
1620,3522,35469,5216,35469,770,67
1620,3522,35470,5216,35470,770,67
1620,3522,35471,5216,35471,770,67
1620,3522,35472,5216,35472,770,67
1620,3522,35473,5216,35473,770,67
1620,3522,35474,5216,35474,770,67
1620,3522,35475,5216,35475,770,67
1620,3522,35476,5216,35476,770,67
1620,3522,35477,5216,35477,770,67
1620,3522,35478,5216,35478,770,67
1620,3522,35479,5216,35479,770,67
1620,3522,35480,5216,35480,770,67
1620,3522,35481,5216,35481,770,67
1620,3522,35482,5216,35482,770,67
1620,3522,35483,5216,35483,770,67
1620,3522,35484,5216,35484,770,67
1620,3522,35485,5216,35485,770,67
1620,3522,35486,5216,35486,770,67
1620,3522,35487,5216,35487,770,67
1620,3522,35488,5216,35488,770,67
1620,3522,35489,5216,35489,770,67
1620,3522,35490,5216,35490,770,67
1620,3522,35491,5216,35491,770,67
1620,3522,35492,5216,35492,770,67
1620,3522,35493,5216,35493,770,67
1620,3522,35494,5216,35494,770,67
1620,3522,35495,5216,35495,770,67
1620,3522,35496,5216,35496,770,67
1620,3522,35497,5216,35497,770,67
1620,3522,35498,5216,35498,770,67
1620,3522,35499,5216,35499,770,67
1620,3522,35500,5216,35500,770,67
1620,3522,35501,5216,35501,770,67
1620,3522,35502,5216,35502,770,67
1620,3522,35503,5216,35503,770,67
1620,3522,35504,5216,35504,770,67
1620,3522,35505,5216,35505,770,67
1620,3522,35506,5216,35506,770,67
1620,3522,35507,5216,35507,770,67
1620,3522,35508,5216,35508,770,67
1620,3522,35509,5216,35509,770,67
1620,3522,35510,5216,35510,770,67
1620,3522,35511,5216,35511,770,67
1620,3522,35512,5216,35512,770,67
1620,3522,35513,5216,35513,770,67
1620,3522,35514,5216,35514,770,67
1620,3522,35515,5216,35515,770,67
1620,3522,35516,5216,35516,770,67
1620,3522,35517,5216,35517,770,67
1620,3522,35518,5216,35518,770,67
1620,3522,35519,5216,35519,770,67
1620,3522,35520,5216,35520,770,67
1620,3522,35521,5216,35521,770,67
1620,3522,35522,5216,35522,770,67
1620,3522,35523,5216,35523,770,67
1620,3522,35524,5216,35524,770,67
1620,3522,35525,5216,35525,770,67
1620,3522,35526,5216,35526,770,67
1620,3522,35527,5216,35527,770,67
1620,3522,35528,5216,35528,770,67
1620,3522,35529,5216,35529,770,67
1620,3522,35530,5216,35530,770,67
1620,3522,35531,5216,35531,770,67
1620,3522,35532,5216,35532,770,67
1620,3522,35533,5216,35533,770,67
1620,3522,35534,5216,35534,770,67
1620,3522,35535,5216,35535,770,67
1620,3522,35536,5216,35536,770,67
1620,3522,35537,5216,35537,770,67
1620,3522,35538,5216,35538,770,67
1620,3522,35539,5216,35539,770,67
1620,3522,35540,5216,35540,770,67
1619,3522,35541,5216,35541,770,67
1619,3522,35542,5216,35542,770,67
1619,3522,35543,5216,35543,770,67
1619,3522,35544,5216,35544,770,67
1619,3522,35545,5216,35545,770,67
1619,3522,35546,5216,35546,770,67
1619,3522,35547,5216,35547,770,67
1619,3522,35548,5216,35548,770,67
1619,3522,35549,5216,35549,770,67
1619,3522,35550,5216,35550,770,67
1619,3522,35551,5216,35551,770,67
1619,3522,35552,5216,35552,770,67
1619,3522,35553,5216,35553,770,67
1619,3522,35554,5216,35554,770,67
1619,3522,35555,5216,35555,770,67
1619,3522,35556,5216,35556,770,67
1619,3522,35557,5216,35557,770,67
1619,3522,35558,5216,35558,770,67
1619,3522,35559,5216,35559,770,67
1619,3522,35560,5216,35560,770,67
1619,3522,35561,5216,35561,770,67
1619,3522,35562,5216,35562,770,67
1619,3522,35563,5216,35563,770,67
1619,3522,35564,5216,35564,770,67
1619,3522,35565,5216,35565,770,67
1619,3522,35566,5216,35566,770,67
1619,3522,35567,5216,35567,770,67
1619,3522,35568,5216,35568,770,67
1619,3522,35569,5216,35569,770,67
1619,3522,35570,5216,35570,770,67
1619,3522,35571,5216,35571,770,67
1619,3522,35572,5216,35572,770,67
1619,3522,35573,5216,35573,770,67
1619,3522,35574,5216,35574,770,67
1619,3522,35575,5216,35575,770,67
1619,3522,35576,5216,35576,770,67
1619,3522,35577,5216,35577,770,67
1619,3522,35578,5216,35578,770,67
1619,3522,35579,5216,35579,770,67
1619,3522,35580,5216,35580,770,67
1619,3522,35581,5216,35581,770,67
1619,3522,35582,5216,35582,770,67
1619,3522,35583,5216,35583,770,67
1619,3522,35584,5216,35584,770,67
1619,3522,35585,5216,35585,770,67
1619,3522,35586,5216,35586,770,67
1619,3522,35587,5216,35587,770,67
1619,3522,35588,5216,35588,770,67
1619,3522,35589,5216,35589,770,67
1619,3522,35590,5216,35590,770,67
1619,3522,35591,5216,35591,770,67
1619,3522,35592,5216,35592,770,67
1619,3522,35593,5216,35593,770,67
1619,3522,35594,5216,35594,770,67
1619,3522,35595,5216,35595,770,67
1619,3522,35596,5216,35596,770,67
1619,3522,35597,5216,35597,770,67
1619,3522,35598,5216,35598,770,67
1619,3522,35599,5216,35599,770,67
1619,3522,35600,5216,35600,770,67
1619,3522,35601,5216,35601,770,67
1619,3522,35602,5216,35602,770,67
1619,3522,35603,5216,35603,770,67
1619,3522,35604,5216,35604,770,67
1619,3522,35605,5216,35605,770,67
1619,3522,35606,5216,35606,770,67
1619,3522,35607,5216,35607,770,67
1619,3522,35608,5216,35608,770,67
1619,3522,35609,5216,35609,770,67
1619,3522,35610,5216,35610,770,67
1619,3522,35611,5216,35611,770,67
1619,3522,35612,5216,35612,770,67
1619,3522,35613,5216,35613,770,67
1619,3522,35614,5216,35614,770,67
1619,3522,35615,5216,35615,770,67
1619,3522,35616,5216,35616,770,67
1619,3522,35617,5216,35617,770,67
1619,3522,35618,5216,35618,770,67
1619,3522,35619,5216,35619,770,67
1619,3522,35620,5216,35620,770,67
1619,3522,35621,5216,35621,770,67
1619,3522,35622,5216,35622,770,67
1619,3522,35623,5216,35623,770,67
1619,3522,35624,5216,35624,770,67
1619,3522,35625,5216,35625,770,67
1619,3522,35626,5216,35626,770,67
1619,3522,35627,5216,35627,770,67
1619,3522,35628,5216,35628,770,67
1619,3522,35629,5216,35629,770,67
1619,3522,35630,5216,35630,770,67
1619,3522,35631,5216,35631,770,67
1619,3522,35632,5216,35632,770,67
1619,3522,35633,5216,35633,770,67
1619,3522,35634,5216,35634,770,67
1619,3522,35635,5216,35635,770,67
1619,3522,35636,5216,35636,770,67
1619,3522,35637,5216,35637,770,67
1619,3522,35638,5216,35638,770,67
1619,3522,35639,5216,35639,770,67
1619,3522,35640,5216,35640,770,67
1619,3522,35641,5216,35641,770,67
1619,3522,35642,5216,35642,770,67
1619,3522,35643,5216,35643,770,67
1619,3522,35644,5216,35644,770,67
1619,3522,35645,5216,35645,770,67
1619,3522,35646,5216,35646,770,67
1619,3522,35647,5216,35647,770,67
1619,3522,35648,5216,35648,770,67
1619,3522,35649,5216,35649,770,67
1619,3522,35650,5216,35650,770,67
1619,3522,35651,5216,35651,770,67
1619,3522,35652,5216,35652,770,67
1619,3522,35653,5216,35653,770,67
1619,3522,35654,5216,35654,770,67
1619,3522,35655,5216,35655,770,67
1619,3522,35656,5216,35656,770,67
1619,3522,35657,5216,35657,770,67
1619,3522,35658,5216,35658,770,67
1619,3522,35659,5216,35659,770,67
1619,3522,35660,5216,35660,770,67
1619,3522,35661,5216,35661,770,67
1619,3522,35662,5216,35662,770,67
1619,3522,35663,5216,35663,770,67
1619,3522,35664,5216,35664,770,67
1619,3522,35665,5216,35665,770,67
1619,3522,35666,5216,35666,770,67
1619,3522,35667,5216,35667,770,67
1619,3522,35668,5216,35668,770,67
1619,3522,35669,5216,35669,770,67
1619,3522,35670,5216,35670,770,67
1619,3522,35671,5216,35671,770,67
1619,3522,35672,5216,35672,770,67
1619,3522,35673,5216,35673,770,67
1619,3522,35674,5216,35674,770,67
1619,3522,35675,5216,35675,770,67
1619,3522,35676,5216,35676,770,67
1619,3522,35677,5216,35677,770,67
1619,3522,35678,5216,35678,770,67
1619,3522,35679,5216,35679,770,67
1619,3522,35680,5216,35680,770,67
1619,3522,35681,5216,35681,770,67
1619,3522,35682,5216,35682,770,67
1619,3522,35683,5216,35683,770,67
1618,3522,35684,5216,35684,770,67
1618,3522,35685,5216,35685,770,67
1618,3522,35686,5216,35686,770,67
1618,3522,35687,5216,35687,770,67
1618,3522,35688,5216,35688,770,67
1618,3522,35689,5216,35689,770,67
1618,3522,35690,5216,35690,770,67
1618,3522,35691,5216,35691,770,67
1618,3522,35692,5216,35692,770,67
1618,3522,35693,5216,35693,770,67
1618,3522,35694,5216,35694,770,67
1618,3522,35695,5216,35695,770,67
1618,3522,35696,5216,35696,770,67
1618,3522,35697,5216,35697,770,67
1618,3522,35698,5216,35698,770,67
1618,3522,35699,5216,35699,770,67
1618,3522,35700,5216,35700,770,67
1618,3522,35701,5216,35701,770,67
1618,3522,35702,5216,35702,770,67
1618,3522,35703,5216,35703,770,67
1618,3522,35704,5216,35704,770,67
1618,3522,35705,5216,35705,770,67
1618,3522,35706,5216,35706,770,67
1618,3522,35707,5216,35707,770,67
1618,3522,35708,5216,35708,770,67
1618,3522,35709,5216,35709,770,67
1618,3522,35710,5216,35710,770,67
1619,3522,35711,5216,35711,770,67
1619,3522,35712,5216,35712,770,67
1619,3522,35713,5216,35713,770,67
1619,3522,35714,5216,35714,770,67
1619,3522,35715,5216,35715,770,67
1619,3522,35716,5216,35716,770,67
1619,3522,35717,5216,35717,770,67
1619,3522,35718,5216,35718,770,67
1619,3522,35719,5216,35719,770,67
1619,3522,35720,5216,35720,770,67
1619,3522,35721,5216,35721,770,67
1619,3522,35722,5216,35722,770,67
1619,3522,35723,5216,35723,770,67
1619,3522,35724,5216,35724,770,67
1619,3522,35725,5216,35725,770,67
1619,3522,35726,5216,35726,770,67
1619,3522,35727,5216,35727,770,67
1619,3522,35728,5216,35728,770,67
1619,3522,35729,5216,35729,770,67
1619,3522,35730,5216,35730,770,67
1619,3522,35731,5216,35731,770,67
1619,3522,35732,5216,35732,770,67
1619,3522,35733,5216,35733,770,67
1619,3522,35734,5216,35734,770,67
1619,3522,35735,5216,35735,770,67
1619,3522,35736,5216,35736,770,67
1619,3522,35737,5216,35737,770,67
1618,3522,35738,5216,35738,770,67
1618,3522,35739,5216,35739,770,67
1618,3522,35740,5216,35740,770,67
1618,3522,35741,5216,35741,770,67
1618,3522,35742,5216,35742,770,67
1618,3522,35743,5216,35743,770,67
1618,3522,35744,5216,35744,770,67
1618,3522,35745,5216,35745,770,67
1618,3522,35746,5216,35746,770,67
1618,3522,35747,5216,35747,770,67
1618,3522,35748,5216,35748,770,67
1618,3522,35749,5216,35749,770,67
1618,3522,35750,5216,35750,770,67
1618,3522,35751,5216,35751,770,67
1618,3522,35752,5216,35752,770,67
1618,3522,35753,5216,35753,770,67
1618,3522,35754,5216,35754,770,67
1618,3522,35755,5216,35755,770,67
1618,3522,35756,5216,35756,770,67
1618,3522,35757,5216,35757,770,67
1618,3522,35758,5216,35758,770,67
1618,3522,35759,5216,35759,770,67
1618,3522,35760,5216,35760,770,67
1618,3522,35761,5216,35761,770,67
1618,3522,35762,5216,35762,770,67
1618,3522,35763,5216,35763,770,67
1618,3522,35764,5216,35764,770,67
1618,3522,35765,5216,35765,770,67
1618,3522,35766,5216,35766,770,67
1618,3522,35767,5216,35767,770,67
1618,3522,35768,5216,35768,770,67
1618,3522,35769,5216,35769,770,67
1618,3522,35770,5216,35770,770,67
1618,3522,35771,5216,35771,770,67
1618,3522,35772,5216,35772,770,67
1618,3522,35773,5216,35773,770,67
1618,3522,35774,5216,35774,770,67
1618,3522,35775,5216,35775,770,67
1618,3522,35776,5216,35776,770,67
1618,3522,35777,5216,35777,770,67
1618,3522,35778,5216,35778,770,67
1618,3522,35779,5216,35779,770,67
1618,3522,35780,5216,35780,770,67
1618,3522,35781,5216,35781,770,67
1618,3522,35782,5216,35782,770,67
1618,3522,35783,5216,35783,770,67
1618,3522,35784,5216,35784,770,67
1618,3522,35785,5216,35785,770,67
1618,3522,35786,5216,35786,770,67
1618,3522,35787,5216,35787,770,67
1618,3522,35788,5216,35788,770,67
1618,3522,35789,5216,35789,770,67
1618,3522,35790,5216,35790,770,67
1618,3522,35791,5216,35791,770,67
1618,3522,35792,5216,35792,770,67
1618,3522,35793,5216,35793,770,67
1618,3522,35794,5216,35794,770,67
1618,3522,35795,5216,35795,770,67
1618,3522,35796,5216,35796,770,67
1618,3522,35797,5216,35797,770,67
1618,3522,35798,5216,35798,770,67
1618,3522,35799,5216,35799,770,67
1618,3522,35800,5216,35800,770,67
1618,3522,35801,5216,35801,770,67
1618,3522,35802,5216,35802,770,67
1618,3522,35803,5216,35803,770,67
1618,3522,35804,5216,35804,770,67
1618,3522,35805,5216,35805,770,67
1618,3522,35806,5216,35806,770,67
1618,3522,35807,5216,35807,770,67
1618,3522,35808,5216,35808,770,67
1618,3522,35809,5216,35809,770,67
1618,3522,35810,5216,35810,770,67
1618,3522,35811,5216,35811,770,67
1618,3522,35812,5216,35812,770,67
1618,3522,35813,5216,35813,770,67
1618,3522,35814,5216,35814,770,67
1618,3522,35815,5216,35815,770,67
1618,3522,35816,5216,35816,770,67
1618,3522,35817,5216,35817,770,67
1618,3522,35818,5216,35818,770,67
1618,3522,35819,5216,35819,770,67
1618,3522,35820,5216,35820,770,67
1618,3522,35821,5216,35821,770,67
1618,3522,35822,5216,35822,770,67
1618,3522,35823,5216,35823,770,67
1618,3522,35824,5216,35824,770,67
1618,3522,35825,5216,35825,770,67
1618,3522,35826,5216,35826,770,67
1618,3522,35827,5216,35827,770,67
1618,3522,35828,5216,35828,770,67
1618,3522,35829,5216,35829,770,67
1618,3522,35830,5216,35830,770,67
1617,3522,35831,5216,35831,770,67
1617,3522,35832,5216,35832,770,67
1617,3522,35833,5216,35833,770,67
1617,3522,35834,5216,35834,770,67
1617,3522,35835,5216,35835,770,67
1617,3522,35836,5216,35836,770,67
1617,3522,35837,5216,35837,770,67
1617,3522,35838,5216,35838,770,67
1617,3522,35839,5216,35839,770,67
1617,3522,35840,5216,35840,770,67
1617,3522,35841,5216,35841,770,67
1617,3522,35842,5216,35842,770,67
1617,3522,35843,5216,35843,770,67
1617,3522,35844,5216,35844,770,67
1617,3522,35845,5216,35845,770,67
1617,3522,35846,5216,35846,770,67
1617,3522,35847,5216,35847,770,67
1617,3522,35848,5216,35848,770,67
1617,3522,35849,5216,35849,770,67
1617,3522,35850,5216,35850,770,67
1617,3522,35851,5216,35851,770,67
1617,3522,35852,5216,35852,770,67
1617,3522,35853,5216,35853,770,67
1617,3522,35854,5216,35854,770,67
1617,3522,35855,5216,35855,770,67
1617,3522,35856,5216,35856,770,67
1617,3522,35857,5216,35857,770,67
1617,3522,35858,5216,35858,770,67
1617,3522,35859,5216,35859,770,67
1617,3522,35860,5216,35860,770,67
1617,3522,35861,5216,35861,770,67
1617,3522,35862,5216,35862,770,67
1617,3522,35863,5216,35863,770,67
1617,3522,35864,5216,35864,770,67
1617,3522,35865,5216,35865,770,67
1617,3522,35866,5216,35866,770,67
1617,3522,35867,5216,35867,770,67
1617,3522,35868,5216,35868,770,67
1617,3522,35869,5216,35869,770,67
1617,3522,35870,5216,35870,770,67
1617,3522,35871,5216,35871,770,67
1617,3522,35872,5216,35872,770,67
1617,3522,35873,5216,35873,770,67
1617,3522,35874,5216,35874,770,67
1617,3522,35875,5216,35875,770,67
1617,3522,35876,5216,35876,770,67
1617,3522,35877,5216,35877,770,67
1617,3522,35878,5216,35878,770,67
1617,3522,35879,5216,35879,770,67
1617,3522,35880,5216,35880,770,67
1617,3522,35881,5216,35881,770,67
1617,3522,35882,5216,35882,770,67
1617,3522,35883,5216,35883,770,67
1617,3522,35884,5216,35884,770,67
1617,3522,35885,5216,35885,770,67
1617,3522,35886,5216,35886,770,67
1617,3522,35887,5216,35887,770,67
1617,3522,35888,5216,35888,770,67
1617,3522,35889,5216,35889,770,67
1617,3522,35890,5216,35890,770,67
1617,3522,35891,5216,35891,770,67
1617,3522,35892,5216,35892,770,67
1617,3522,35893,5216,35893,770,67
1617,3522,35894,5216,35894,770,67
1617,3522,35895,5216,35895,770,67
1617,3522,35896,5216,35896,770,67
1617,3522,35897,5216,35897,770,67
1617,3522,35898,5216,35898,770,67
1617,3522,35899,5216,35899,770,67
1617,3522,35900,5216,35900,770,67
1616,3522,35901,5216,35901,770,67
1616,3522,35902,5216,35902,770,67
1616,3522,35903,5216,35903,770,67
1616,3522,35904,5216,35904,770,67
1616,3522,35905,5216,35905,770,67
1616,3522,35906,5216,35906,770,67
1616,3522,35907,5216,35907,770,67
1616,3522,35908,5216,35908,770,67
1616,3522,35909,5216,35909,770,67
1616,3522,35910,5216,35910,770,67
1616,3522,35911,5216,35911,770,67
1616,3522,35912,5216,35912,770,67
1616,3522,35913,5216,35913,770,67
1616,3522,35914,5216,35914,770,67
1616,3522,35915,5216,35915,770,67
1616,3522,35916,5216,35916,770,67
1616,3522,35917,5216,35917,770,67
1616,3522,35918,5216,35918,770,67
1616,3522,35919,5216,35919,770,67
1616,3522,35920,5216,35920,770,67
1616,3522,35921,5216,35921,770,67
1616,3522,35922,5216,35922,770,67
1616,3522,35923,5216,35923,770,67
1616,3522,35924,5216,35924,770,67
1616,3522,35925,5216,35925,770,67
1616,3522,35926,5216,35926,770,67
1616,3522,35927,5216,35927,770,67
1616,3522,35928,5216,35928,770,67
1616,3522,35929,5216,35929,770,67
1616,3522,35930,5216,35930,770,67
1616,3522,35931,5216,35931,770,67
1616,3522,35932,5216,35932,770,67
1616,3522,35933,5216,35933,770,67
1616,3522,35934,5216,35934,770,67
1616,3522,35935,5216,35935,770,67
1616,3522,35936,5216,35936,770,67
1616,3522,35937,5216,35937,770,67
1616,3522,35938,5216,35938,770,67
1616,3522,35939,5216,35939,770,67
1616,3522,35940,5216,35940,770,67
1616,3522,35941,5216,35941,770,67
1616,3522,35942,5216,35942,770,67
1616,3522,35943,5216,35943,770,67
1616,3522,35944,5216,35944,770,67
1616,3522,35945,5216,35945,770,67
1616,3522,35946,5216,35946,770,67
1616,3522,35947,5216,35947,770,67
1616,3522,35948,5216,35948,770,67
1616,3522,35949,5216,35949,770,67
1616,3522,35950,5216,35950,770,67
1616,3522,35951,5216,35951,770,67
1616,3522,35952,5216,35952,770,67
1616,3522,35953,5216,35953,770,67
1616,3522,35954,5216,35954,770,67
1616,3522,35955,5216,35955,770,67
1616,3522,35956,5216,35956,770,67
1616,3522,35957,5216,35957,770,67
1616,3522,35958,5216,35958,770,67
1615,3522,35959,5216,35959,770,67
1615,3522,35960,5216,35960,770,67
1615,3522,35961,5216,35961,770,67
1615,3522,35962,5216,35962,770,67
1615,3522,35963,5216,35963,770,67
1615,3522,35964,5216,35964,770,67
1615,3522,35965,5216,35965,770,67
1615,3522,35966,5216,35966,770,67
1615,3522,35967,5216,35967,770,67
1615,3522,35968,5216,35968,770,67
1615,3522,35969,5216,35969,770,67
1615,3522,35970,5216,35970,770,67
1615,3522,35971,5216,35971,770,67
1615,3522,35972,5216,35972,770,67
1615,3522,35973,5216,35973,770,67
1615,3522,35974,5216,35974,770,67
1615,3522,35975,5216,35975,770,67
1615,3522,35976,5216,35976,770,67
1615,3522,35977,5216,35977,770,67
1615,3522,35978,5216,35978,770,67
1615,3522,35979,5216,35979,770,67
1615,3522,35980,5216,35980,770,67
1615,3522,35981,5216,35981,770,67
1615,3522,35982,5216,35982,770,67
1615,3522,35983,5216,35983,770,67
1615,3522,35984,5216,35984,770,67
1615,3522,35985,5216,35985,770,67
1615,3522,35986,5216,35986,770,67
1615,3522,35987,5216,35987,770,67
1615,3522,35988,5216,35988,770,67
1615,3522,35989,5216,35989,770,67
1615,3522,35990,5216,35990,770,67
1615,3522,35991,5216,35991,770,67
1615,3522,35992,5216,35992,770,67
1615,3522,35993,5216,35993,770,67
1615,3522,35994,5216,35994,770,67
1615,3522,35995,5216,35995,770,67
1615,3522,35996,5216,35996,770,67
1615,3522,35997,5216,35997,770,67
1615,3522,35998,5216,35998,770,67
1615,3522,35999,5216,35999,770,67
1615,3522,36000,5216,36000,770,67
1615,3522,36001,5216,36001,770,67
1615,3522,36002,5216,36002,770,67
1615,3522,36003,5216,36003,770,67
1615,3522,36004,5216,36004,770,67
1615,3522,36005,5216,36005,770,67
1615,3522,36006,5216,36006,770,67
1615,3522,36007,5216,36007,770,67
1615,3522,36008,5216,36008,770,67
1615,3522,36009,5216,36009,770,67
1615,3522,36010,5216,36010,770,67
1615,3522,36011,5216,36011,770,67
1615,3522,36012,5216,36012,770,67
1615,3522,36013,5216,36013,770,67
1616,3522,36014,5216,36014,770,67
1616,3522,36015,5216,36015,770,67
1616,3522,36016,5216,36016,770,67
1616,3522,36017,5216,36017,770,67
1616,3522,36018,5216,36018,770,67
1616,3522,36019,5216,36019,770,67
1616,3522,36020,5216,36020,770,67
1616,3522,36021,5216,36021,770,67
1616,3522,36022,5216,36022,770,67
1616,3522,36023,5216,36023,770,67
1616,3522,36024,5216,36024,770,67
1616,3522,36025,5216,36025,770,67
1616,3522,36026,5216,36026,770,67
1616,3522,36027,5216,36027,770,67
1616,3522,36028,5216,36028,770,67
1616,3522,36029,5216,36029,770,67
1616,3522,36030,5216,36030,770,67
1616,3522,36031,5216,36031,770,67
1616,3522,36032,5216,36032,770,67
1616,3522,36033,5216,36033,770,67
1616,3522,36034,5216,36034,770,67
1616,3522,36035,5216,36035,770,67
1616,3522,36036,5216,36036,770,67
1616,3522,36037,5216,36037,770,67
1616,3522,36038,5216,36038,770,67
1616,3522,36039,5216,36039,770,67
1616,3522,36040,5216,36040,770,67
1616,3522,36041,5216,36041,770,67
1616,3522,36042,5216,36042,770,67
1616,3522,36043,5216,36043,770,67
1616,3522,36044,5216,36044,770,67
1616,3522,36045,5216,36045,770,67
1616,3522,36046,5216,36046,770,67
1616,3522,36047,5216,36047,770,67
1616,3522,36048,5216,36048,770,67
1616,3522,36049,5216,36049,770,67
1616,3522,36050,5216,36050,770,67
1616,3522,36051,5216,36051,770,67
1616,3522,36052,5216,36052,770,67
1616,3522,36053,5216,36053,770,67
1616,3522,36054,5216,36054,770,67
1617,3522,36055,5216,36055,770,67
1617,3522,36056,5216,36056,770,67
1617,3522,36057,5216,36057,770,67
1617,3522,36058,5216,36058,770,67
1617,3522,36059,5216,36059,770,67
1617,3522,36060,5216,36060,770,67
1617,3522,36061,5216,36061,770,67
1617,3522,36062,5216,36062,770,67
1617,3522,36063,5216,36063,770,67
1617,3522,36064,5216,36064,770,67
1617,3522,36065,5216,36065,770,67
1617,3522,36066,5216,36066,770,67
1617,3522,36067,5216,36067,770,67
1617,3522,36068,5216,36068,770,67
1617,3522,36069,5216,36069,770,67
1617,3522,36070,5216,36070,770,67
1617,3522,36071,5216,36071,770,67
1617,3522,36072,5216,36072,770,67
1617,3522,36073,5216,36073,770,67
1617,3522,36074,5216,36074,770,67
1617,3522,36075,5216,36075,770,67
1617,3522,36076,5216,36076,770,67
1617,3522,36077,5216,36077,770,67
1617,3522,36078,5216,36078,770,67
1617,3522,36079,5216,36079,770,67
1617,3522,36080,5216,36080,770,67
1617,3522,36081,5216,36081,770,67
1617,3522,36082,5216,36082,770,67
1617,3522,36083,5216,36083,770,67
1617,3522,36084,5216,36084,770,67
1617,3522,36085,5216,36085,770,67
1617,3522,36086,5216,36086,770,67
1617,3522,36087,5216,36087,770,67
1617,3522,36088,5216,36088,770,67
1617,3522,36089,5216,36089,770,67
1617,3522,36090,5216,36090,770,67
1617,3522,36091,5216,36091,770,67
1617,3522,36092,5216,36092,770,67
1617,3522,36093,5216,36093,770,67
1617,3522,36094,5216,36094,770,67
1617,3522,36095,5216,36095,770,67
1617,3522,36096,5216,36096,770,67
1617,3522,36097,5216,36097,770,67
1617,3522,36098,5216,36098,770,67
1617,3522,36099,5216,36099,770,67
1617,3522,36100,5216,36100,770,67
1617,3522,36101,5216,36101,770,67
1617,3522,36102,5216,36102,770,67
1617,3522,36103,5216,36103,770,67
1617,3522,36104,5216,36104,770,67
1617,3522,36105,5216,36105,770,67
1617,3522,36106,5216,36106,770,67
1617,3522,36107,5216,36107,770,67
1617,3522,36108,5216,36108,770,67
1617,3522,36109,5216,36109,770,67
1617,3522,36110,5216,36110,770,67
1617,3522,36111,5216,36111,770,67
1617,3522,36112,5216,36112,770,67
1617,3522,36113,5216,36113,770,67
1617,3522,36114,5216,36114,770,67
1617,3522,36115,5216,36115,770,67
1617,3522,36116,5216,36116,770,67
1617,3522,36117,5216,36117,770,67
1617,3522,36118,5216,36118,770,67
1618,3522,36119,5216,36119,770,67
1618,3522,36120,5216,36120,770,67
1618,3522,36121,5216,36121,770,67
1618,3522,36122,5216,36122,770,67
1618,3522,36123,5216,36123,770,67
1618,3522,36124,5216,36124,770,67
1618,3522,36125,5216,36125,770,67
1618,3522,36126,5216,36126,770,67
1618,3522,36127,5216,36127,770,67
1618,3522,36128,5216,36128,770,67
1618,3522,36129,5216,36129,770,67
1618,3522,36130,5216,36130,770,67
1618,3522,36131,5216,36131,770,67
1618,3522,36132,5216,36132,770,67
1618,3522,36133,5216,36133,770,67
1618,3522,36134,5216,36134,770,67
1618,3522,36135,5216,36135,770,67
1618,3522,36136,5216,36136,770,67
1618,3522,36137,5216,36137,770,67
1618,3522,36138,5216,36138,770,67
1618,3522,36139,5216,36139,770,67
1618,3522,36140,5216,36140,770,67
1618,3522,36141,5216,36141,770,67
1618,3522,36142,5216,36142,770,67
1618,3522,36143,5216,36143,770,67
1618,3522,36144,5216,36144,770,67
1618,3522,36145,5216,36145,770,67
1618,3522,36146,5216,36146,770,67
1618,3522,36147,5216,36147,770,67
1618,3522,36148,5216,36148,770,67
1618,3522,36149,5216,36149,770,67
1618,3522,36150,5216,36150,770,67
1618,3522,36151,5216,36151,770,67
1618,3522,36152,5216,36152,770,67
1618,3522,36153,5216,36153,770,67
1618,3522,36154,5216,36154,770,67
1617,3522,36155,5216,36155,770,67
1617,3522,36156,5216,36156,770,67
1617,3522,36157,5216,36157,770,67
1617,3522,36158,5216,36158,770,67
1617,3522,36159,5216,36159,770,67
1617,3522,36160,5216,36160,770,67
1617,3522,36161,5216,36161,770,67
1617,3522,36162,5216,36162,770,67
1617,3522,36163,5216,36163,770,67
1617,3522,36164,5216,36164,770,67
1617,3522,36165,5216,36165,770,67
1617,3522,36166,5216,36166,770,67
1617,3522,36167,5216,36167,770,67
1617,3522,36168,5216,36168,770,67
1617,3522,36169,5216,36169,770,67
1617,3522,36170,5216,36170,770,67
1617,3522,36171,5216,36171,770,67
1617,3522,36172,5216,36172,770,67
1617,3522,36173,5216,36173,770,67
1617,3522,36174,5216,36174,770,67
1617,3522,36175,5216,36175,770,67
1617,3522,36176,5216,36176,770,67
1617,3522,36177,5216,36177,770,67
1617,3522,36178,5216,36178,770,67
1617,3522,36179,5216,36179,770,67
1617,3522,36180,5216,36180,770,67
1617,3522,36181,5216,36181,770,67
1617,3522,36182,5216,36182,770,67
1617,3522,36183,5216,36183,770,67
1617,3522,36184,5216,36184,770,67
1617,3522,36185,5216,36185,770,67
1617,3522,36186,5216,36186,770,67
1617,3522,36187,5216,36187,770,67
1617,3522,36188,5216,36188,770,67
1617,3522,36189,5216,36189,770,67
1617,3522,36190,5216,36190,770,67
1617,3522,36191,5216,36191,770,67
1617,3522,36192,5216,36192,770,67
1617,3522,36193,5216,36193,770,67
1617,3522,36194,5216,36194,770,67
1617,3522,36195,5216,36195,770,67
1617,3522,36196,5216,36196,770,67
1617,3522,36197,5216,36197,770,67
1617,3522,36198,5216,36198,770,67
1617,3522,36199,5216,36199,770,67
1617,3522,36200,5216,36200,770,67
1617,3522,36201,5216,36201,770,67
1617,3522,36202,5216,36202,770,67
1617,3522,36203,5216,36203,770,67
1617,3522,36204,5216,36204,770,67
1617,3522,36205,5216,36205,770,67
1617,3522,36206,5216,36206,770,67
1617,3522,36207,5216,36207,770,67
1617,3522,36208,5216,36208,770,67
1617,3522,36209,5216,36209,770,67
1617,3522,36210,5216,36210,770,67
1617,3522,36211,5216,36211,770,67
1617,3522,36212,5216,36212,770,67
1617,3522,36213,5216,36213,770,67
1617,3522,36214,5216,36214,770,67
1617,3522,36215,5216,36215,770,67
1617,3522,36216,5216,36216,770,67
1617,3522,36217,5216,36217,770,67
1617,3522,36218,5216,36218,770,67
1617,3522,36219,5216,36219,770,67
1617,3522,36220,5216,36220,770,67
1617,3522,36221,5216,36221,770,67
1617,3522,36222,5216,36222,770,67
1617,3522,36223,5216,36223,770,67
1617,3522,36224,5216,36224,770,67
1617,3522,36225,5216,36225,770,67
1617,3522,36226,5216,36226,770,67
1617,3522,36227,5216,36227,770,67
1617,3522,36228,5216,36228,770,67
1617,3522,36229,5216,36229,770,67
1617,3522,36230,5216,36230,770,67
1617,3522,36231,5216,36231,770,67
1617,3522,36232,5216,36232,770,67
1617,3522,36233,5216,36233,770,67
1617,3522,36234,5216,36234,770,67
1617,3522,36235,5216,36235,770,67
1617,3522,36236,5216,36236,770,67
1617,3522,36237,5216,36237,770,67
1617,3522,36238,5216,36238,770,67
1617,3522,36239,5216,36239,770,67
1617,3522,36240,5216,36240,770,67
1617,3522,36241,5216,36241,770,67
1617,3522,36242,5216,36242,770,67
1617,3522,36243,5216,36243,770,67
1617,3522,36244,5216,36244,770,67
1617,3522,36245,5216,36245,770,67
1617,3522,36246,5216,36246,770,67
1617,3522,36247,5216,36247,770,67
1617,3522,36248,5216,36248,770,67
1617,3522,36249,5216,36249,770,67
1617,3522,36250,5216,36250,770,67
1617,3522,36251,5216,36251,770,67
1617,3522,36252,5216,36252,770,67
1617,3522,36253,5216,36253,770,67
1617,3522,36254,5216,36254,770,67
1617,3522,36255,5216,36255,770,67
1617,3522,36256,5216,36256,770,67
1617,3522,36257,5216,36257,770,67
1617,3522,36258,5216,36258,770,67
1617,3522,36259,5216,36259,770,67
1617,3522,36260,5216,36260,770,67
1617,3522,36261,5216,36261,770,67
1617,3522,36262,5216,36262,770,67
1617,3522,36263,5216,36263,770,67
1617,3522,36264,5216,36264,770,67
1617,3522,36265,5216,36265,770,67
1617,3522,36266,5216,36266,770,67
1617,3522,36267,5216,36267,770,67
1617,3522,36268,5216,36268,770,67
1617,3522,36269,5216,36269,770,67
1616,3522,36270,5216,36270,770,67
1616,3522,36271,5216,36271,770,67
1616,3522,36272,5216,36272,770,67
1616,3522,36273,5216,36273,770,67
1616,3522,36274,5216,36274,770,67
1616,3522,36275,5216,36275,770,67
1616,3522,36276,5216,36276,770,67
1616,3522,36277,5216,36277,770,67
1616,3522,36278,5216,36278,770,67
1616,3522,36279,5216,36279,770,67
1616,3522,36280,5216,36280,770,67
1616,3522,36281,5216,36281,770,67
1616,3522,36282,5216,36282,770,67
1616,3522,36283,5216,36283,770,67
1616,3522,36284,5216,36284,770,67
1616,3522,36285,5216,36285,770,67
1616,3522,36286,5216,36286,770,67
1616,3522,36287,5216,36287,770,67
1616,3522,36288,5216,36288,770,67
1616,3522,36289,5216,36289,770,67
1616,3522,36290,5216,36290,770,67
1616,3522,36291,5216,36291,770,67
1616,3522,36292,5216,36292,770,67
1616,3522,36293,5216,36293,770,67
1616,3522,36294,5216,36294,770,67
1616,3522,36295,5216,36295,770,67
1616,3522,36296,5216,36296,770,67
1616,3522,36297,5216,36297,770,67
1616,3522,36298,5216,36298,770,67
1616,3522,36299,5216,36299,770,67
1616,3522,36300,5216,36300,770,67
1616,3522,36301,5216,36301,770,67
1616,3522,36302,5216,36302,770,67
1616,3522,36303,5216,36303,770,67
1616,3522,36304,5216,36304,770,67
1616,3522,36305,5216,36305,770,67
1616,3522,36306,5216,36306,770,67
1615,3522,36307,5216,36307,770,67
1615,3522,36308,5216,36308,770,67
1615,3522,36309,5216,36309,770,67
1615,3522,36310,5216,36310,770,67
1615,3522,36311,5216,36311,770,67
1615,3522,36312,5216,36312,770,67
1615,3522,36313,5216,36313,770,67
1615,3522,36314,5216,36314,770,67
1615,3522,36315,5216,36315,770,67
1615,3522,36316,5216,36316,770,67
1615,3522,36317,5216,36317,770,67
1615,3522,36318,5216,36318,770,67
1615,3522,36319,5216,36319,770,67
1615,3522,36320,5216,36320,770,67
1615,3522,36321,5216,36321,770,67
1615,3522,36322,5216,36322,770,67
1615,3522,36323,5216,36323,770,67
1614,3522,36324,5216,36324,770,67
1614,3522,36325,5216,36325,770,67
1614,3522,36326,5216,36326,770,67
1614,3522,36327,5216,36327,770,67
1614,3522,36328,5216,36328,770,67
1614,3522,36329,5216,36329,770,67
1614,3522,36330,5216,36330,770,67
1614,3522,36331,5216,36331,770,67
1614,3522,36332,5216,36332,770,67
1614,3522,36333,5216,36333,770,67
1614,3522,36334,5216,36334,770,67
1614,3522,36335,5216,36335,770,67
1614,3522,36336,5216,36336,770,67
1614,3522,36337,5216,36337,770,67
1614,3522,36338,5216,36338,770,67
1614,3522,36339,5216,36339,770,67
1614,3522,36340,5216,36340,770,67
1614,3522,36341,5216,36341,770,67
1614,3522,36342,5216,36342,770,67
1614,3522,36343,5216,36343,770,67
1614,3522,36344,5216,36344,770,67
1614,3522,36345,5216,36345,770,67
1614,3522,36346,5216,36346,770,67
1614,3522,36347,5216,36347,770,67
1614,3522,36348,5216,36348,770,67
1614,3522,36349,5216,36349,770,67
1614,3522,36350,5216,36350,770,67
1614,3522,36351,5216,36351,770,67
1614,3522,36352,5216,36352,770,67
1614,3522,36353,5216,36353,770,67
1614,3522,36354,5216,36354,770,67
1614,3522,36355,5216,36355,770,67
1614,3522,36356,5216,36356,770,67
1614,3522,36357,5216,36357,770,67
1614,3522,36358,5216,36358,770,67
1614,3522,36359,5216,36359,770,67
1614,3522,36360,5216,36360,770,67
1614,3522,36361,5216,36361,770,67
1614,3522,36362,5216,36362,770,67
1614,3522,36363,5216,36363,770,67
1614,3522,36364,5216,36364,770,67
1614,3522,36365,5216,36365,770,67
1614,3522,36366,5216,36366,770,67
1614,3522,36367,5216,36367,770,67
1614,3522,36368,5216,36368,770,67
1614,3522,36369,5216,36369,770,67
1614,3522,36370,5216,36370,770,67
1614,3522,36371,5216,36371,770,67
1614,3522,36372,5216,36372,770,67
1614,3522,36373,5216,36373,770,67
1614,3522,36374,5216,36374,770,67
1614,3522,36375,5216,36375,770,67
1614,3522,36376,5216,36376,770,67
1614,3522,36377,5216,36377,770,67
1614,3522,36378,5216,36378,770,67
1614,3522,36379,5216,36379,770,67
1614,3522,36380,5216,36380,770,67
1614,3522,36381,5216,36381,770,67
1614,3522,36382,5216,36382,770,67
1614,3522,36383,5216,36383,770,67
1614,3522,36384,5216,36384,770,67
1614,3522,36385,5216,36385,770,67
1614,3522,36386,5216,36386,770,67
1614,3522,36387,5216,36387,770,67
1614,3522,36388,5216,36388,770,67
1614,3522,36389,5216,36389,770,67
1614,3522,36390,5216,36390,770,67
1614,3522,36391,5216,36391,770,67
1614,3522,36392,5216,36392,770,67
1614,3522,36393,5216,36393,770,67
1614,3522,36394,5216,36394,770,67
1614,3522,36395,5216,36395,770,67
1614,3522,36396,5216,36396,770,67
1614,3522,36397,5216,36397,770,67
1614,3522,36398,5216,36398,770,67
1614,3522,36399,5216,36399,770,67
1614,3522,36400,5216,36400,770,67
1614,3522,36401,5216,36401,770,67
1614,3522,36402,5216,36402,770,67
1614,3522,36403,5216,36403,770,67
1614,3522,36404,5216,36404,770,67
1614,3522,36405,5216,36405,770,67
1614,3522,36406,5216,36406,770,67
1614,3522,36407,5216,36407,770,67
1614,3522,36408,5216,36408,770,67
1614,3522,36409,5216,36409,770,67
1614,3522,36410,5216,36410,770,67
1614,3522,36411,5216,36411,770,67
1614,3522,36412,5216,36412,770,67
1614,3522,36413,5216,36413,770,67
1614,3522,36414,5216,36414,770,67
1614,3522,36415,5216,36415,770,67
1614,3522,36416,5216,36416,770,67
1614,3522,36417,5216,36417,770,67
1614,3522,36418,5216,36418,770,67
1614,3522,36419,5216,36419,770,67
1614,3522,36420,5216,36420,770,67
1614,3522,36421,5216,36421,770,67
1614,3522,36422,5216,36422,770,67
1614,3522,36423,5216,36423,770,67
1614,3522,36424,5216,36424,770,67
1614,3522,36425,5216,36425,770,67
1614,3522,36426,5216,36426,770,67
1614,3522,36427,5216,36427,770,67
1614,3522,36428,5216,36428,770,67
1614,3522,36429,5216,36429,770,67
1614,3522,36430,5216,36430,770,67
1614,3522,36431,5216,36431,770,67
1614,3522,36432,5216,36432,770,67
1614,3522,36433,5216,36433,770,67
1614,3522,36434,5216,36434,770,67
1614,3522,36435,5216,36435,770,67
1614,3522,36436,5216,36436,770,67
1614,3522,36437,5216,36437,770,67
1614,3522,36438,5216,36438,770,67
1614,3522,36439,5216,36439,770,67
1614,3522,36440,5216,36440,770,67
1614,3522,36441,5216,36441,770,67
1614,3522,36442,5216,36442,770,67
1614,3522,36443,5216,36443,770,67
1614,3522,36444,5216,36444,770,67
1614,3522,36445,5216,36445,770,67
1614,3522,36446,5216,36446,770,67
1614,3522,36447,5216,36447,770,67
1614,3522,36448,5216,36448,770,67
1614,3522,36449,5216,36449,770,67
1614,3522,36450,5216,36450,770,67
1614,3522,36451,5216,36451,770,67
1614,3522,36452,5216,36452,770,67
1614,3522,36453,5216,36453,770,67
1614,3522,36454,5216,36454,770,67
1614,3522,36455,5216,36455,770,67
1614,3522,36456,5216,36456,770,67
1614,3522,36457,5216,36457,770,67
1614,3522,36458,5216,36458,770,67
1614,3522,36459,5216,36459,770,67
1614,3522,36460,5216,36460,770,67
1614,3522,36461,5216,36461,770,67
1614,3522,36462,5216,36462,770,67
1614,3522,36463,5216,36463,770,67
1614,3522,36464,5216,36464,770,67
1614,3522,36465,5216,36465,770,67
1614,3522,36466,5216,36466,770,67
1614,3522,36467,5216,36467,770,67
1613,3522,36468,5216,36468,770,67
1613,3522,36469,5216,36469,770,67
1613,3522,36470,5216,36470,770,67
1613,3522,36471,5216,36471,770,67
1613,3522,36472,5216,36472,770,67
1613,3522,36473,5216,36473,770,67
1613,3522,36474,5216,36474,770,67
1613,3522,36475,5216,36475,770,67
1613,3522,36476,5216,36476,770,67
1613,3522,36477,5216,36477,770,67
1613,3522,36478,5216,36478,770,67
1613,3522,36479,5216,36479,770,67
1613,3522,36480,5216,36480,770,67
1613,3522,36481,5216,36481,770,67
1613,3522,36482,5216,36482,770,67
1613,3522,36483,5216,36483,770,67
1613,3522,36484,5216,36484,770,67
1613,3522,36485,5216,36485,770,67
1613,3522,36486,5216,36486,770,67
1613,3522,36487,5216,36487,770,67
1613,3522,36488,5216,36488,770,67
1613,3522,36489,5216,36489,770,67
1613,3522,36490,5216,36490,770,67
1613,3522,36491,5216,36491,770,67
1613,3522,36492,5216,36492,770,67
1613,3522,36493,5216,36493,770,67
1613,3522,36494,5216,36494,770,67
1612,3522,36495,5216,36495,770,67
1612,3522,36496,5216,36496,770,67
1612,3522,36497,5216,36497,770,67
1612,3522,36498,5216,36498,770,67
1612,3522,36499,5216,36499,770,67
1612,3522,36500,5216,36500,770,67
1612,3522,36501,5216,36501,770,67
1612,3522,36502,5216,36502,770,67
1612,3522,36503,5216,36503,770,67
1612,3522,36504,5216,36504,770,67
1612,3522,36505,5216,36505,770,67
1612,3522,36506,5216,36506,770,67
1612,3522,36507,5216,36507,770,67
1612,3522,36508,5216,36508,770,67
1612,3522,36509,5216,36509,770,67
1612,3522,36510,5216,36510,770,67
1612,3522,36511,5216,36511,770,67
1612,3522,36512,5216,36512,770,67
1612,3522,36513,5216,36513,770,67
1612,3522,36514,5216,36514,770,67
1612,3522,36515,5216,36515,770,67
1612,3522,36516,5216,36516,770,67
1612,3522,36517,5216,36517,770,67
1612,3522,36518,5216,36518,770,67
1612,3522,36519,5216,36519,770,67
1612,3522,36520,5216,36520,770,67
1612,3522,36521,5216,36521,770,67
1612,3522,36522,5216,36522,770,67
1612,3522,36523,5216,36523,770,67
1612,3522,36524,5216,36524,770,67
1612,3522,36525,5216,36525,770,67
1612,3522,36526,5216,36526,770,67
1612,3522,36527,5216,36527,770,67
1612,3522,36528,5216,36528,770,67
1612,3522,36529,5216,36529,770,67
1612,3522,36530,5216,36530,770,67
1612,3522,36531,5216,36531,770,67
1612,3522,36532,5216,36532,770,67
1612,3522,36533,5216,36533,770,67
1612,3522,36534,5216,36534,770,67
1612,3522,36535,5216,36535,770,67
1612,3522,36536,5216,36536,770,67
1612,3522,36537,5216,36537,770,67
1612,3522,36538,5216,36538,770,67
1612,3522,36539,5216,36539,770,67
1612,3522,36540,5216,36540,770,67
1612,3522,36541,5216,36541,770,67
1612,3522,36542,5216,36542,770,67
1612,3522,36543,5216,36543,770,67
1612,3522,36544,5216,36544,770,67
1612,3522,36545,5216,36545,770,67
1612,3522,36546,5216,36546,770,67
1612,3522,36547,5216,36547,770,67
1612,3522,36548,5216,36548,770,67
1612,3522,36549,5216,36549,770,67
1612,3522,36550,5216,36550,770,67
1612,3522,36551,5216,36551,770,67
1612,3522,36552,5216,36552,770,67
1612,3522,36553,5216,36553,770,67
1612,3522,36554,5216,36554,770,67
1612,3522,36555,5216,36555,770,67
1612,3522,36556,5216,36556,770,67
1612,3522,36557,5216,36557,770,67
1612,3522,36558,5216,36558,770,67
1612,3522,36559,5216,36559,770,67
1612,3522,36560,5216,36560,770,67
1612,3522,36561,5216,36561,770,67
1612,3522,36562,5216,36562,770,67
1612,3522,36563,5216,36563,770,67
1612,3522,36564,5216,36564,770,67
1612,3522,36565,5216,36565,770,67
1612,3522,36566,5216,36566,770,67
1612,3522,36567,5216,36567,770,67
1612,3522,36568,5216,36568,770,67
1612,3522,36569,5216,36569,770,67
1612,3522,36570,5216,36570,770,67
1612,3522,36571,5216,36571,770,67
1612,3522,36572,5216,36572,770,67
1612,3522,36573,5216,36573,770,67
1612,3522,36574,5216,36574,770,67
1612,3522,36575,5216,36575,770,67
1612,3522,36576,5216,36576,770,67
1612,3522,36577,5216,36577,770,67
1612,3522,36578,5216,36578,770,67
1612,3522,36579,5216,36579,770,67
1612,3522,36580,5216,36580,770,67
1612,3522,36581,5216,36581,770,67
1612,3522,36582,5216,36582,770,67
1612,3522,36583,5216,36583,770,67
1612,3522,36584,5216,36584,770,67
1612,3522,36585,5216,36585,770,67
1612,3522,36586,5216,36586,770,67
1612,3522,36587,5216,36587,770,67
1612,3522,36588,5216,36588,770,67
1612,3522,36589,5216,36589,770,67
1612,3522,36590,5216,36590,770,67
1612,3522,36591,5216,36591,770,67
1613,3522,36592,5216,36592,770,67
1613,3522,36593,5216,36593,770,67
1613,3522,36594,5216,36594,770,67
1613,3522,36595,5216,36595,770,67
1613,3522,36596,5216,36596,770,67
1613,3522,36597,5216,36597,770,67
1613,3522,36598,5216,36598,770,67
1613,3522,36599,5216,36599,770,67
1613,3522,36600,5216,36600,770,67
1612,3522,36601,5216,36601,770,67
1612,3522,36602,5216,36602,770,67
1612,3522,36603,5216,36603,770,67
1612,3522,36604,5216,36604,770,67
1612,3522,36605,5216,36605,770,67
1612,3522,36606,5216,36606,770,67
1612,3522,36607,5216,36607,770,67
1612,3522,36608,5216,36608,770,67
1612,3522,36609,5216,36609,770,67
1612,3522,36610,5216,36610,770,67
1612,3522,36611,5216,36611,770,67
1612,3522,36612,5216,36612,770,67
1612,3522,36613,5216,36613,770,67
1612,3522,36614,5216,36614,770,67
1612,3522,36615,5216,36615,770,67
1612,3522,36616,5216,36616,770,67
1612,3522,36617,5216,36617,770,67
1612,3522,36618,5216,36618,770,67
1612,3522,36619,5216,36619,770,67
1612,3522,36620,5216,36620,770,67
1612,3522,36621,5216,36621,770,67
1612,3522,36622,5216,36622,770,67
1612,3522,36623,5216,36623,770,67
1612,3522,36624,5216,36624,770,67
1612,3522,36625,5216,36625,770,67
1612,3522,36626,5216,36626,770,67
1612,3522,36627,5216,36627,770,67
1612,3522,36628,5216,36628,770,67
1612,3522,36629,5216,36629,770,67
1612,3522,36630,5216,36630,770,67
1612,3522,36631,5216,36631,770,67
1612,3522,36632,5216,36632,770,67
1612,3522,36633,5216,36633,770,67
1612,3522,36634,5216,36634,770,67
1612,3522,36635,5216,36635,770,67
1612,3522,36636,5216,36636,770,67
1612,3522,36637,5216,36637,770,67
1612,3522,36638,5216,36638,770,67
1612,3522,36639,5216,36639,770,67
1612,3522,36640,5216,36640,770,67
1612,3522,36641,5216,36641,770,67
1612,3522,36642,5216,36642,770,67
1612,3522,36643,5216,36643,770,67
1612,3522,36644,5216,36644,770,67
1612,3522,36645,5216,36645,770,67
1612,3522,36646,5216,36646,770,67
1612,3522,36647,5216,36647,770,67
1612,3522,36648,5216,36648,770,67
1612,3522,36649,5216,36649,770,67
1612,3522,36650,5216,36650,770,67
1612,3522,36651,5216,36651,770,67
1612,3522,36652,5216,36652,770,67
1611,3522,36653,5216,36653,770,67
1611,3522,36654,5216,36654,770,67
1611,3522,36655,5216,36655,770,67
1611,3522,36656,5216,36656,770,67
1611,3522,36657,5216,36657,770,67
1611,3522,36658,5216,36658,770,67
1611,3522,36659,5216,36659,770,67
1611,3522,36660,5216,36660,770,67
1611,3522,36661,5216,36661,770,67
1611,3522,36662,5216,36662,770,67
1611,3522,36663,5216,36663,770,67
1611,3522,36664,5216,36664,770,67
1611,3522,36665,5216,36665,770,67
1611,3522,36666,5216,36666,770,67
1611,3522,36667,5216,36667,770,67
1611,3522,36668,5216,36668,770,67
1611,3522,36669,5216,36669,770,67
1611,3522,36670,5216,36670,770,67
1611,3522,36671,5216,36671,770,67
1611,3522,36672,5216,36672,770,67
1611,3522,36673,5216,36673,770,67
1611,3522,36674,5216,36674,770,67
1611,3522,36675,5216,36675,770,67
1611,3522,36676,5216,36676,770,67
1611,3522,36677,5216,36677,770,67
1611,3522,36678,5216,36678,770,67
1611,3522,36679,5216,36679,770,67
1611,3522,36680,5216,36680,770,67
1611,3522,36681,5216,36681,770,67
1611,3522,36682,5216,36682,770,67
1611,3522,36683,5216,36683,770,67
1611,3522,36684,5216,36684,770,67
1611,3522,36685,5216,36685,770,67
1611,3522,36686,5216,36686,770,67
1611,3522,36687,5216,36687,770,67
1611,3522,36688,5216,36688,770,67
1611,3522,36689,5216,36689,770,67
1611,3522,36690,5216,36690,770,67
1611,3522,36691,5216,36691,770,67
1611,3522,36692,5216,36692,770,67
1611,3522,36693,5216,36693,770,67
1611,3522,36694,5216,36694,770,67
1611,3522,36695,5216,36695,770,67
1611,3522,36696,5216,36696,770,67
1611,3522,36697,5216,36697,770,67
1611,3522,36698,5216,36698,770,67
1611,3522,36699,5216,36699,770,67
1611,3522,36700,5216,36700,770,67
1611,3522,36701,5216,36701,770,67
1611,3522,36702,5216,36702,770,67
1611,3522,36703,5216,36703,770,67
1611,3522,36704,5216,36704,770,67
1611,3522,36705,5216,36705,770,67
1611,3522,36706,5216,36706,770,67
1611,3522,36707,5216,36707,770,67
1611,3522,36708,5216,36708,770,67
1611,3522,36709,5216,36709,770,67
1611,3522,36710,5216,36710,770,67
1611,3522,36711,5216,36711,770,67
1612,3522,36712,5216,36712,770,67
1612,3522,36713,5216,36713,770,67
1612,3522,36714,5216,36714,770,67
1612,3522,36715,5216,36715,770,67
1612,3522,36716,5216,36716,770,67
1612,3522,36717,5216,36717,770,67
1612,3522,36718,5216,36718,770,67
1612,3522,36719,5216,36719,770,67
1613,3522,36720,5216,36720,770,67
1613,3522,36721,5216,36721,770,67
1613,3522,36722,5216,36722,770,67
1613,3522,36723,5216,36723,770,67
1613,3522,36724,5216,36724,770,67
1613,3522,36725,5216,36725,770,67
1613,3522,36726,5216,36726,770,67
1613,3522,36727,5216,36727,770,67
1613,3522,36728,5216,36728,770,67
1613,3522,36729,5216,36729,770,67
1613,3522,36730,5216,36730,770,67
1613,3522,36731,5216,36731,770,67
1613,3522,36732,5216,36732,770,67
1613,3522,36733,5216,36733,770,67
1613,3522,36734,5216,36734,770,67
1613,3522,36735,5216,36735,770,67
1613,3522,36736,5216,36736,770,67
1613,3522,36737,5216,36737,770,67
1613,3522,36738,5216,36738,770,67
1613,3522,36739,5216,36739,770,67
1613,3522,36740,5216,36740,770,67
1613,3522,36741,5216,36741,770,67
1613,3522,36742,5216,36742,770,67
1613,3522,36743,5216,36743,770,67
1613,3522,36744,5216,36744,770,67
1613,3522,36745,5216,36745,770,67
1613,3522,36746,5216,36746,770,67
1613,3522,36747,5216,36747,770,67
1613,3522,36748,5216,36748,770,67
1613,3522,36749,5216,36749,770,67
1613,3522,36750,5216,36750,770,67
1613,3522,36751,5216,36751,770,67
1613,3522,36752,5216,36752,770,67
1613,3522,36753,5216,36753,770,67
1613,3522,36754,5216,36754,770,67
1613,3522,36755,5216,36755,770,67
1613,3522,36756,5216,36756,770,67
1613,3522,36757,5216,36757,770,67
1613,3522,36758,5216,36758,770,67
1613,3522,36759,5216,36759,770,67
1613,3522,36760,5216,36760,770,67
1613,3522,36761,5216,36761,770,67
1613,3522,36762,5216,36762,770,67
1613,3522,36763,5216,36763,770,67
1614,3522,36764,5216,36764,770,67
1614,3522,36765,5216,36765,770,67
1614,3522,36766,5216,36766,770,67
1614,3522,36767,5216,36767,770,67
1614,3522,36768,5216,36768,770,67
1614,3522,36769,5216,36769,770,67
1614,3522,36770,5216,36770,770,67
1614,3522,36771,5216,36771,770,67
1614,3522,36772,5216,36772,770,67
1614,3522,36773,5216,36773,770,67
1614,3522,36774,5216,36774,770,67
1614,3522,36775,5216,36775,770,67
1614,3522,36776,5216,36776,770,67
1614,3522,36777,5216,36777,770,67
1614,3522,36778,5216,36778,770,67
1614,3522,36779,5216,36779,770,67
1614,3522,36780,5216,36780,770,67
1614,3522,36781,5216,36781,770,67
1614,3522,36782,5216,36782,770,67
1614,3522,36783,5216,36783,770,67
1614,3522,36784,5216,36784,770,67
1614,3522,36785,5216,36785,770,67
1614,3522,36786,5216,36786,770,67
1614,3522,36787,5216,36787,770,67
1614,3522,36788,5216,36788,770,67
1614,3522,36789,5216,36789,770,67
1614,3522,36790,5216,36790,770,67
1614,3522,36791,5216,36791,770,67
1614,3522,36792,5216,36792,770,67
1614,3522,36793,5216,36793,770,67
1614,3522,36794,5216,36794,770,67
1614,3522,36795,5216,36795,770,67
1614,3522,36796,5216,36796,770,67
1614,3522,36797,5216,36797,770,67
1614,3522,36798,5216,36798,770,67
1614,3522,36799,5216,36799,770,67
1614,3522,36800,5216,36800,770,67
1614,3522,36801,5216,36801,770,67
1614,3522,36802,5216,36802,770,67
1614,3522,36803,5216,36803,770,67
1614,3522,36804,5216,36804,770,67
1614,3522,36805,5216,36805,770,67
1614,3522,36806,5216,36806,770,67
1614,3522,36807,5216,36807,770,67
1614,3522,36808,5216,36808,770,67
1614,3522,36809,5216,36809,770,67
1614,3522,36810,5216,36810,770,67
1614,3522,36811,5216,36811,770,67
1614,3522,36812,5216,36812,770,67
1614,3522,36813,5216,36813,770,67
1614,3522,36814,5216,36814,770,67
1614,3522,36815,5216,36815,770,67
1614,3522,36816,5216,36816,770,67
1614,3522,36817,5216,36817,770,67
1614,3522,36818,5216,36818,770,67
1614,3522,36819,5216,36819,770,67
1614,3522,36820,5216,36820,770,67
1614,3522,36821,5216,36821,770,67
1614,3522,36822,5216,36822,770,67
1614,3522,36823,5216,36823,770,67
1614,3522,36824,5216,36824,770,67
1614,3522,36825,5216,36825,770,67
1614,3522,36826,5216,36826,770,67
1614,3522,36827,5216,36827,770,67
1614,3522,36828,5216,36828,770,67
1614,3522,36829,5216,36829,770,67
1614,3522,36830,5216,36830,770,67
1614,3522,36831,5216,36831,770,67
1614,3522,36832,5216,36832,770,67
1614,3522,36833,5216,36833,770,67
1614,3522,36834,5216,36834,770,67
1614,3522,36835,5216,36835,770,67
1614,3522,36836,5216,36836,770,67
1614,3522,36837,5216,36837,770,67
1614,3522,36838,5216,36838,770,67
1614,3522,36839,5216,36839,770,67
1614,3522,36840,5216,36840,770,67
1614,3522,36841,5216,36841,770,67
1614,3522,36842,5216,36842,770,67
1614,3522,36843,5216,36843,770,67
1614,3522,36844,5216,36844,770,67
1614,3522,36845,5216,36845,770,67
1614,3522,36846,5216,36846,770,67
1614,3522,36847,5216,36847,770,67
1614,3522,36848,5216,36848,770,67
1614,3522,36849,5216,36849,770,67
1614,3522,36850,5216,36850,770,67
1614,3522,36851,5216,36851,770,67
1614,3522,36852,5216,36852,770,67
1614,3522,36853,5216,36853,770,67
1614,3522,36854,5216,36854,770,67
1614,3522,36855,5216,36855,770,67
1614,3522,36856,5216,36856,770,67
1614,3522,36857,5216,36857,770,67
1614,3522,36858,5216,36858,770,67
1614,3522,36859,5216,36859,770,67
1614,3522,36860,5216,36860,770,67
1614,3522,36861,5216,36861,770,67
1614,3522,36862,5216,36862,770,67
1614,3522,36863,5216,36863,770,67
1614,3522,36864,5216,36864,770,67
1614,3522,36865,5216,36865,770,67
1614,3522,36866,5216,36866,770,67
1614,3522,36867,5216,36867,770,67
1614,3522,36868,5216,36868,770,67
1614,3522,36869,5216,36869,770,67
1614,3522,36870,5216,36870,770,67
1614,3522,36871,5216,36871,770,67
1614,3522,36872,5216,36872,770,67
1614,3522,36873,5216,36873,770,67
1614,3522,36874,5216,36874,770,67
1614,3522,36875,5216,36875,770,67
1614,3522,36876,5216,36876,770,67
1614,3522,36877,5216,36877,770,67
1614,3522,36878,5216,36878,770,67
1614,3522,36879,5216,36879,770,67
1614,3522,36880,5216,36880,770,67
1614,3522,36881,5216,36881,770,67
1614,3522,36882,5216,36882,770,67
1614,3522,36883,5216,36883,770,67
1614,3522,36884,5216,36884,770,67
1614,3522,36885,5216,36885,770,67
1614,3522,36886,5216,36886,770,67
1614,3522,36887,5216,36887,770,67
1614,3522,36888,5216,36888,770,67
1614,3522,36889,5216,36889,770,67
1614,3522,36890,5216,36890,770,67
1614,3522,36891,5216,36891,770,67
1614,3522,36892,5216,36892,770,67
1614,3522,36893,5216,36893,770,67
1614,3522,36894,5216,36894,770,67
1614,3522,36895,5216,36895,770,67
1614,3522,36896,5216,36896,770,67
1614,3522,36897,5216,36897,770,67
1614,3522,36898,5216,36898,770,67
1614,3522,36899,5216,36899,770,67
1614,3522,36900,5216,36900,770,67
1614,3522,36901,5216,36901,770,67
1614,3522,36902,5216,36902,770,67
1614,3522,36903,5216,36903,770,67
1614,3522,36904,5216,36904,770,67
1614,3522,36905,5216,36905,770,67
1614,3522,36906,5216,36906,770,67
1614,3522,36907,5216,36907,770,67
1614,3522,36908,5216,36908,770,67
1614,3522,36909,5216,36909,770,67
1614,3522,36910,5216,36910,770,67
1614,3522,36911,5216,36911,770,67
1614,3522,36912,5216,36912,770,67
1614,3522,36913,5216,36913,770,67
1614,3522,36914,5216,36914,770,67
1614,3522,36915,5216,36915,770,67
1614,3522,36916,5216,36916,770,67
1614,3522,36917,5216,36917,770,67
1614,3522,36918,5216,36918,770,67
1614,3522,36919,5216,36919,770,67
1614,3522,36920,5216,36920,770,67
1614,3522,36921,5216,36921,770,67
1614,3522,36922,5216,36922,770,67
1614,3522,36923,5216,36923,770,67
1614,3522,36924,5216,36924,770,67
1613,3522,36925,5216,36925,770,67
1613,3522,36926,5216,36926,770,67
1613,3522,36927,5216,36927,770,67
1613,3522,36928,5216,36928,770,67
1613,3522,36929,5216,36929,770,67
1613,3522,36930,5216,36930,770,67
1613,3522,36931,5216,36931,770,67
1613,3522,36932,5216,36932,770,67
1613,3522,36933,5216,36933,770,67
1613,3522,36934,5216,36934,770,67
1613,3522,36935,5216,36935,770,67
1613,3522,36936,5216,36936,770,67
1613,3522,36937,5216,36937,770,67
1613,3522,36938,5216,36938,770,67
1613,3522,36939,5216,36939,770,67
1613,3522,36940,5216,36940,770,67
1613,3522,36941,5216,36941,770,67
1613,3522,36942,5216,36942,770,67
1613,3522,36943,5216,36943,770,67
1613,3522,36944,5216,36944,770,67
1613,3522,36945,5216,36945,770,67
1613,3522,36946,5216,36946,770,67
1613,3522,36947,5216,36947,770,67
1613,3522,36948,5216,36948,770,67
1613,3522,36949,5216,36949,770,67
1613,3522,36950,5216,36950,770,67
1613,3522,36951,5216,36951,770,67
1613,3522,36952,5216,36952,770,67
1613,3522,36953,5216,36953,770,67
1613,3522,36954,5216,36954,770,67
1613,3522,36955,5216,36955,770,67
1613,3522,36956,5216,36956,770,67
1613,3522,36957,5216,36957,770,67
1613,3522,36958,5216,36958,770,67
1613,3522,36959,5216,36959,770,67
1613,3522,36960,5216,36960,770,67
1613,3522,36961,5216,36961,770,67
1613,3522,36962,5216,36962,770,67
1613,3522,36963,5216,36963,770,67
1613,3522,36964,5216,36964,770,67
1613,3522,36965,5216,36965,770,67
1613,3522,36966,5216,36966,770,67
1613,3522,36967,5216,36967,770,67
1613,3522,36968,5216,36968,770,67
1613,3522,36969,5216,36969,770,67
1613,3522,36970,5216,36970,770,67
1613,3522,36971,5216,36971,770,67
1613,3522,36972,5216,36972,770,67
1613,3522,36973,5216,36973,770,67
1613,3522,36974,5216,36974,770,67
1613,3522,36975,5216,36975,770,67
1613,3522,36976,5216,36976,770,67
1613,3522,36977,5216,36977,770,67
1613,3522,36978,5216,36978,770,67
1613,3522,36979,5216,36979,770,67
1613,3522,36980,5216,36980,770,67
1613,3522,36981,5216,36981,770,67
1613,3522,36982,5216,36982,770,67
1613,3522,36983,5216,36983,770,67
1613,3522,36984,5216,36984,770,67
1613,3522,36985,5216,36985,770,67
1613,3522,36986,5216,36986,770,67
1613,3522,36987,5216,36987,770,67
1613,3522,36988,5216,36988,770,67
1613,3522,36989,5216,36989,770,67
1613,3522,36990,5216,36990,770,67
1613,3522,36991,5216,36991,770,67
1613,3522,36992,5216,36992,770,67
1613,3522,36993,5216,36993,770,67
1613,3522,36994,5216,36994,770,67
1613,3522,36995,5216,36995,770,67
1613,3522,36996,5216,36996,770,67
1613,3522,36997,5216,36997,770,67
1614,3522,36998,5216,36998,770,67
1614,3522,36999,5216,36999,770,67
1614,3522,37000,5216,37000,770,67
1614,3522,37001,5216,37001,770,67
1614,3522,37002,5216,37002,770,67
1614,3522,37003,5216,37003,770,67
1614,3522,37004,5216,37004,770,67
1614,3522,37005,5216,37005,770,67
1614,3522,37006,5216,37006,770,67
1614,3522,37007,5216,37007,770,67
1614,3522,37008,5216,37008,770,67
1614,3522,37009,5216,37009,770,67
1614,3522,37010,5216,37010,770,67
1614,3522,37011,5216,37011,770,67
1614,3522,37012,5216,37012,770,67
1614,3522,37013,5216,37013,770,67
1614,3522,37014,5216,37014,770,67
1614,3522,37015,5216,37015,770,67
1614,3522,37016,5216,37016,770,67
1614,3522,37017,5216,37017,770,67
1614,3522,37018,5216,37018,770,67
1614,3522,37019,5216,37019,770,67
1614,3522,37020,5216,37020,770,67
1614,3522,37021,5216,37021,770,67
1614,3522,37022,5216,37022,770,67
1614,3522,37023,5216,37023,770,67
1614,3522,37024,5216,37024,770,67
1614,3522,37025,5216,37025,770,67
1614,3522,37026,5216,37026,770,67
1614,3522,37027,5216,37027,770,67
1614,3522,37028,5216,37028,770,67
1614,3522,37029,5216,37029,770,67
1614,3522,37030,5216,37030,770,67
1614,3522,37031,5216,37031,770,67
1614,3522,37032,5216,37032,770,67
1614,3522,37033,5216,37033,770,67
1614,3522,37034,5216,37034,770,67
1614,3522,37035,5216,37035,770,67
1614,3522,37036,5216,37036,770,67
1614,3522,37037,5216,37037,770,67
1614,3522,37038,5216,37038,770,67
1614,3522,37039,5216,37039,770,67
1614,3522,37040,5216,37040,770,67
1614,3522,37041,5216,37041,770,67
1614,3522,37042,5216,37042,770,67
1614,3522,37043,5216,37043,770,67
1614,3522,37044,5216,37044,770,67
1614,3522,37045,5216,37045,770,67
1614,3522,37046,5216,37046,770,67
1614,3522,37047,5216,37047,770,67
1614,3522,37048,5216,37048,770,67
1614,3522,37049,5216,37049,770,67
1614,3522,37050,5216,37050,770,67
1614,3522,37051,5216,37051,770,67
1614,3522,37052,5216,37052,770,67
1613,3522,37053,5216,37053,770,67
1613,3522,37054,5216,37054,770,67
1612,3522,37055,5216,37055,770,67
1612,3522,37056,5216,37056,770,67
1612,3522,37057,5216,37057,770,67
1612,3522,37058,5216,37058,770,67
1612,3522,37059,5216,37059,770,67
1612,3522,37060,5216,37060,770,67
1612,3522,37061,5216,37061,770,67
1612,3522,37062,5216,37062,770,67
1612,3522,37063,5216,37063,770,67
1612,3522,37064,5216,37064,770,67
1612,3522,37065,5216,37065,770,67
1612,3522,37066,5216,37066,770,67
1612,3522,37067,5216,37067,770,67
1612,3522,37068,5216,37068,770,67
1612,3522,37069,5216,37069,770,67
1613,3522,37070,5216,37070,770,67
1613,3522,37071,5216,37071,770,67
1613,3522,37072,5216,37072,770,67
1613,3522,37073,5216,37073,770,67
1613,3522,37074,5216,37074,770,67
1613,3522,37075,5216,37075,770,67
1613,3522,37076,5216,37076,770,67
1613,3522,37077,5216,37077,770,67
1613,3522,37078,5216,37078,770,67
1613,3522,37079,5216,37079,770,67
1613,3522,37080,5216,37080,770,67
1613,3522,37081,5216,37081,770,67
1613,3522,37082,5216,37082,770,67
1613,3522,37083,5216,37083,770,67
1613,3522,37084,5216,37084,770,67
1613,3522,37085,5216,37085,770,67
1613,3522,37086,5216,37086,770,67
1613,3522,37087,5216,37087,770,67
1613,3522,37088,5216,37088,770,67
1613,3522,37089,5216,37089,770,67
1613,3522,37090,5216,37090,770,67
1613,3522,37091,5216,37091,770,67
1613,3522,37092,5216,37092,770,67
1613,3522,37093,5216,37093,770,67
1613,3522,37094,5216,37094,770,67
1613,3522,37095,5216,37095,770,67
1613,3522,37096,5216,37096,770,67
1613,3522,37097,5216,37097,770,67
1613,3522,37098,5216,37098,770,67
1613,3522,37099,5216,37099,770,67
1613,3522,37100,5216,37100,770,67
1613,3522,37101,5216,37101,770,67
1613,3522,37102,5216,37102,770,67
1613,3522,37103,5216,37103,770,67
1613,3522,37104,5216,37104,770,67
1613,3522,37105,5216,37105,770,67
1613,3522,37106,5216,37106,770,67
1613,3522,37107,5216,37107,770,67
1614,3522,37108,5216,37108,770,67
1614,3522,37109,5216,37109,770,67
1614,3522,37110,5216,37110,770,67
1614,3522,37111,5216,37111,770,67
1614,3522,37112,5216,37112,770,67
1614,3522,37113,5216,37113,770,67
1614,3522,37114,5216,37114,770,67
1614,3522,37115,5216,37115,770,67
1614,3522,37116,5216,37116,770,67
1614,3522,37117,5216,37117,770,67
1614,3522,37118,5216,37118,770,67
1614,3522,37119,5216,37119,770,67
1614,3522,37120,5216,37120,770,67
1614,3522,37121,5216,37121,770,67
1614,3522,37122,5216,37122,770,67
1614,3522,37123,5216,37123,770,67
1614,3522,37124,5216,37124,770,67
1614,3522,37125,5216,37125,770,67
1614,3522,37126,5216,37126,770,67
1614,3522,37127,5216,37127,770,67
1614,3522,37128,5216,37128,770,67
1614,3522,37129,5216,37129,770,67
1614,3522,37130,5216,37130,770,67
1614,3522,37131,5216,37131,770,67
1614,3522,37132,5216,37132,770,67
1614,3522,37133,5216,37133,770,67
1614,3522,37134,5216,37134,770,67
1614,3522,37135,5216,37135,770,67
1614,3522,37136,5216,37136,770,67
1615,3522,37137,5216,37137,770,67
1615,3522,37138,5216,37138,770,67
1615,3522,37139,5216,37139,770,67
1615,3522,37140,5216,37140,770,67
1615,3522,37141,5216,37141,770,67
1615,3522,37142,5216,37142,770,67
1615,3522,37143,5216,37143,770,67
1615,3522,37144,5216,37144,770,67
1615,3522,37145,5216,37145,770,67
1615,3522,37146,5216,37146,770,67
1615,3522,37147,5216,37147,770,67
1615,3522,37148,5216,37148,770,67
1615,3522,37149,5216,37149,770,67
1615,3522,37150,5216,37150,770,67
1615,3522,37151,5216,37151,770,67
1615,3522,37152,5216,37152,770,67
1615,3522,37153,5216,37153,770,67
1615,3522,37154,5216,37154,770,67
1615,3522,37155,5216,37155,770,67
1615,3522,37156,5216,37156,770,67
1615,3522,37157,5216,37157,770,67
1615,3522,37158,5216,37158,770,67
1615,3522,37159,5216,37159,770,67
1615,3522,37160,5216,37160,770,67
1615,3522,37161,5216,37161,770,67
1615,3522,37162,5216,37162,770,67
1615,3522,37163,5216,37163,770,67
1615,3522,37164,5216,37164,770,67
1615,3522,37165,5216,37165,770,67
1615,3522,37166,5216,37166,770,67
1615,3522,37167,5216,37167,770,67
1615,3522,37168,5216,37168,770,67
1615,3522,37169,5216,37169,770,67
1615,3522,37170,5216,37170,770,67
1615,3522,37171,5216,37171,770,67
1615,3522,37172,5216,37172,770,67
1615,3522,37173,5216,37173,770,67
1615,3522,37174,5216,37174,770,67
1615,3522,37175,5216,37175,770,67
1615,3522,37176,5216,37176,770,67
1615,3522,37177,5216,37177,770,67
1615,3522,37178,5216,37178,770,67
1615,3522,37179,5216,37179,770,67
1615,3522,37180,5216,37180,770,67
1615,3522,37181,5216,37181,770,67
1615,3522,37182,5216,37182,770,67
1615,3522,37183,5216,37183,770,67
1615,3522,37184,5216,37184,770,67
1615,3522,37185,5216,37185,770,67
1615,3522,37186,5216,37186,770,67
1615,3522,37187,5216,37187,770,67
1615,3522,37188,5216,37188,770,67
1615,3522,37189,5216,37189,770,67
1615,3522,37190,5216,37190,770,67
1615,3522,37191,5216,37191,770,67
1615,3522,37192,5216,37192,770,67
1615,3522,37193,5216,37193,770,67
1615,3522,37194,5216,37194,770,67
1615,3522,37195,5216,37195,770,67
1615,3522,37196,5216,37196,770,67
1615,3522,37197,5216,37197,770,67
1615,3522,37198,5216,37198,770,67
1615,3522,37199,5216,37199,770,67
1615,3522,37200,5216,37200,770,67
1615,3522,37201,5216,37201,770,67
1615,3522,37202,5216,37202,770,67
1615,3522,37203,5216,37203,770,67
1615,3522,37204,5216,37204,770,67
1615,3522,37205,5216,37205,770,67
1615,3522,37206,5216,37206,770,67
1615,3522,37207,5216,37207,770,67
1615,3522,37208,5216,37208,770,67
1615,3522,37209,5216,37209,770,67
1615,3522,37210,5216,37210,770,67
1614,3522,37211,5216,37211,770,67
1614,3522,37212,5216,37212,770,67
1614,3522,37213,5216,37213,770,67
1614,3522,37214,5216,37214,770,67
1614,3522,37215,5216,37215,770,67
1614,3522,37216,5216,37216,770,67
1614,3522,37217,5216,37217,770,67
1614,3522,37218,5216,37218,770,67
1614,3522,37219,5216,37219,770,67
1614,3522,37220,5216,37220,770,67
1614,3522,37221,5216,37221,770,67
1614,3522,37222,5216,37222,770,67
1614,3522,37223,5216,37223,770,67
1614,3522,37224,5216,37224,770,67
1614,3522,37225,5216,37225,770,67
1614,3522,37226,5216,37226,770,67
1614,3522,37227,5216,37227,770,67
1614,3522,37228,5216,37228,770,67
1614,3522,37229,5216,37229,770,67
1614,3522,37230,5216,37230,770,67
1614,3522,37231,5216,37231,770,67
1614,3522,37232,5216,37232,770,67
1614,3522,37233,5216,37233,770,67
1614,3522,37234,5216,37234,770,67
1614,3522,37235,5216,37235,770,67
1614,3522,37236,5216,37236,770,67
1614,3522,37237,5216,37237,770,67
1614,3522,37238,5216,37238,770,67
1614,3522,37239,5216,37239,770,67
1614,3522,37240,5216,37240,770,67
1614,3522,37241,5216,37241,770,67
1614,3522,37242,5216,37242,770,67
1614,3522,37243,5216,37243,770,67
1614,3522,37244,5216,37244,770,67
1614,3522,37245,5216,37245,770,67
1614,3522,37246,5216,37246,770,67
1614,3522,37247,5216,37247,770,67
1614,3522,37248,5216,37248,770,67
1614,3522,37249,5216,37249,770,67
1614,3522,37250,5216,37250,770,67
1614,3522,37251,5216,37251,770,67
1614,3522,37252,5216,37252,770,67
1614,3522,37253,5216,37253,770,67
1614,3522,37254,5216,37254,770,67
1614,3522,37255,5216,37255,770,67
1614,3522,37256,5216,37256,770,67
1614,3522,37257,5216,37257,770,67
1614,3522,37258,5216,37258,770,67
1614,3522,37259,5216,37259,770,67
1614,3522,37260,5216,37260,770,67
1614,3522,37261,5216,37261,770,67
1615,3522,37262,5216,37262,770,67
1615,3522,37263,5216,37263,770,67
1615,3522,37264,5216,37264,770,67
1615,3522,37265,5216,37265,770,67
1615,3522,37266,5216,37266,770,67
1615,3522,37267,5216,37267,770,67
1615,3522,37268,5216,37268,770,67
1615,3522,37269,5216,37269,770,67
1615,3522,37270,5216,37270,770,67
1615,3522,37271,5216,37271,770,67
1615,3522,37272,5216,37272,770,67
1615,3522,37273,5216,37273,770,67
1615,3522,37274,5216,37274,770,67
1615,3522,37275,5216,37275,770,67
1615,3522,37276,5216,37276,770,67
1615,3522,37277,5216,37277,770,67
1614,3522,37278,5216,37278,770,67
1614,3522,37279,5216,37279,770,67
1614,3522,37280,5216,37280,770,67
1614,3522,37281,5216,37281,770,67
1614,3522,37282,5216,37282,770,67
1614,3522,37283,5216,37283,770,67
1614,3522,37284,5216,37284,770,67
1614,3522,37285,5216,37285,770,67
1614,3522,37286,5216,37286,770,67
1614,3522,37287,5216,37287,770,67
1614,3522,37288,5216,37288,770,67
1615,3522,37289,5216,37289,770,67
1615,3522,37290,5216,37290,770,67
1615,3522,37291,5216,37291,770,67
1615,3522,37292,5216,37292,770,67
1615,3522,37293,5216,37293,770,67
1615,3522,37294,5216,37294,770,67
1615,3522,37295,5216,37295,770,67
1615,3522,37296,5216,37296,770,67
1615,3522,37297,5216,37297,770,67
1615,3522,37298,5216,37298,770,67
1615,3522,37299,5216,37299,770,67
1615,3522,37300,5216,37300,770,67
1615,3522,37301,5216,37301,770,67
1615,3522,37302,5216,37302,770,67
1615,3522,37303,5216,37303,770,67
1615,3522,37304,5216,37304,770,67
1615,3522,37305,5216,37305,770,67
1615,3522,37306,5216,37306,770,67
1615,3522,37307,5216,37307,770,67
1615,3522,37308,5216,37308,770,67
1615,3522,37309,5216,37309,770,67
1615,3522,37310,5216,37310,770,67
1615,3522,37311,5216,37311,770,67
1615,3522,37312,5216,37312,770,67
1615,3522,37313,5216,37313,770,67
1615,3522,37314,5216,37314,770,67
1615,3522,37315,5216,37315,770,67
1615,3522,37316,5216,37316,770,67
1615,3522,37317,5216,37317,770,67
1615,3522,37318,5216,37318,770,67
1615,3522,37319,5216,37319,770,67
1615,3522,37320,5216,37320,770,67
1615,3522,37321,5216,37321,770,67
1615,3522,37322,5216,37322,770,67
1615,3522,37323,5216,37323,770,67
1615,3522,37324,5216,37324,770,67
1615,3522,37325,5216,37325,770,67
1615,3522,37326,5216,37326,770,67
1615,3522,37327,5216,37327,770,67
1615,3522,37328,5216,37328,770,67
1615,3522,37329,5216,37329,770,67
1615,3522,37330,5216,37330,770,67
1615,3522,37331,5216,37331,770,67
1615,3522,37332,5216,37332,770,67
1615,3522,37333,5216,37333,770,67
1615,3522,37334,5216,37334,770,67
1615,3522,37335,5216,37335,770,67
1615,3522,37336,5216,37336,770,67
1615,3522,37337,5216,37337,770,67
1615,3522,37338,5216,37338,770,67
1615,3522,37339,5216,37339,770,67
1615,3522,37340,5216,37340,770,67
1615,3522,37341,5216,37341,770,67
1615,3522,37342,5216,37342,770,67
1615,3522,37343,5216,37343,770,67
1615,3522,37344,5216,37344,770,67
1615,3522,37345,5216,37345,770,67
1615,3522,37346,5216,37346,770,67
1615,3522,37347,5216,37347,770,67
1615,3522,37348,5216,37348,770,67
1615,3522,37349,5216,37349,770,67
1615,3522,37350,5216,37350,770,67
1615,3522,37351,5216,37351,770,67
1615,3522,37352,5216,37352,770,67
1615,3522,37353,5216,37353,770,67
1615,3522,37354,5216,37354,770,67
1615,3522,37355,5216,37355,770,67
1615,3522,37356,5216,37356,770,67
1615,3522,37357,5216,37357,770,67
1615,3522,37358,5216,37358,770,67
1615,3522,37359,5216,37359,770,67
1615,3522,37360,5216,37360,770,67
1615,3522,37361,5216,37361,770,67
1615,3522,37362,5216,37362,770,67
1615,3522,37363,5216,37363,770,67
1615,3522,37364,5216,37364,770,67
1615,3522,37365,5216,37365,770,67
1615,3522,37366,5216,37366,770,67
1615,3522,37367,5216,37367,770,67
1615,3522,37368,5216,37368,770,67
1615,3522,37369,5216,37369,770,67
1615,3522,37370,5216,37370,770,67
1615,3522,37371,5216,37371,770,67
1615,3522,37372,5216,37372,770,67
1615,3522,37373,5216,37373,770,67
1615,3522,37374,5216,37374,770,67
1615,3522,37375,5216,37375,770,67
1615,3522,37376,5216,37376,770,67
1615,3522,37377,5216,37377,770,67
1615,3522,37378,5216,37378,770,67
1615,3522,37379,5216,37379,770,67
1615,3522,37380,5216,37380,770,67
1615,3522,37381,5216,37381,770,67
1615,3522,37382,5216,37382,770,67
1615,3522,37383,5216,37383,770,67
1615,3522,37384,5216,37384,770,67
1615,3522,37385,5216,37385,770,67
1615,3522,37386,5216,37386,770,67
1615,3522,37387,5216,37387,770,67
1615,3522,37388,5216,37388,770,67
1615,3522,37389,5216,37389,770,67
1615,3522,37390,5216,37390,770,67
1615,3522,37391,5216,37391,770,67
1615,3522,37392,5216,37392,770,67
1615,3522,37393,5216,37393,770,67
1615,3522,37394,5216,37394,770,67
1615,3522,37395,5216,37395,770,67
1615,3522,37396,5216,37396,770,67
1615,3522,37397,5216,37397,770,67
1615,3522,37398,5216,37398,770,67
1615,3522,37399,5216,37399,770,67
1615,3522,37400,5216,37400,770,67
1615,3522,37401,5216,37401,770,67
1615,3522,37402,5216,37402,770,67
1615,3522,37403,5216,37403,770,67
1615,3522,37404,5216,37404,770,67
1615,3522,37405,5216,37405,770,67
1615,3522,37406,5216,37406,770,67
1615,3522,37407,5216,37407,770,67
1615,3522,37408,5216,37408,770,67
1615,3522,37409,5216,37409,770,67
1615,3522,37410,5216,37410,770,67
1615,3522,37411,5216,37411,770,67
1615,3522,37412,5216,37412,770,67
1615,3522,37413,5216,37413,770,67
1615,3522,37414,5216,37414,770,67
1615,3522,37415,5216,37415,770,67
1615,3522,37416,5216,37416,770,67
1615,3522,37417,5216,37417,770,67
1615,3522,37418,5216,37418,770,67
1615,3522,37419,5216,37419,770,67
1615,3522,37420,5216,37420,770,67
1615,3522,37421,5216,37421,770,67
1615,3522,37422,5216,37422,770,67
1615,3522,37423,5216,37423,770,67
1615,3522,37424,5216,37424,770,67
1615,3522,37425,5216,37425,770,67
1615,3522,37426,5216,37426,770,67
1615,3522,37427,5216,37427,770,67
1615,3522,37428,5216,37428,770,67
1614,3522,37429,5216,37429,770,67
1614,3522,37430,5216,37430,770,67
1614,3522,37431,5216,37431,770,67
1614,3522,37432,5216,37432,770,67
1614,3522,37433,5216,37433,770,67
1614,3522,37434,5216,37434,770,67
1614,3522,37435,5216,37435,770,67
1614,3522,37436,5216,37436,770,67
1614,3522,37437,5216,37437,770,67
1614,3522,37438,5216,37438,770,67
1614,3522,37439,5216,37439,770,67
1614,3522,37440,5216,37440,770,67
1614,3522,37441,5216,37441,770,67
1614,3522,37442,5216,37442,770,67
1614,3522,37443,5216,37443,770,67
1614,3522,37444,5216,37444,770,67
1614,3522,37445,5216,37445,770,67
1614,3522,37446,5216,37446,770,67
1614,3522,37447,5216,37447,770,67
1614,3522,37448,5216,37448,770,67
1614,3522,37449,5216,37449,770,67
1614,3522,37450,5216,37450,770,67
1614,3522,37451,5216,37451,770,67
1614,3522,37452,5216,37452,770,67
1614,3522,37453,5216,37453,770,67
1614,3522,37454,5216,37454,770,67
1614,3522,37455,5216,37455,770,67
1614,3522,37456,5216,37456,770,67
1614,3522,37457,5216,37457,770,67
1614,3522,37458,5216,37458,770,67
1614,3522,37459,5216,37459,770,67
1614,3522,37460,5216,37460,770,67
1614,3522,37461,5216,37461,770,67
1614,3522,37462,5216,37462,770,67
1614,3522,37463,5216,37463,770,67
1614,3522,37464,5216,37464,770,67
1614,3522,37465,5216,37465,770,67
1614,3522,37466,5216,37466,770,67
1614,3522,37467,5216,37467,770,67
1614,3522,37468,5216,37468,770,67
1614,3522,37469,5216,37469,770,67
1614,3522,37470,5216,37470,770,67
1614,3522,37471,5216,37471,770,67
1614,3522,37472,5216,37472,770,67
1614,3522,37473,5216,37473,770,67
1614,3522,37474,5216,37474,770,67
1614,3522,37475,5216,37475,770,67
1614,3522,37476,5216,37476,770,67
1614,3522,37477,5216,37477,770,67
1614,3522,37478,5216,37478,770,67
1614,3522,37479,5216,37479,770,67
1614,3522,37480,5216,37480,770,67
1614,3522,37481,5216,37481,770,67
1614,3522,37482,5216,37482,770,67
1614,3522,37483,5216,37483,770,67
1614,3522,37484,5216,37484,770,67
1614,3522,37485,5216,37485,770,67
1614,3522,37486,5216,37486,770,67
1614,3522,37487,5216,37487,770,67
1614,3522,37488,5216,37488,770,67
1614,3522,37489,5216,37489,770,67
1614,3522,37490,5216,37490,770,67
1614,3522,37491,5216,37491,770,67
1614,3522,37492,5216,37492,770,67
1614,3522,37493,5216,37493,770,67
1614,3522,37494,5216,37494,770,67
1614,3522,37495,5216,37495,770,67
1614,3522,37496,5216,37496,770,67
1614,3522,37497,5216,37497,770,67
1614,3522,37498,5216,37498,770,67
1614,3522,37499,5216,37499,770,67
1614,3522,37500,5216,37500,770,67
1614,3522,37501,5216,37501,770,67
1614,3522,37502,5216,37502,770,67
1614,3522,37503,5216,37503,770,67
1614,3522,37504,5216,37504,770,67
1614,3522,37505,5216,37505,770,67
1614,3522,37506,5216,37506,770,67
1614,3522,37507,5216,37507,770,67
1614,3522,37508,5216,37508,770,67
1614,3522,37509,5216,37509,770,67
1614,3522,37510,5216,37510,770,67
1614,3522,37511,5216,37511,770,67
1614,3522,37512,5216,37512,770,67
1614,3522,37513,5216,37513,770,67
1614,3522,37514,5216,37514,770,67
1614,3522,37515,5216,37515,770,67
1614,3522,37516,5216,37516,770,67
1614,3522,37517,5216,37517,770,67
1614,3522,37518,5216,37518,770,67
1614,3522,37519,5216,37519,770,67
1614,3522,37520,5216,37520,770,67
1614,3522,37521,5216,37521,770,67
1614,3522,37522,5216,37522,770,67
1614,3522,37523,5216,37523,770,67
1614,3522,37524,5216,37524,770,67
1614,3522,37525,5216,37525,770,67
1614,3522,37526,5216,37526,770,67
1614,3522,37527,5216,37527,770,67
1614,3522,37528,5216,37528,770,67
1614,3522,37529,5216,37529,770,67
1614,3522,37530,5216,37530,770,67
1614,3522,37531,5216,37531,770,67
1614,3522,37532,5216,37532,770,67
1614,3522,37533,5216,37533,770,67
1614,3522,37534,5216,37534,770,67
1614,3522,37535,5216,37535,770,67
1614,3522,37536,5216,37536,770,67
1614,3522,37537,5216,37537,770,67
1614,3522,37538,5216,37538,770,67
1614,3522,37539,5216,37539,770,67
1613,3522,37540,5216,37540,770,67
1613,3522,37541,5216,37541,770,67
1613,3522,37542,5216,37542,770,67
1613,3522,37543,5216,37543,770,67
1613,3522,37544,5216,37544,770,67
1613,3522,37545,5216,37545,770,67
1613,3522,37546,5216,37546,770,67
1613,3522,37547,5216,37547,770,67
1613,3522,37548,5216,37548,770,67
1613,3522,37549,5216,37549,770,67
1613,3522,37550,5216,37550,770,67
1613,3522,37551,5216,37551,770,67
1613,3522,37552,5216,37552,770,67
1613,3522,37553,5216,37553,770,67
1613,3522,37554,5216,37554,770,67
1613,3522,37555,5216,37555,770,67
1613,3522,37556,5216,37556,770,67
1613,3522,37557,5216,37557,770,67
1613,3522,37558,5216,37558,770,67
1613,3522,37559,5216,37559,770,67
1613,3522,37560,5216,37560,770,67
1613,3522,37561,5216,37561,770,67
1613,3522,37562,5216,37562,770,67
1613,3522,37563,5216,37563,770,67
1613,3522,37564,5216,37564,770,67
1613,3522,37565,5216,37565,770,67
1613,3522,37566,5216,37566,770,67
1613,3522,37567,5216,37567,770,67
1613,3522,37568,5216,37568,770,67
1613,3522,37569,5216,37569,770,67
1613,3522,37570,5216,37570,770,67
1613,3522,37571,5216,37571,770,67
1613,3522,37572,5216,37572,770,67
1613,3522,37573,5216,37573,770,67
1613,3522,37574,5216,37574,770,67
1613,3522,37575,5216,37575,770,67
1613,3522,37576,5216,37576,770,67
1613,3522,37577,5216,37577,770,67
1613,3522,37578,5216,37578,770,67
1613,3522,37579,5216,37579,770,67
1613,3522,37580,5216,37580,770,67
1613,3522,37581,5216,37581,770,67
1613,3522,37582,5216,37582,770,67
1613,3522,37583,5216,37583,770,67
1613,3522,37584,5216,37584,770,67
1613,3522,37585,5216,37585,770,67
1613,3522,37586,5216,37586,770,67
1613,3522,37587,5216,37587,770,67
1613,3522,37588,5216,37588,770,67
1613,3522,37589,5216,37589,770,67
1613,3522,37590,5216,37590,770,67
1613,3522,37591,5216,37591,770,67
1613,3522,37592,5216,37592,770,67
1613,3522,37593,5216,37593,770,67
1613,3522,37594,5216,37594,770,67
1613,3522,37595,5216,37595,770,67
1613,3522,37596,5216,37596,770,67
1613,3522,37597,5216,37597,770,67
1613,3522,37598,5216,37598,770,67
1613,3522,37599,5216,37599,770,67
1613,3522,37600,5216,37600,770,67
1613,3522,37601,5216,37601,770,67
1613,3522,37602,5216,37602,770,67
1613,3522,37603,5216,37603,770,67
1613,3522,37604,5216,37604,770,67
1613,3522,37605,5216,37605,770,67
1613,3522,37606,5216,37606,770,67
1613,3522,37607,5216,37607,770,67
1613,3522,37608,5216,37608,770,67
1613,3522,37609,5216,37609,770,67
1613,3522,37610,5216,37610,770,67
1613,3522,37611,5216,37611,770,67
1613,3522,37612,5216,37612,770,67
1613,3522,37613,5216,37613,770,67
1613,3522,37614,5216,37614,770,67
1613,3522,37615,5216,37615,770,67
1613,3522,37616,5216,37616,770,67
1613,3522,37617,5216,37617,770,67
1613,3522,37618,5216,37618,770,67
1613,3522,37619,5216,37619,770,67
1613,3522,37620,5216,37620,770,67
1613,3522,37621,5216,37621,770,67
1613,3522,37622,5216,37622,770,67
1613,3522,37623,5216,37623,770,67
1613,3522,37624,5216,37624,770,67
1613,3522,37625,5216,37625,770,67
1613,3522,37626,5216,37626,770,67
1613,3522,37627,5216,37627,770,67
1613,3522,37628,5216,37628,770,67
1613,3522,37629,5216,37629,770,67
1613,3522,37630,5216,37630,770,67
1613,3522,37631,5216,37631,770,67
1613,3522,37632,5216,37632,770,67
1613,3522,37633,5216,37633,770,67
1613,3522,37634,5216,37634,770,67
1613,3522,37635,5216,37635,770,67
1613,3522,37636,5216,37636,770,67
1613,3522,37637,5216,37637,770,67
1613,3522,37638,5216,37638,770,67
1613,3522,37639,5216,37639,770,67
1613,3522,37640,5216,37640,770,67
1613,3522,37641,5216,37641,770,67
1613,3522,37642,5216,37642,770,67
1613,3522,37643,5216,37643,770,67
1613,3522,37644,5216,37644,770,67
1613,3522,37645,5216,37645,770,67
1613,3522,37646,5216,37646,770,67
1613,3522,37647,5216,37647,770,67
1613,3522,37648,5216,37648,770,67
1613,3522,37649,5216,37649,770,67
1613,3522,37650,5216,37650,770,67
1613,3522,37651,5216,37651,770,67
1613,3522,37652,5216,37652,770,67
1613,3522,37653,5216,37653,770,67
1613,3522,37654,5216,37654,770,67
1613,3522,37655,5216,37655,770,67
1613,3522,37656,5216,37656,770,67
1613,3522,37657,5216,37657,770,67
1613,3522,37658,5216,37658,770,67
1613,3522,37659,5216,37659,770,67
1613,3522,37660,5216,37660,770,67
1613,3522,37661,5216,37661,770,67
1613,3522,37662,5216,37662,770,67
1613,3522,37663,5216,37663,770,67
1613,3522,37664,5216,37664,770,67
1613,3522,37665,5216,37665,770,67
1613,3522,37666,5216,37666,770,67
1613,3522,37667,5216,37667,770,67
1613,3522,37668,5216,37668,770,67
1613,3522,37669,5216,37669,770,67
1613,3522,37670,5216,37670,770,67
1613,3522,37671,5216,37671,770,67
1613,3522,37672,5216,37672,770,67
1613,3522,37673,5216,37673,770,67
1613,3522,37674,5216,37674,770,67
1613,3522,37675,5216,37675,770,67
1613,3522,37676,5216,37676,770,67
1613,3522,37677,5216,37677,770,67
1613,3522,37678,5216,37678,770,67
1613,3522,37679,5216,37679,770,67
1613,3522,37680,5216,37680,770,67
1613,3522,37681,5216,37681,770,67
1613,3522,37682,5216,37682,770,67
1613,3522,37683,5216,37683,770,67
1613,3522,37684,5216,37684,770,67
1613,3522,37685,5216,37685,770,67
1613,3522,37686,5216,37686,770,67
1613,3522,37687,5216,37687,770,67
1613,3522,37688,5216,37688,770,67
1613,3522,37689,5216,37689,770,67
1613,3522,37690,5216,37690,770,67
1613,3522,37691,5216,37691,770,67
1613,3522,37692,5216,37692,770,67
1613,3522,37693,5216,37693,770,67
1613,3522,37694,5216,37694,770,67
1613,3522,37695,5216,37695,770,67
1613,3522,37696,5216,37696,770,67
1613,3522,37697,5216,37697,770,67
1613,3522,37698,5216,37698,770,67
1613,3522,37699,5216,37699,770,67
1613,3522,37700,5216,37700,770,67
1613,3522,37701,5216,37701,770,67
1613,3522,37702,5216,37702,770,67
1613,3522,37703,5216,37703,770,67
1613,3522,37704,5216,37704,770,67
1613,3522,37705,5216,37705,770,67
1613,3522,37706,5216,37706,770,67
1613,3522,37707,5216,37707,770,67
1613,3522,37708,5216,37708,770,67
1613,3522,37709,5216,37709,770,67
1613,3522,37710,5216,37710,770,67
1613,3522,37711,5216,37711,770,67
1613,3522,37712,5216,37712,770,67
1613,3522,37713,5216,37713,770,67
1613,3522,37714,5216,37714,770,67
1613,3522,37715,5216,37715,770,67
1613,3522,37716,5216,37716,770,67
1613,3522,37717,5216,37717,770,67
1613,3522,37718,5216,37718,770,67
1613,3522,37719,5216,37719,770,67
1613,3522,37720,5216,37720,770,67
1613,3522,37721,5216,37721,770,67
1613,3522,37722,5216,37722,770,67
1613,3522,37723,5216,37723,770,67
1613,3522,37724,5216,37724,770,67
1613,3522,37725,5216,37725,770,67
1613,3522,37726,5216,37726,770,67
1613,3522,37727,5216,37727,770,67
1613,3522,37728,5216,37728,770,67
1613,3522,37729,5216,37729,770,67
1613,3522,37730,5216,37730,770,67
1613,3522,37731,5216,37731,770,67
1613,3522,37732,5216,37732,770,67
1613,3522,37733,5216,37733,770,67
1613,3522,37734,5216,37734,770,67
1613,3522,37735,5216,37735,770,67
1613,3522,37736,5216,37736,770,67
1613,3522,37737,5216,37737,770,67
1613,3522,37738,5216,37738,770,67
1613,3522,37739,5216,37739,770,67
1613,3522,37740,5216,37740,770,67
1613,3522,37741,5216,37741,770,67
1613,3522,37742,5216,37742,770,67
1613,3522,37743,5216,37743,770,67
1613,3522,37744,5216,37744,770,67
1613,3522,37745,5216,37745,770,67
1613,3522,37746,5216,37746,770,67
1613,3522,37747,5216,37747,770,67
1613,3522,37748,5216,37748,770,67
1613,3522,37749,5216,37749,770,67
1613,3522,37750,5216,37750,770,67
1613,3522,37751,5216,37751,770,67
1613,3522,37752,5216,37752,770,67
1613,3522,37753,5216,37753,770,67
1613,3522,37754,5216,37754,770,67
1613,3522,37755,5216,37755,770,67
1613,3522,37756,5216,37756,770,67
1613,3522,37757,5216,37757,770,67
1613,3522,37758,5216,37758,770,67
1613,3522,37759,5216,37759,770,67
1613,3522,37760,5216,37760,770,67
1613,3522,37761,5216,37761,770,67
1613,3522,37762,5216,37762,770,67
1613,3522,37763,5216,37763,770,67
1613,3522,37764,5216,37764,770,67
1613,3522,37765,5216,37765,770,67
1613,3522,37766,5216,37766,770,67
1613,3522,37767,5216,37767,770,67
1613,3522,37768,5216,37768,770,67
1613,3522,37769,5216,37769,770,67
1613,3522,37770,5216,37770,770,67
1613,3522,37771,5216,37771,770,67
1613,3522,37772,5216,37772,770,67
1613,3522,37773,5216,37773,770,67
1613,3522,37774,5216,37774,770,67
1613,3522,37775,5216,37775,770,67
1613,3522,37776,5216,37776,770,67
1613,3522,37777,5216,37777,770,67
1613,3522,37778,5216,37778,770,67
1613,3522,37779,5216,37779,770,67
1613,3522,37780,5216,37780,770,67
1613,3522,37781,5216,37781,770,67
1613,3522,37782,5216,37782,770,67
1613,3522,37783,5216,37783,770,67
1613,3522,37784,5216,37784,770,67
1613,3522,37785,5216,37785,770,67
1613,3522,37786,5216,37786,770,67
1613,3522,37787,5216,37787,770,67
1613,3522,37788,5216,37788,770,67
1613,3522,37789,5216,37789,770,67
1613,3522,37790,5216,37790,770,67
1613,3522,37791,5216,37791,770,67
1613,3522,37792,5216,37792,770,67
1613,3522,37793,5216,37793,770,67
1613,3522,37794,5216,37794,770,67
1613,3522,37795,5216,37795,770,67
1613,3522,37796,5216,37796,770,67
1613,3522,37797,5216,37797,770,67
1613,3522,37798,5216,37798,770,67
1613,3522,37799,5216,37799,770,67
1613,3522,37800,5216,37800,770,67
1613,3522,37801,5216,37801,770,67
1613,3522,37802,5216,37802,770,67
1612,3522,37803,5216,37803,770,67
1612,3522,37804,5216,37804,770,67
1612,3522,37805,5216,37805,770,67
1612,3522,37806,5216,37806,770,67
1612,3522,37807,5216,37807,770,67
1612,3522,37808,5216,37808,770,67
1612,3522,37809,5216,37809,770,67
1612,3522,37810,5216,37810,770,67
1612,3522,37811,5216,37811,770,67
1612,3522,37812,5216,37812,770,67
1612,3522,37813,5216,37813,770,67
1612,3522,37814,5216,37814,770,67
1612,3522,37815,5216,37815,770,67
1612,3522,37816,5216,37816,770,67
1612,3522,37817,5216,37817,770,67
1612,3522,37818,5216,37818,770,67
1612,3522,37819,5216,37819,770,67
1612,3522,37820,5216,37820,770,67
1612,3522,37821,5216,37821,770,67
1612,3522,37822,5216,37822,770,67
1612,3522,37823,5216,37823,770,67
1612,3522,37824,5216,37824,770,67
1612,3522,37825,5216,37825,770,67
1612,3522,37826,5216,37826,770,67
1612,3522,37827,5216,37827,770,67
1612,3522,37828,5216,37828,770,67
1612,3522,37829,5216,37829,770,67
1612,3522,37830,5216,37830,770,67
1612,3522,37831,5216,37831,770,67
1612,3522,37832,5216,37832,770,67
1612,3522,37833,5216,37833,770,67
1612,3522,37834,5216,37834,770,67
1612,3522,37835,5216,37835,770,67
1612,3522,37836,5216,37836,770,67
1612,3522,37837,5216,37837,770,67
1612,3522,37838,5216,37838,770,67
1612,3522,37839,5216,37839,770,67
1612,3522,37840,5216,37840,770,67
1612,3522,37841,5216,37841,770,67
1612,3522,37842,5216,37842,770,67
1612,3522,37843,5216,37843,770,67
1612,3522,37844,5216,37844,770,67
1612,3522,37845,5216,37845,770,67
1612,3522,37846,5216,37846,770,67
1612,3522,37847,5216,37847,770,67
1612,3522,37848,5216,37848,770,67
1612,3522,37849,5216,37849,770,67
1612,3522,37850,5216,37850,770,67
1612,3522,37851,5216,37851,770,67
1612,3522,37852,5216,37852,770,67
1612,3522,37853,5216,37853,770,67
1612,3522,37854,5216,37854,770,67
1612,3522,37855,5216,37855,770,67
1612,3522,37856,5216,37856,770,67
1612,3522,37857,5216,37857,770,67
1612,3522,37858,5216,37858,770,67
1612,3522,37859,5216,37859,770,67
1612,3522,37860,5216,37860,770,67
1612,3522,37861,5216,37861,770,67
1612,3522,37862,5216,37862,770,67
1612,3522,37863,5216,37863,770,67
1612,3522,37864,5216,37864,770,67
1612,3522,37865,5216,37865,770,67
1612,3522,37866,5216,37866,770,67
1612,3522,37867,5216,37867,770,67
1612,3522,37868,5216,37868,770,67
1612,3522,37869,5216,37869,770,67
1612,3522,37870,5216,37870,770,67
1612,3522,37871,5216,37871,770,67
1612,3522,37872,5216,37872,770,67
1612,3522,37873,5216,37873,770,67
1612,3522,37874,5216,37874,770,67
1612,3522,37875,5216,37875,770,67
1612,3522,37876,5216,37876,770,67
1612,3522,37877,5216,37877,770,67
1612,3522,37878,5216,37878,770,67
1612,3522,37879,5216,37879,770,67
1612,3522,37880,5216,37880,770,67
1612,3522,37881,5216,37881,770,67
1612,3522,37882,5216,37882,770,67
1612,3522,37883,5216,37883,770,67
1612,3522,37884,5216,37884,770,67
1612,3522,37885,5216,37885,770,67
1612,3522,37886,5216,37886,770,67
1612,3522,37887,5216,37887,770,67
1612,3522,37888,5216,37888,770,67
1612,3522,37889,5216,37889,770,67
1612,3522,37890,5216,37890,770,67
1612,3522,37891,5216,37891,770,67
1612,3522,37892,5216,37892,770,67
1612,3522,37893,5216,37893,770,67
1612,3522,37894,5216,37894,770,67
1612,3522,37895,5216,37895,770,67
1612,3522,37896,5216,37896,770,67
1612,3522,37897,5216,37897,770,67
1612,3522,37898,5216,37898,770,67
1612,3522,37899,5216,37899,770,67
1612,3522,37900,5216,37900,770,67
1612,3522,37901,5216,37901,770,67
1612,3522,37902,5216,37902,770,67
1612,3522,37903,5216,37903,770,67
1612,3522,37904,5216,37904,770,67
1612,3522,37905,5216,37905,770,67
1612,3522,37906,5216,37906,770,67
1612,3522,37907,5216,37907,770,67
1612,3522,37908,5216,37908,770,67
1612,3522,37909,5216,37909,770,67
1612,3522,37910,5216,37910,770,67
1612,3522,37911,5216,37911,770,67
1612,3522,37912,5216,37912,770,67
1612,3522,37913,5216,37913,770,67
1612,3522,37914,5216,37914,770,67
1612,3522,37915,5216,37915,770,67
1612,3522,37916,5216,37916,770,67
1612,3522,37917,5216,37917,770,67
1612,3522,37918,5216,37918,770,67
1612,3522,37919,5216,37919,770,67
1612,3522,37920,5216,37920,770,67
1612,3522,37921,5216,37921,770,67
1612,3522,37922,5216,37922,770,67
1612,3522,37923,5216,37923,770,67
1612,3522,37924,5216,37924,770,67
1612,3522,37925,5216,37925,770,67
1612,3522,37926,5216,37926,770,67
1612,3522,37927,5216,37927,770,67
1612,3522,37928,5216,37928,770,67
1612,3522,37929,5216,37929,770,67
1612,3522,37930,5216,37930,770,67
1612,3522,37931,5216,37931,770,67
1612,3522,37932,5216,37932,770,67
1612,3522,37933,5216,37933,770,67
1612,3522,37934,5216,37934,770,67
1612,3522,37935,5216,37935,770,67
1612,3522,37936,5216,37936,770,67
1612,3522,37937,5216,37937,770,67
1612,3522,37938,5216,37938,770,67
1612,3522,37939,5216,37939,770,67
1612,3522,37940,5216,37940,770,67
1612,3522,37941,5216,37941,770,67
1612,3522,37942,5216,37942,770,67
1612,3522,37943,5216,37943,770,67
1612,3522,37944,5216,37944,770,67
1612,3522,37945,5216,37945,770,67
1612,3522,37946,5216,37946,770,67
1612,3522,37947,5216,37947,770,67
1612,3522,37948,5216,37948,770,67
1612,3522,37949,5216,37949,770,67
1612,3522,37950,5216,37950,770,67
1612,3522,37951,5216,37951,770,67
1612,3522,37952,5216,37952,770,67
1612,3522,37953,5216,37953,770,67
1612,3522,37954,5216,37954,770,67
1612,3522,37955,5216,37955,770,67
1612,3522,37956,5216,37956,770,67
1612,3522,37957,5216,37957,770,67
1612,3522,37958,5216,37958,770,67
1612,3522,37959,5216,37959,770,67
1612,3522,37960,5216,37960,770,67
1612,3522,37961,5216,37961,770,67
1612,3522,37962,5216,37962,770,67
1612,3522,37963,5216,37963,770,67
1612,3522,37964,5216,37964,770,67
1612,3522,37965,5216,37965,770,67
1612,3522,37966,5216,37966,770,67
1612,3522,37967,5216,37967,770,67
1612,3522,37968,5216,37968,770,67
1612,3522,37969,5216,37969,770,67
1612,3522,37970,5216,37970,770,67
1612,3522,37971,5216,37971,770,67
1612,3522,37972,5216,37972,770,67
1612,3522,37973,5216,37973,770,67
1612,3522,37974,5216,37974,770,67
1612,3522,37975,5216,37975,770,67
1612,3522,37976,5216,37976,770,67
1612,3522,37977,5216,37977,770,67
1612,3522,37978,5216,37978,770,67
1612,3522,37979,5216,37979,770,67
1612,3522,37980,5216,37980,770,67
1612,3522,37981,5216,37981,770,67
1612,3522,37982,5216,37982,770,67
1612,3522,37983,5216,37983,770,67
1612,3522,37984,5216,37984,770,67
1612,3522,37985,5216,37985,770,67
1612,3522,37986,5216,37986,770,67
1612,3522,37987,5216,37987,770,67
1612,3522,37988,5216,37988,770,67
1612,3522,37989,5216,37989,770,67
1612,3522,37990,5216,37990,770,67
1612,3522,37991,5216,37991,770,67
1612,3522,37992,5216,37992,770,67
1612,3522,37993,5216,37993,770,67
1612,3522,37994,5216,37994,770,67
1612,3522,37995,5216,37995,770,67
1612,3522,37996,5216,37996,770,67
1612,3522,37997,5216,37997,770,67
1612,3522,37998,5216,37998,770,67
1612,3522,37999,5216,37999,770,67
1612,3522,38000,5216,38000,770,67
1612,3522,38001,5216,38001,770,67
1612,3522,38002,5216,38002,770,67
1612,3522,38003,5216,38003,770,67
1612,3522,38004,5216,38004,770,67
1612,3522,38005,5216,38005,770,67
1612,3522,38006,5216,38006,770,67
1612,3522,38007,5216,38007,770,67
1612,3522,38008,5216,38008,770,67
1612,3522,38009,5216,38009,770,67
1612,3522,38010,5216,38010,770,67
1612,3522,38011,5216,38011,770,67
1612,3522,38012,5216,38012,770,67
1612,3522,38013,5216,38013,770,67
1612,3522,38014,5216,38014,770,67
1612,3522,38015,5216,38015,770,67
1612,3522,38016,5216,38016,770,67
1612,3522,38017,5216,38017,770,67
1612,3522,38018,5216,38018,770,67
1612,3522,38019,5216,38019,770,67
1612,3522,38020,5216,38020,770,67
1612,3522,38021,5216,38021,770,67
1612,3522,38022,5216,38022,770,67
1612,3522,38023,5216,38023,770,67
1612,3522,38024,5216,38024,770,67
1612,3522,38025,5216,38025,770,67
1612,3522,38026,5216,38026,770,67
1612,3522,38027,5216,38027,770,67
1612,3522,38028,5216,38028,770,67
1612,3522,38029,5216,38029,770,67
1611,3522,38030,5216,38030,770,67
1611,3522,38031,5216,38031,770,67
1611,3522,38032,5216,38032,770,67
1611,3522,38033,5216,38033,770,67
1611,3522,38034,5216,38034,770,67
1611,3522,38035,5216,38035,770,67
1611,3522,38036,5216,38036,770,67
1611,3522,38037,5216,38037,770,67
1611,3522,38038,5216,38038,770,67
1611,3522,38039,5216,38039,770,67
1611,3522,38040,5216,38040,770,67
1611,3522,38041,5216,38041,770,67
1611,3522,38042,5216,38042,770,67
1611,3522,38043,5216,38043,770,67
1611,3522,38044,5216,38044,770,67
1611,3522,38045,5216,38045,770,67
1611,3522,38046,5216,38046,770,67
1611,3522,38047,5216,38047,770,67
1611,3522,38048,5216,38048,770,67
1611,3522,38049,5216,38049,770,67
1611,3522,38050,5216,38050,770,67
1611,3522,38051,5216,38051,770,67
1611,3522,38052,5216,38052,770,67
1611,3522,38053,5216,38053,770,67
1611,3522,38054,5216,38054,770,67
1611,3522,38055,5216,38055,770,67
1611,3522,38056,5216,38056,770,67
1611,3522,38057,5216,38057,770,67
1611,3522,38058,5216,38058,770,67
1611,3522,38059,5216,38059,770,67
1611,3522,38060,5216,38060,770,67
1611,3522,38061,5216,38061,770,67
1611,3522,38062,5216,38062,770,67
1611,3522,38063,5216,38063,770,67
1611,3522,38064,5216,38064,770,67
1611,3522,38065,5216,38065,770,67
1611,3522,38066,5216,38066,770,67
1611,3522,38067,5216,38067,770,67
1611,3522,38068,5216,38068,770,67
1611,3522,38069,5216,38069,770,67
1611,3522,38070,5216,38070,770,67
1611,3522,38071,5216,38071,770,67
1611,3522,38072,5216,38072,770,67
1611,3522,38073,5216,38073,770,67
1611,3522,38074,5216,38074,770,67
1611,3522,38075,5216,38075,770,67
1611,3522,38076,5216,38076,770,67
1611,3522,38077,5216,38077,770,67
1611,3522,38078,5216,38078,770,67
1611,3522,38079,5216,38079,770,67
1611,3522,38080,5216,38080,770,67
1611,3522,38081,5216,38081,770,67
1611,3522,38082,5216,38082,770,67
1611,3522,38083,5216,38083,770,67
1611,3522,38084,5216,38084,770,67
1611,3522,38085,5216,38085,770,67
1611,3522,38086,5216,38086,770,67
1611,3522,38087,5216,38087,770,67
1611,3522,38088,5216,38088,770,67
1611,3522,38089,5216,38089,770,67
1611,3522,38090,5216,38090,770,67
1611,3522,38091,5216,38091,770,67
1611,3522,38092,5216,38092,770,67
1611,3522,38093,5216,38093,770,67
1611,3522,38094,5216,38094,770,67
1611,3522,38095,5216,38095,770,67
1611,3522,38096,5216,38096,770,67
1611,3522,38097,5216,38097,770,67
1611,3522,38098,5216,38098,770,67
1611,3522,38099,5216,38099,770,67
1611,3522,38100,5216,38100,770,67
1611,3522,38101,5216,38101,770,67
1611,3522,38102,5216,38102,770,67
1611,3522,38103,5216,38103,770,67
1611,3522,38104,5216,38104,770,67
1611,3522,38105,5216,38105,770,67
1611,3522,38106,5216,38106,770,67
1611,3522,38107,5216,38107,770,67
1611,3522,38108,5216,38108,770,67
1611,3522,38109,5216,38109,770,67
1611,3522,38110,5216,38110,770,67
1611,3522,38111,5216,38111,770,67
1611,3522,38112,5216,38112,770,67
1611,3522,38113,5216,38113,770,67
1611,3522,38114,5216,38114,770,67
1611,3522,38115,5216,38115,770,67
1611,3522,38116,5216,38116,770,67
1611,3522,38117,5216,38117,770,67
1611,3522,38118,5216,38118,770,67
1611,3522,38119,5216,38119,770,67
1611,3522,38120,5216,38120,770,67
1611,3522,38121,5216,38121,770,67
1611,3522,38122,5216,38122,770,67
1611,3522,38123,5216,38123,770,67
1611,3522,38124,5216,38124,770,67
1611,3522,38125,5216,38125,770,67
1611,3522,38126,5216,38126,770,67
1611,3522,38127,5216,38127,770,67
1611,3522,38128,5216,38128,770,67
1611,3522,38129,5216,38129,770,67
1611,3522,38130,5216,38130,770,67
1611,3522,38131,5216,38131,770,67
1611,3522,38132,5216,38132,770,67
1611,3522,38133,5216,38133,770,67
1611,3522,38134,5216,38134,770,67
1611,3522,38135,5216,38135,770,67
1611,3522,38136,5216,38136,770,67
1611,3522,38137,5216,38137,770,67
1611,3522,38138,5216,38138,770,67
1611,3522,38139,5216,38139,770,67
1611,3522,38140,5216,38140,770,67
1611,3522,38141,5216,38141,770,67
1611,3522,38142,5216,38142,770,67
1611,3522,38143,5216,38143,770,67
1611,3522,38144,5216,38144,770,67
1611,3522,38145,5216,38145,770,67
1611,3522,38146,5216,38146,770,67
1611,3522,38147,5216,38147,770,67
1611,3522,38148,5216,38148,770,67
1611,3522,38149,5216,38149,770,67
1611,3522,38150,5216,38150,770,67
1611,3522,38151,5216,38151,770,67
1611,3522,38152,5216,38152,770,67
1611,3522,38153,5216,38153,770,67
1611,3522,38154,5216,38154,770,67
1611,3522,38155,5216,38155,770,67
1611,3522,38156,5216,38156,770,67
1611,3522,38157,5216,38157,770,67
1611,3522,38158,5216,38158,770,67
1611,3522,38159,5216,38159,770,67
1611,3522,38160,5216,38160,770,67
1611,3522,38161,5216,38161,770,67
1611,3522,38162,5216,38162,770,67
1611,3522,38163,5216,38163,770,67
1611,3522,38164,5216,38164,770,67
1611,3522,38165,5216,38165,770,67
1611,3522,38166,5216,38166,770,67
1611,3522,38167,5216,38167,770,67
1611,3522,38168,5216,38168,770,67
1611,3522,38169,5216,38169,770,67
1611,3522,38170,5216,38170,770,67
1611,3522,38171,5216,38171,770,67
1611,3522,38172,5216,38172,770,67
1611,3522,38173,5216,38173,770,67
1612,3522,38174,5216,38174,770,67
1612,3522,38175,5216,38175,770,67
1612,3522,38176,5216,38176,770,67
1612,3522,38177,5216,38177,770,67
1612,3522,38178,5216,38178,770,67
1612,3522,38179,5216,38179,770,67
1612,3522,38180,5216,38180,770,67
1612,3522,38181,5216,38181,770,67
1612,3522,38182,5216,38182,770,67
1612,3522,38183,5216,38183,770,67
1612,3522,38184,5216,38184,770,67
1612,3522,38185,5216,38185,770,67
1612,3522,38186,5216,38186,770,67
1612,3522,38187,5216,38187,770,67
1612,3522,38188,5216,38188,770,67
1612,3522,38189,5216,38189,770,67
1612,3522,38190,5216,38190,770,67
1612,3522,38191,5216,38191,770,67
1612,3522,38192,5216,38192,770,67
1612,3522,38193,5216,38193,770,67
1612,3522,38194,5216,38194,770,67
1612,3522,38195,5216,38195,770,67
1612,3522,38196,5216,38196,770,67
1612,3522,38197,5216,38197,770,67
1612,3522,38198,5216,38198,770,67
1612,3522,38199,5216,38199,770,67
1612,3522,38200,5216,38200,770,67
1612,3522,38201,5216,38201,770,67
1612,3522,38202,5216,38202,770,67
1612,3522,38203,5216,38203,770,67
1612,3522,38204,5216,38204,770,67
1612,3522,38205,5216,38205,770,67
1612,3522,38206,5216,38206,770,67
1612,3522,38207,5216,38207,770,67
1612,3522,38208,5216,38208,770,67
1612,3522,38209,5216,38209,770,67
1612,3522,38210,5216,38210,770,67
1612,3522,38211,5216,38211,770,67
1612,3522,38212,5216,38212,770,67
1612,3522,38213,5216,38213,770,67
1612,3522,38214,5216,38214,770,67
1612,3522,38215,5216,38215,770,67
1612,3522,38216,5216,38216,770,67
1612,3522,38217,5216,38217,770,67
1612,3522,38218,5216,38218,770,67
1612,3522,38219,5216,38219,770,67
1612,3522,38220,5216,38220,770,67
1612,3522,38221,5216,38221,770,67
1612,3522,38222,5216,38222,770,67
1612,3522,38223,5216,38223,770,67
1612,3522,38224,5216,38224,770,67
1612,3522,38225,5216,38225,770,67
1612,3522,38226,5216,38226,770,67
1612,3522,38227,5216,38227,770,67
1612,3522,38228,5216,38228,770,67
1612,3522,38229,5216,38229,770,67
1612,3522,38230,5216,38230,770,67
1612,3522,38231,5216,38231,770,67
1612,3522,38232,5216,38232,770,67
1612,3522,38233,5216,38233,770,67
1612,3522,38234,5216,38234,770,67
1612,3522,38235,5216,38235,770,67
1612,3522,38236,5216,38236,770,67
1612,3522,38237,5216,38237,770,67
1612,3522,38238,5216,38238,770,67
1612,3522,38239,5216,38239,770,67
1612,3522,38240,5216,38240,770,67
1612,3522,38241,5216,38241,770,67
1612,3522,38242,5216,38242,770,67
1612,3522,38243,5216,38243,770,67
1612,3522,38244,5216,38244,770,67
1612,3522,38245,5216,38245,770,67
1612,3522,38246,5216,38246,770,67
1612,3522,38247,5216,38247,770,67
1612,3522,38248,5216,38248,770,67
1612,3522,38249,5216,38249,770,67
1612,3522,38250,5216,38250,770,67
1612,3522,38251,5216,38251,770,67
1612,3522,38252,5216,38252,770,67
1612,3522,38253,5216,38253,770,67
1612,3522,38254,5216,38254,770,67
1612,3522,38255,5216,38255,770,67
1612,3522,38256,5216,38256,770,67
1612,3522,38257,5216,38257,770,67
1612,3522,38258,5216,38258,770,67
1612,3522,38259,5216,38259,770,67
1612,3522,38260,5216,38260,770,67
1612,3522,38261,5216,38261,770,67
1612,3522,38262,5216,38262,770,67
1612,3522,38263,5216,38263,770,67
1612,3522,38264,5216,38264,770,67
1612,3522,38265,5216,38265,770,67
1612,3522,38266,5216,38266,770,67
1612,3522,38267,5216,38267,770,67
1612,3522,38268,5216,38268,770,67
1612,3522,38269,5216,38269,770,67
1612,3522,38270,5216,38270,770,67
1612,3522,38271,5216,38271,770,67
1612,3522,38272,5216,38272,770,67
1612,3522,38273,5216,38273,770,67
1612,3522,38274,5216,38274,770,67
1612,3522,38275,5216,38275,770,67
1612,3522,38276,5216,38276,770,67
1612,3522,38277,5216,38277,770,67
1612,3522,38278,5216,38278,770,67
1612,3522,38279,5216,38279,770,67
1612,3522,38280,5216,38280,770,67
1612,3522,38281,5216,38281,770,67
1612,3522,38282,5216,38282,770,67
1612,3522,38283,5216,38283,770,67
1612,3522,38284,5216,38284,770,67
1612,3522,38285,5216,38285,770,67
1612,3522,38286,5216,38286,770,67
1612,3522,38287,5216,38287,770,67
1612,3522,38288,5216,38288,770,67
1612,3522,38289,5216,38289,770,67
1612,3522,38290,5216,38290,770,67
1612,3522,38291,5216,38291,770,67
1612,3522,38292,5216,38292,770,67
1612,3522,38293,5216,38293,770,67
1612,3522,38294,5216,38294,770,67
1612,3522,38295,5216,38295,770,67
1612,3522,38296,5216,38296,770,67
1612,3522,38297,5216,38297,770,67
1612,3522,38298,5216,38298,770,67
1612,3522,38299,5216,38299,770,67
1612,3522,38300,5216,38300,770,67
1612,3522,38301,5216,38301,770,67
1612,3522,38302,5216,38302,770,67
1612,3522,38303,5216,38303,770,67
1612,3522,38304,5216,38304,770,67
1612,3522,38305,5216,38305,770,67
1612,3522,38306,5216,38306,770,67
1612,3522,38307,5216,38307,770,67
1612,3522,38308,5216,38308,770,67
1612,3522,38309,5216,38309,770,67
1612,3522,38310,5216,38310,770,67
1612,3522,38311,5216,38311,770,67
1612,3522,38312,5216,38312,770,67
1612,3522,38313,5216,38313,770,67
1612,3522,38314,5216,38314,770,67
1612,3522,38315,5216,38315,770,67
1612,3522,38316,5216,38316,770,67
1612,3522,38317,5216,38317,770,67
1612,3522,38318,5216,38318,770,67
1612,3522,38319,5216,38319,770,67
1612,3522,38320,5216,38320,770,67
1612,3522,38321,5216,38321,770,67
1612,3522,38322,5216,38322,770,67
1612,3522,38323,5216,38323,770,67
1612,3522,38324,5216,38324,770,67
1612,3522,38325,5216,38325,770,67
1612,3522,38326,5216,38326,770,67
1612,3522,38327,5216,38327,770,67
1612,3522,38328,5216,38328,770,67
1612,3522,38329,5216,38329,770,67
1612,3522,38330,5216,38330,770,67
1612,3522,38331,5216,38331,770,67
1612,3522,38332,5216,38332,770,67
1612,3522,38333,5216,38333,770,67
1612,3522,38334,5216,38334,770,67
1612,3522,38335,5216,38335,770,67
1612,3522,38336,5216,38336,770,67
1612,3522,38337,5216,38337,770,67
1612,3522,38338,5216,38338,770,67
1612,3522,38339,5216,38339,770,67
1612,3522,38340,5216,38340,770,67
1612,3522,38341,5216,38341,770,67
1611,3522,38342,5216,38342,770,67
1611,3522,38343,5216,38343,770,67
1611,3522,38344,5216,38344,770,67
1611,3522,38345,5216,38345,770,67
1611,3522,38346,5216,38346,770,67
1611,3522,38347,5216,38347,770,67
1611,3522,38348,5216,38348,770,67
1611,3522,38349,5216,38349,770,67
1611,3522,38350,5216,38350,770,67
1611,3522,38351,5216,38351,770,67
1611,3522,38352,5216,38352,770,67
1611,3522,38353,5216,38353,770,67
1611,3522,38354,5216,38354,770,67
1611,3522,38355,5216,38355,770,67
1611,3522,38356,5216,38356,770,67
1611,3522,38357,5216,38357,770,67
1611,3522,38358,5216,38358,770,67
1611,3522,38359,5216,38359,770,67
1611,3522,38360,5216,38360,770,67
1611,3522,38361,5216,38361,770,67
1611,3522,38362,5216,38362,770,67
1611,3522,38363,5216,38363,770,67
1611,3522,38364,5216,38364,770,67
1611,3522,38365,5216,38365,770,67
1611,3522,38366,5216,38366,770,67
1612,3522,38367,5216,38367,770,67
1612,3522,38368,5216,38368,770,67
1612,3522,38369,5216,38369,770,67
1612,3522,38370,5216,38370,770,67
1612,3522,38371,5216,38371,770,67
1612,3522,38372,5216,38372,770,67
1612,3522,38373,5216,38373,770,67
1612,3522,38374,5216,38374,770,67
1612,3522,38375,5216,38375,770,67
1612,3522,38376,5216,38376,770,67
1612,3522,38377,5216,38377,770,67
1612,3522,38378,5216,38378,770,67
1612,3522,38379,5216,38379,770,67
1612,3522,38380,5216,38380,770,67
1612,3522,38381,5216,38381,770,67
1612,3522,38382,5216,38382,770,67
1612,3522,38383,5216,38383,770,67
1612,3522,38384,5216,38384,770,67
1612,3522,38385,5216,38385,770,67
1612,3522,38386,5216,38386,770,67
1612,3522,38387,5216,38387,770,67
1612,3522,38388,5216,38388,770,67
1612,3522,38389,5216,38389,770,67
1612,3522,38390,5216,38390,770,67
1612,3522,38391,5216,38391,770,67
1612,3522,38392,5216,38392,770,67
1612,3522,38393,5216,38393,770,67
1612,3522,38394,5216,38394,770,67
1612,3522,38395,5216,38395,770,67
1612,3522,38396,5216,38396,770,67
1612,3522,38397,5216,38397,770,67
1612,3522,38398,5216,38398,770,67
1612,3522,38399,5216,38399,770,67
1612,3522,38400,5216,38400,770,67
1612,3522,38401,5216,38401,770,67
1612,3522,38402,5216,38402,770,67
1612,3522,38403,5216,38403,770,67
1612,3522,38404,5216,38404,770,67
1612,3522,38405,5216,38405,770,67
1612,3522,38406,5216,38406,770,67
1612,3522,38407,5216,38407,770,67
1612,3522,38408,5216,38408,770,67
1612,3522,38409,5216,38409,770,67
1612,3522,38410,5216,38410,770,67
1612,3522,38411,5216,38411,770,67
1612,3522,38412,5216,38412,770,67
1612,3522,38413,5216,38413,770,67
1612,3522,38414,5216,38414,770,67
1612,3522,38415,5216,38415,770,67
1612,3522,38416,5216,38416,770,67
1612,3522,38417,5216,38417,770,67
1612,3522,38418,5216,38418,770,67
1612,3522,38419,5216,38419,770,67
1612,3522,38420,5216,38420,770,67
1612,3522,38421,5216,38421,770,67
1612,3522,38422,5216,38422,770,67
1612,3522,38423,5216,38423,770,67
1612,3522,38424,5216,38424,770,67
1612,3522,38425,5216,38425,770,67
1612,3522,38426,5216,38426,770,67
1612,3522,38427,5216,38427,770,67
1612,3522,38428,5216,38428,770,67
1612,3522,38429,5216,38429,770,67
1612,3522,38430,5216,38430,770,67
1612,3522,38431,5216,38431,770,67
1612,3522,38432,5216,38432,770,67
1612,3522,38433,5216,38433,770,67
1612,3522,38434,5216,38434,770,67
1612,3522,38435,5216,38435,770,67
1612,3522,38436,5216,38436,770,67
1612,3522,38437,5216,38437,770,67
1612,3522,38438,5216,38438,770,67
1612,3522,38439,5216,38439,770,67
1612,3522,38440,5216,38440,770,67
1612,3522,38441,5216,38441,770,67
1612,3522,38442,5216,38442,770,67
1612,3522,38443,5216,38443,770,67
1612,3522,38444,5216,38444,770,67
1612,3522,38445,5216,38445,770,67
1612,3522,38446,5216,38446,770,67
1612,3522,38447,5216,38447,770,67
1612,3522,38448,5216,38448,770,67
1612,3522,38449,5216,38449,770,67
1612,3522,38450,5216,38450,770,67
1612,3522,38451,5216,38451,770,67
1612,3522,38452,5216,38452,770,67
1612,3522,38453,5216,38453,770,67
1612,3522,38454,5216,38454,770,67
1612,3522,38455,5216,38455,770,67
1612,3522,38456,5216,38456,770,67
1612,3522,38457,5216,38457,770,67
1612,3522,38458,5216,38458,770,67
1612,3522,38459,5216,38459,770,67
1612,3522,38460,5216,38460,770,67
1612,3522,38461,5216,38461,770,67
1612,3522,38462,5216,38462,770,67
1612,3522,38463,5216,38463,770,67
1612,3522,38464,5216,38464,770,67
1612,3522,38465,5216,38465,770,67
1612,3522,38466,5216,38466,770,67
1612,3522,38467,5216,38467,770,67
1612,3522,38468,5216,38468,770,67
1612,3522,38469,5216,38469,770,67
1612,3522,38470,5216,38470,770,67
1612,3522,38471,5216,38471,770,67
1612,3522,38472,5216,38472,770,67
1612,3522,38473,5216,38473,770,67
1612,3522,38474,5216,38474,770,67
1612,3522,38475,5216,38475,770,67
1612,3522,38476,5216,38476,770,67
1612,3522,38477,5216,38477,770,67
1612,3522,38478,5216,38478,770,67
1612,3522,38479,5216,38479,770,67
1612,3522,38480,5216,38480,770,67
1612,3522,38481,5216,38481,770,67
1612,3522,38482,5216,38482,770,67
1612,3522,38483,5216,38483,770,67
1612,3522,38484,5216,38484,770,67
1612,3522,38485,5216,38485,770,67
1612,3522,38486,5216,38486,770,67
1612,3522,38487,5216,38487,770,67
1612,3522,38488,5216,38488,770,67
1612,3522,38489,5216,38489,770,67
1612,3522,38490,5216,38490,770,67
1612,3522,38491,5216,38491,770,67
1612,3522,38492,5216,38492,770,67
1612,3522,38493,5216,38493,770,67
1612,3522,38494,5216,38494,770,67
1612,3522,38495,5216,38495,770,67
1612,3522,38496,5216,38496,770,67
1612,3522,38497,5216,38497,770,67
1612,3522,38498,5216,38498,770,67
1612,3522,38499,5216,38499,770,67
1612,3522,38500,5216,38500,770,67
1612,3522,38501,5216,38501,770,67
1612,3522,38502,5216,38502,770,67
1612,3522,38503,5216,38503,770,67
1612,3522,38504,5216,38504,770,67
1612,3522,38505,5216,38505,770,67
1612,3522,38506,5216,38506,770,67
1612,3522,38507,5216,38507,770,67
1612,3522,38508,5216,38508,770,67
1612,3522,38509,5216,38509,770,67
1612,3522,38510,5216,38510,770,67
1612,3522,38511,5216,38511,770,67
1612,3522,38512,5216,38512,770,67
1612,3522,38513,5216,38513,770,67
1612,3522,38514,5216,38514,770,67
1612,3522,38515,5216,38515,770,67
1612,3522,38516,5216,38516,770,67
1612,3522,38517,5216,38517,770,67
1612,3522,38518,5216,38518,770,67
1612,3522,38519,5216,38519,770,67
1612,3522,38520,5216,38520,770,67
1612,3522,38521,5216,38521,770,67
1612,3522,38522,5216,38522,770,67
1612,3522,38523,5216,38523,770,67
1612,3522,38524,5216,38524,770,67
1612,3522,38525,5216,38525,770,67
1612,3522,38526,5216,38526,770,67
1612,3522,38527,5216,38527,770,67
1612,3522,38528,5216,38528,770,67
1612,3522,38529,5216,38529,770,67
1612,3522,38530,5216,38530,770,67
1612,3522,38531,5216,38531,770,67
1612,3522,38532,5216,38532,770,67
1612,3522,38533,5216,38533,770,67
1612,3522,38534,5216,38534,770,67
1612,3522,38535,5216,38535,770,67
1612,3522,38536,5216,38536,770,67
1612,3522,38537,5216,38537,770,67
1612,3522,38538,5216,38538,770,67
1612,3522,38539,5216,38539,770,67
1612,3522,38540,5216,38540,770,67
1612,3522,38541,5216,38541,770,67
1612,3522,38542,5216,38542,770,67
1612,3522,38543,5216,38543,770,67
1612,3522,38544,5216,38544,770,67
1612,3522,38545,5216,38545,770,67
1612,3522,38546,5216,38546,770,67
1612,3522,38547,5216,38547,770,67
1612,3522,38548,5216,38548,770,67
1612,3522,38549,5216,38549,770,67
1612,3522,38550,5216,38550,770,67
1612,3522,38551,5216,38551,770,67
1612,3522,38552,5216,38552,770,67
1612,3522,38553,5216,38553,770,67
1612,3522,38554,5216,38554,770,67
1612,3522,38555,5216,38555,770,67
1612,3522,38556,5216,38556,770,67
1612,3522,38557,5216,38557,770,67
1612,3522,38558,5216,38558,770,67
1612,3522,38559,5216,38559,770,67
1612,3522,38560,5216,38560,770,67
1612,3522,38561,5216,38561,770,67
1612,3522,38562,5216,38562,770,67
1612,3522,38563,5216,38563,770,67
1612,3522,38564,5216,38564,770,67
1612,3522,38565,5216,38565,770,67
1612,3522,38566,5216,38566,770,67
1612,3522,38567,5216,38567,770,67
1612,3522,38568,5216,38568,770,67
1612,3522,38569,5216,38569,770,67
1612,3522,38570,5216,38570,770,67
1612,3522,38571,5216,38571,770,67
1612,3522,38572,5216,38572,770,67
1612,3522,38573,5216,38573,770,67
1612,3522,38574,5216,38574,770,67
1612,3522,38575,5216,38575,770,67
1612,3522,38576,5216,38576,770,67
1612,3522,38577,5216,38577,770,67
1612,3522,38578,5216,38578,770,67
1612,3522,38579,5216,38579,770,67
1612,3522,38580,5216,38580,770,67
1612,3522,38581,5216,38581,770,67
1612,3522,38582,5216,38582,770,67
1612,3522,38583,5216,38583,770,67
1612,3522,38584,5216,38584,770,67
1612,3522,38585,5216,38585,770,67
1612,3522,38586,5216,38586,770,67
1612,3522,38587,5216,38587,770,67
1612,3522,38588,5216,38588,770,67
1612,3522,38589,5216,38589,770,67
1612,3522,38590,5216,38590,770,67
1612,3522,38591,5216,38591,770,67
1612,3522,38592,5216,38592,770,67
1612,3522,38593,5216,38593,770,67
1612,3522,38594,5216,38594,770,67
1611,3522,38595,5216,38595,770,67
1611,3522,38596,5216,38596,770,67
1611,3522,38597,5216,38597,770,67
1611,3522,38598,5216,38598,770,67
1611,3522,38599,5216,38599,770,67
1611,3522,38600,5216,38600,770,67
1611,3522,38601,5216,38601,770,67
1611,3522,38602,5216,38602,770,67
1611,3522,38603,5216,38603,770,67
1610,3522,38604,5216,38604,770,67
1610,3522,38605,5216,38605,770,67
1610,3522,38606,5216,38606,770,67
1610,3522,38607,5216,38607,770,67
1610,3522,38608,5216,38608,770,67
1610,3522,38609,5216,38609,770,67
1610,3522,38610,5216,38610,770,67
1610,3522,38611,5216,38611,770,67
1610,3522,38612,5216,38612,770,67
1610,3522,38613,5216,38613,770,67
1610,3522,38614,5216,38614,770,67
1610,3522,38615,5216,38615,770,67
1610,3522,38616,5216,38616,770,67
1610,3522,38617,5216,38617,770,67
1610,3522,38618,5216,38618,770,67
1610,3522,38619,5216,38619,770,67
1610,3522,38620,5216,38620,770,67
1610,3522,38621,5216,38621,770,67
1610,3522,38622,5216,38622,770,67
1610,3522,38623,5216,38623,770,67
1610,3522,38624,5216,38624,770,67
1610,3522,38625,5216,38625,770,67
1610,3522,38626,5216,38626,770,67
1610,3522,38627,5216,38627,770,67
1610,3522,38628,5216,38628,770,67
1610,3522,38629,5216,38629,770,67
1610,3522,38630,5216,38630,770,67
1610,3522,38631,5216,38631,770,67
1610,3522,38632,5216,38632,770,67
1610,3522,38633,5216,38633,770,67
1610,3522,38634,5216,38634,770,67
1610,3522,38635,5216,38635,770,67
1610,3522,38636,5216,38636,770,67
1610,3522,38637,5216,38637,770,67
1610,3522,38638,5216,38638,770,67
1610,3522,38639,5216,38639,770,67
1610,3522,38640,5216,38640,770,67
1610,3522,38641,5216,38641,770,67
1610,3522,38642,5216,38642,770,67
1610,3522,38643,5216,38643,770,67
1610,3522,38644,5216,38644,770,67
1610,3522,38645,5216,38645,770,67
1610,3522,38646,5216,38646,770,67
1610,3522,38647,5216,38647,770,67
1610,3522,38648,5216,38648,770,67
1610,3522,38649,5216,38649,770,67
1610,3522,38650,5216,38650,770,67
1610,3522,38651,5216,38651,770,67
1610,3522,38652,5216,38652,770,67
1610,3522,38653,5216,38653,770,67
1610,3522,38654,5216,38654,770,67
1610,3522,38655,5216,38655,770,67
1610,3522,38656,5216,38656,770,67
1610,3522,38657,5216,38657,770,67
1610,3522,38658,5216,38658,770,67
1610,3522,38659,5216,38659,770,67
1610,3522,38660,5216,38660,770,67
1610,3522,38661,5216,38661,770,67
1610,3522,38662,5216,38662,770,67
1610,3522,38663,5216,38663,770,67
1610,3522,38664,5216,38664,770,67
1610,3522,38665,5216,38665,770,67
1610,3522,38666,5216,38666,770,67
1610,3522,38667,5216,38667,770,67
1610,3522,38668,5216,38668,770,67
1610,3522,38669,5216,38669,770,67
1610,3522,38670,5216,38670,770,67
1609,3522,38671,5216,38671,770,67
1609,3522,38672,5216,38672,770,67
1609,3522,38673,5216,38673,770,67
1609,3522,38674,5216,38674,770,67
1609,3522,38675,5216,38675,770,67
1609,3522,38676,5216,38676,770,67
1609,3522,38677,5216,38677,770,67
1609,3522,38678,5216,38678,770,67
1609,3522,38679,5216,38679,770,67
1609,3522,38680,5216,38680,770,67
1609,3522,38681,5216,38681,770,67
1609,3522,38682,5216,38682,770,67
1609,3522,38683,5216,38683,770,67
1609,3522,38684,5216,38684,770,67
1609,3522,38685,5216,38685,770,67
1609,3522,38686,5216,38686,770,67
1609,3522,38687,5216,38687,770,67
1609,3522,38688,5216,38688,770,67
1609,3522,38689,5216,38689,770,67
1609,3522,38690,5216,38690,770,67
1609,3522,38691,5216,38691,770,67
1609,3522,38692,5216,38692,770,67
1609,3522,38693,5216,38693,770,67
1609,3522,38694,5216,38694,770,67
1609,3522,38695,5216,38695,770,67
1609,3522,38696,5216,38696,770,67
1609,3522,38697,5216,38697,770,67
1609,3522,38698,5216,38698,770,67
1609,3522,38699,5216,38699,770,67
1609,3522,38700,5216,38700,770,67
1609,3522,38701,5216,38701,770,67
1609,3522,38702,5216,38702,770,67
1609,3522,38703,5216,38703,770,67
1609,3522,38704,5216,38704,770,67
1609,3522,38705,5216,38705,770,67
1609,3522,38706,5216,38706,770,67
1609,3522,38707,5216,38707,770,67
1609,3522,38708,5216,38708,770,67
1609,3522,38709,5216,38709,770,67
1609,3522,38710,5216,38710,770,67
1609,3522,38711,5216,38711,770,67
1609,3522,38712,5216,38712,770,67
1609,3522,38713,5216,38713,770,67
1609,3522,38714,5216,38714,770,67
1609,3522,38715,5216,38715,770,67
1609,3522,38716,5216,38716,770,67
1610,3522,38717,5216,38717,770,67
1610,3522,38718,5216,38718,770,67
1610,3522,38719,5216,38719,770,67
1610,3522,38720,5216,38720,770,67
1610,3522,38721,5216,38721,770,67
1610,3522,38722,5216,38722,770,67
1610,3522,38723,5216,38723,770,67
1610,3522,38724,5216,38724,770,67
1610,3522,38725,5216,38725,770,67
1610,3522,38726,5216,38726,770,67
1610,3522,38727,5216,38727,770,67
1610,3522,38728,5216,38728,770,67
1610,3522,38729,5216,38729,770,67
1610,3522,38730,5216,38730,770,67
1610,3522,38731,5216,38731,770,67
1610,3522,38732,5216,38732,770,67
1610,3522,38733,5216,38733,770,67
1610,3522,38734,5216,38734,770,67
1610,3522,38735,5216,38735,770,67
1610,3522,38736,5216,38736,770,67
1610,3522,38737,5216,38737,770,67
1610,3522,38738,5216,38738,770,67
1610,3522,38739,5216,38739,770,67
1610,3522,38740,5216,38740,770,67
1610,3522,38741,5216,38741,770,67
1610,3522,38742,5216,38742,770,67
1610,3522,38743,5216,38743,770,67
1610,3522,38744,5216,38744,770,67
1610,3522,38745,5216,38745,770,67
1610,3522,38746,5216,38746,770,67
1610,3522,38747,5216,38747,770,67
1610,3522,38748,5216,38748,770,67
1610,3522,38749,5216,38749,770,67
1610,3522,38750,5216,38750,770,67
1610,3522,38751,5216,38751,770,67
1610,3522,38752,5216,38752,770,67
1610,3522,38753,5216,38753,770,67
1610,3522,38754,5216,38754,770,67
1610,3522,38755,5216,38755,770,67
1610,3522,38756,5216,38756,770,67
1610,3522,38757,5216,38757,770,67
1610,3522,38758,5216,38758,770,67
1610,3522,38759,5216,38759,770,67
1610,3522,38760,5216,38760,770,67
1610,3522,38761,5216,38761,770,67
1610,3522,38762,5216,38762,770,67
1610,3522,38763,5216,38763,770,67
1610,3522,38764,5216,38764,770,67
1610,3522,38765,5216,38765,770,67
1610,3522,38766,5216,38766,770,67
1610,3522,38767,5216,38767,770,67
1610,3522,38768,5216,38768,770,67
1610,3522,38769,5216,38769,770,67
1610,3522,38770,5216,38770,770,67
1610,3522,38771,5216,38771,770,67
1610,3522,38772,5216,38772,770,67
1610,3522,38773,5216,38773,770,67
1610,3522,38774,5216,38774,770,67
1610,3522,38775,5216,38775,770,67
1610,3522,38776,5216,38776,770,67
1610,3522,38777,5216,38777,770,67
1610,3522,38778,5216,38778,770,67
1610,3522,38779,5216,38779,770,67
1610,3522,38780,5216,38780,770,67
1610,3522,38781,5216,38781,770,67
1610,3522,38782,5216,38782,770,67
1610,3522,38783,5216,38783,770,67
1610,3522,38784,5216,38784,770,67
1610,3522,38785,5216,38785,770,67
1610,3522,38786,5216,38786,770,67
1610,3522,38787,5216,38787,770,67
1610,3522,38788,5216,38788,770,67
1610,3522,38789,5216,38789,770,67
1610,3522,38790,5216,38790,770,67
1610,3522,38791,5216,38791,770,67
1610,3522,38792,5216,38792,770,67
1610,3522,38793,5216,38793,770,67
1610,3522,38794,5216,38794,770,67
1611,3522,38795,5216,38795,770,67
1611,3522,38796,5216,38796,770,67
1611,3522,38797,5216,38797,770,67
1611,3522,38798,5216,38798,770,67
1611,3522,38799,5216,38799,770,67
1611,3522,38800,5216,38800,770,67
1611,3522,38801,5216,38801,770,67
1611,3522,38802,5216,38802,770,67
1611,3522,38803,5216,38803,770,67
1611,3522,38804,5216,38804,770,67
1611,3522,38805,5216,38805,770,67
1611,3522,38806,5216,38806,770,67
1611,3522,38807,5216,38807,770,67
1611,3522,38808,5216,38808,770,67
1611,3522,38809,5216,38809,770,67
1611,3522,38810,5216,38810,770,67
1611,3522,38811,5216,38811,770,67
1611,3522,38812,5216,38812,770,67
1611,3522,38813,5216,38813,770,67
1611,3522,38814,5216,38814,770,67
1611,3522,38815,5216,38815,770,67
1611,3522,38816,5216,38816,770,67
1611,3522,38817,5216,38817,770,67
1611,3522,38818,5216,38818,770,67
1611,3522,38819,5216,38819,770,67
1611,3522,38820,5216,38820,770,67
1611,3522,38821,5216,38821,770,67
1611,3522,38822,5216,38822,770,67
1611,3522,38823,5216,38823,770,67
1611,3522,38824,5216,38824,770,67
1611,3522,38825,5216,38825,770,67
1611,3522,38826,5216,38826,770,67
1611,3522,38827,5216,38827,770,67
1611,3522,38828,5216,38828,770,67
1611,3522,38829,5216,38829,770,67
1611,3522,38830,5216,38830,770,67
1611,3522,38831,5216,38831,770,67
1611,3522,38832,5216,38832,770,67
1611,3522,38833,5216,38833,770,67
1611,3522,38834,5216,38834,770,67
1611,3522,38835,5216,38835,770,67
1611,3522,38836,5216,38836,770,67
1611,3522,38837,5216,38837,770,67
1611,3522,38838,5216,38838,770,67
1611,3522,38839,5216,38839,770,67
1611,3522,38840,5216,38840,770,67
1611,3522,38841,5216,38841,770,67
1611,3522,38842,5216,38842,770,67
1611,3522,38843,5216,38843,770,67
1611,3522,38844,5216,38844,770,67
1611,3522,38845,5216,38845,770,67
1611,3522,38846,5216,38846,770,67
1611,3522,38847,5216,38847,770,67
1611,3522,38848,5216,38848,770,67
1612,3522,38849,5216,38849,770,67
1612,3522,38850,5216,38850,770,67
1612,3522,38851,5216,38851,770,67
1612,3522,38852,5216,38852,770,67
1612,3522,38853,5216,38853,770,67
1612,3522,38854,5216,38854,770,67
1612,3522,38855,5216,38855,770,67
1612,3522,38856,5216,38856,770,67
1612,3522,38857,5216,38857,770,67
1612,3522,38858,5216,38858,770,67
1612,3522,38859,5216,38859,770,67
1612,3522,38860,5216,38860,770,67
1612,3522,38861,5216,38861,770,67
1612,3522,38862,5216,38862,770,67
1612,3522,38863,5216,38863,770,67
1612,3522,38864,5216,38864,770,67
1612,3522,38865,5216,38865,770,67
1612,3522,38866,5216,38866,770,67
1612,3522,38867,5216,38867,770,67
1612,3522,38868,5216,38868,770,67
1612,3522,38869,5216,38869,770,67
1612,3522,38870,5216,38870,770,67
1612,3522,38871,5216,38871,770,67
1612,3522,38872,5216,38872,770,67
1612,3522,38873,5216,38873,770,67
1612,3522,38874,5216,38874,770,67
1612,3522,38875,5216,38875,770,67
1612,3522,38876,5216,38876,770,67
1612,3522,38877,5216,38877,770,67
1612,3522,38878,5216,38878,770,67
1612,3522,38879,5216,38879,770,67
1612,3522,38880,5216,38880,770,67
1612,3522,38881,5216,38881,770,67
1612,3522,38882,5216,38882,770,67
1612,3522,38883,5216,38883,770,67
1612,3522,38884,5216,38884,770,67
1612,3522,38885,5216,38885,770,67
1612,3522,38886,5216,38886,770,67
1612,3522,38887,5216,38887,770,67
1612,3522,38888,5216,38888,770,67
1612,3522,38889,5216,38889,770,67
1612,3522,38890,5216,38890,770,67
1612,3522,38891,5216,38891,770,67
1612,3522,38892,5216,38892,770,67
1612,3522,38893,5216,38893,770,67
1612,3522,38894,5216,38894,770,67
1612,3522,38895,5216,38895,770,67
1612,3522,38896,5216,38896,770,67
1612,3522,38897,5216,38897,770,67
1612,3522,38898,5216,38898,770,67
1612,3522,38899,5216,38899,770,67
1612,3522,38900,5216,38900,770,67
1612,3522,38901,5216,38901,770,67
1612,3522,38902,5216,38902,770,67
1612,3522,38903,5216,38903,770,67
1612,3522,38904,5216,38904,770,67
1612,3522,38905,5216,38905,770,67
1612,3522,38906,5216,38906,770,67
1612,3522,38907,5216,38907,770,67
1612,3522,38908,5216,38908,770,67
1612,3522,38909,5216,38909,770,67
1612,3522,38910,5216,38910,770,67
1612,3522,38911,5216,38911,770,67
1612,3522,38912,5216,38912,770,67
1612,3522,38913,5216,38913,770,67
1612,3522,38914,5216,38914,770,67
1612,3522,38915,5216,38915,770,67
1612,3522,38916,5216,38916,770,67
1612,3522,38917,5216,38917,770,67
1612,3522,38918,5216,38918,770,67
1612,3522,38919,5216,38919,770,67
1612,3522,38920,5216,38920,770,67
1612,3522,38921,5216,38921,770,67
1612,3522,38922,5216,38922,770,67
1612,3522,38923,5216,38923,770,67
1612,3522,38924,5216,38924,770,67
1612,3522,38925,5216,38925,770,67
1612,3522,38926,5216,38926,770,67
1612,3522,38927,5216,38927,770,67
1612,3522,38928,5216,38928,770,67
1612,3522,38929,5216,38929,770,67
1612,3522,38930,5216,38930,770,67
1612,3522,38931,5216,38931,770,67
1612,3522,38932,5216,38932,770,67
1612,3522,38933,5216,38933,770,67
1612,3522,38934,5216,38934,770,67
1612,3522,38935,5216,38935,770,67
1612,3522,38936,5216,38936,770,67
1612,3522,38937,5216,38937,770,67
1612,3522,38938,5216,38938,770,67
1612,3522,38939,5216,38939,770,67
1612,3522,38940,5216,38940,770,67
1612,3522,38941,5216,38941,770,67
1612,3522,38942,5216,38942,770,67
1612,3522,38943,5216,38943,770,67
1612,3522,38944,5216,38944,770,67
1612,3522,38945,5216,38945,770,67
1612,3522,38946,5216,38946,770,67
1612,3522,38947,5216,38947,770,67
1612,3522,38948,5216,38948,770,67
1612,3522,38949,5216,38949,770,67
1612,3522,38950,5216,38950,770,67
1612,3522,38951,5216,38951,770,67
1612,3522,38952,5216,38952,770,67
1612,3522,38953,5216,38953,770,67
1612,3522,38954,5216,38954,770,67
1612,3522,38955,5216,38955,770,67
1612,3522,38956,5216,38956,770,67
1612,3522,38957,5216,38957,770,67
1612,3522,38958,5216,38958,770,67
1612,3522,38959,5216,38959,770,67
1612,3522,38960,5216,38960,770,67
1612,3522,38961,5216,38961,770,67
1612,3522,38962,5216,38962,770,67
1612,3522,38963,5216,38963,770,67
1612,3522,38964,5216,38964,770,67
1612,3522,38965,5216,38965,770,67
1612,3522,38966,5216,38966,770,67
1612,3522,38967,5216,38967,770,67
1612,3522,38968,5216,38968,770,67
1612,3522,38969,5216,38969,770,67
1612,3522,38970,5216,38970,770,67
1612,3522,38971,5216,38971,770,67
1612,3522,38972,5216,38972,770,67
1612,3522,38973,5216,38973,770,67
1612,3522,38974,5216,38974,770,67
1612,3522,38975,5216,38975,770,67
1612,3522,38976,5216,38976,770,67
1612,3522,38977,5216,38977,770,67
1612,3522,38978,5216,38978,770,67
1612,3522,38979,5216,38979,770,67
1612,3522,38980,5216,38980,770,67
1612,3522,38981,5216,38981,770,67
1612,3522,38982,5216,38982,770,67
1612,3522,38983,5216,38983,770,67
1612,3522,38984,5216,38984,770,67
1612,3522,38985,5216,38985,770,67
1612,3522,38986,5216,38986,770,67
1612,3522,38987,5216,38987,770,67
1612,3522,38988,5216,38988,770,67
1612,3522,38989,5216,38989,770,67
1612,3522,38990,5216,38990,770,67
1612,3522,38991,5216,38991,770,67
1612,3522,38992,5216,38992,770,67
1612,3522,38993,5216,38993,770,67
1612,3522,38994,5216,38994,770,67
1612,3522,38995,5216,38995,770,67
1612,3522,38996,5216,38996,770,67
1612,3522,38997,5216,38997,770,67
1612,3522,38998,5216,38998,770,67
1612,3522,38999,5216,38999,770,67
1612,3522,39000,5216,39000,770,67
1612,3522,39001,5216,39001,770,67
1612,3522,39002,5216,39002,770,67
1612,3522,39003,5216,39003,770,67
1612,3522,39004,5216,39004,770,67
1612,3522,39005,5216,39005,770,67
1612,3522,39006,5216,39006,770,67
1612,3522,39007,5216,39007,770,67
1612,3522,39008,5216,39008,770,67
1612,3522,39009,5216,39009,770,67
1612,3522,39010,5216,39010,770,67
1612,3522,39011,5216,39011,770,67
1612,3522,39012,5216,39012,770,67
1612,3522,39013,5216,39013,770,67
1612,3522,39014,5216,39014,770,67
1612,3522,39015,5216,39015,770,67
1612,3522,39016,5216,39016,770,67
1612,3522,39017,5216,39017,770,67
1612,3522,39018,5216,39018,770,67
1612,3522,39019,5216,39019,770,67
1612,3522,39020,5216,39020,770,67
1612,3522,39021,5216,39021,770,67
1612,3522,39022,5216,39022,770,67
1612,3522,39023,5216,39023,770,67
1612,3522,39024,5216,39024,770,67
1612,3522,39025,5216,39025,770,67
1612,3522,39026,5216,39026,770,67
1612,3522,39027,5216,39027,770,67
1612,3522,39028,5216,39028,770,67
1612,3522,39029,5216,39029,770,67
1612,3522,39030,5216,39030,770,67
1612,3522,39031,5216,39031,770,67
1612,3522,39032,5216,39032,770,67
1612,3522,39033,5216,39033,770,67
1612,3522,39034,5216,39034,770,67
1612,3522,39035,5216,39035,770,67
1612,3522,39036,5216,39036,770,67
1612,3522,39037,5216,39037,770,67
1612,3522,39038,5216,39038,770,67
1612,3522,39039,5216,39039,770,67
1612,3522,39040,5216,39040,770,67
1612,3522,39041,5216,39041,770,67
1612,3522,39042,5216,39042,770,67
1612,3522,39043,5216,39043,770,67
1612,3522,39044,5216,39044,770,67
1612,3522,39045,5216,39045,770,67
1612,3522,39046,5216,39046,770,67
1612,3522,39047,5216,39047,770,67
1612,3522,39048,5216,39048,770,67
1612,3522,39049,5216,39049,770,67
1612,3522,39050,5216,39050,770,67
1612,3522,39051,5216,39051,770,67
1612,3522,39052,5216,39052,770,67
1612,3522,39053,5216,39053,770,67
1612,3522,39054,5216,39054,770,67
1612,3522,39055,5216,39055,770,67
1612,3522,39056,5216,39056,770,67
1612,3522,39057,5216,39057,770,67
1612,3522,39058,5216,39058,770,67
1612,3522,39059,5216,39059,770,67
1612,3522,39060,5216,39060,770,67
1612,3522,39061,5216,39061,770,67
1612,3522,39062,5216,39062,770,67
1612,3522,39063,5216,39063,770,67
1612,3522,39064,5216,39064,770,67
1612,3522,39065,5216,39065,770,67
1612,3522,39066,5216,39066,770,67
1612,3522,39067,5216,39067,770,67
1612,3522,39068,5216,39068,770,67
1612,3522,39069,5216,39069,770,67
1612,3522,39070,5216,39070,770,67
1612,3522,39071,5216,39071,770,67
1612,3522,39072,5216,39072,770,67
1612,3522,39073,5216,39073,770,67
1612,3522,39074,5216,39074,770,67
1612,3522,39075,5216,39075,770,67
1612,3522,39076,5216,39076,770,67
1612,3522,39077,5216,39077,770,67
1612,3522,39078,5216,39078,770,67
1612,3522,39079,5216,39079,770,67
1612,3522,39080,5216,39080,770,67
1612,3522,39081,5216,39081,770,67
1612,3522,39082,5216,39082,770,67
1612,3522,39083,5216,39083,770,67
1612,3522,39084,5216,39084,770,67
1612,3522,39085,5216,39085,770,67
1612,3522,39086,5216,39086,770,67
1612,3522,39087,5216,39087,770,67
1612,3522,39088,5216,39088,770,67
1612,3522,39089,5216,39089,770,67
1612,3522,39090,5216,39090,770,67
1612,3522,39091,5216,39091,770,67
1612,3522,39092,5216,39092,770,67
1612,3522,39093,5216,39093,770,67
1612,3522,39094,5216,39094,770,67
1612,3522,39095,5216,39095,770,67
1612,3522,39096,5216,39096,770,67
1612,3522,39097,5216,39097,770,67
1612,3522,39098,5216,39098,770,67
1612,3522,39099,5216,39099,770,67
1612,3522,39100,5216,39100,770,67
1612,3522,39101,5216,39101,770,67
1612,3522,39102,5216,39102,770,67
1612,3522,39103,5216,39103,770,67
1612,3522,39104,5216,39104,770,67
1612,3522,39105,5216,39105,770,67
1612,3522,39106,5216,39106,770,67
1612,3522,39107,5216,39107,770,67
1612,3522,39108,5216,39108,770,67
1612,3522,39109,5216,39109,770,67
1612,3522,39110,5216,39110,770,67
1612,3522,39111,5216,39111,770,67
1612,3522,39112,5216,39112,770,67
1612,3522,39113,5216,39113,770,67
1612,3522,39114,5216,39114,770,67
1612,3522,39115,5216,39115,770,67
1612,3522,39116,5216,39116,770,67
1612,3522,39117,5216,39117,770,67
1612,3522,39118,5216,39118,770,67
1612,3522,39119,5216,39119,770,67
1612,3522,39120,5216,39120,770,67
1612,3522,39121,5216,39121,770,67
1612,3522,39122,5216,39122,770,67
1612,3522,39123,5216,39123,770,67
1611,3522,39124,5216,39124,770,67
1611,3522,39125,5216,39125,770,67
1611,3522,39126,5216,39126,770,67
1611,3522,39127,5216,39127,770,67
1611,3522,39128,5216,39128,770,67
1611,3522,39129,5216,39129,770,67
1611,3522,39130,5216,39130,770,67
1611,3522,39131,5216,39131,770,67
1611,3522,39132,5216,39132,770,67
1611,3522,39133,5216,39133,770,67
1611,3522,39134,5216,39134,770,67
1611,3522,39135,5216,39135,770,67
1611,3522,39136,5216,39136,770,67
1611,3522,39137,5216,39137,770,67
1611,3522,39138,5216,39138,770,67
1611,3522,39139,5216,39139,770,67
1611,3522,39140,5216,39140,770,67
1611,3522,39141,5216,39141,770,67
1611,3522,39142,5216,39142,770,67
1611,3522,39143,5216,39143,770,67
1611,3522,39144,5216,39144,770,67
1611,3522,39145,5216,39145,770,67
1611,3522,39146,5216,39146,770,67
1611,3522,39147,5216,39147,770,67
1611,3522,39148,5216,39148,770,67
1611,3522,39149,5216,39149,770,67
1611,3522,39150,5216,39150,770,67
1611,3522,39151,5216,39151,770,67
1611,3522,39152,5216,39152,770,67
1611,3522,39153,5216,39153,770,67
1611,3522,39154,5216,39154,770,67
1611,3522,39155,5216,39155,770,67
1611,3522,39156,5216,39156,770,67
1611,3522,39157,5216,39157,770,67
1611,3522,39158,5216,39158,770,67
1611,3522,39159,5216,39159,770,67
1611,3522,39160,5216,39160,770,67
1611,3522,39161,5216,39161,770,67
1611,3522,39162,5216,39162,770,67
1611,3522,39163,5216,39163,770,67
1611,3522,39164,5216,39164,770,67
1611,3522,39165,5216,39165,770,67
1611,3522,39166,5216,39166,770,67
1611,3522,39167,5216,39167,770,67
1611,3522,39168,5216,39168,770,67
1611,3522,39169,5216,39169,770,67
1611,3522,39170,5216,39170,770,67
1611,3522,39171,5216,39171,770,67
1611,3522,39172,5216,39172,770,67
1611,3522,39173,5216,39173,770,67
1611,3522,39174,5216,39174,770,67
1611,3522,39175,5216,39175,770,67
1611,3522,39176,5216,39176,770,67
1611,3522,39177,5216,39177,770,67
1611,3522,39178,5216,39178,770,67
1611,3522,39179,5216,39179,770,67
1611,3522,39180,5216,39180,770,67
1611,3522,39181,5216,39181,770,67
1611,3522,39182,5216,39182,770,67
1611,3522,39183,5216,39183,770,67
1611,3522,39184,5216,39184,770,67
1611,3522,39185,5216,39185,770,67
1611,3522,39186,5216,39186,770,67
1611,3522,39187,5216,39187,770,67
1611,3522,39188,5216,39188,770,67
1611,3522,39189,5216,39189,770,67
1611,3522,39190,5216,39190,770,67
1611,3522,39191,5216,39191,770,67
1611,3522,39192,5216,39192,770,67
1611,3522,39193,5216,39193,770,67
1611,3522,39194,5216,39194,770,67
1611,3522,39195,5216,39195,770,67
1611,3522,39196,5216,39196,770,67
1611,3522,39197,5216,39197,770,67
1611,3522,39198,5216,39198,770,67
1611,3522,39199,5216,39199,770,67
1611,3522,39200,5216,39200,770,67
1611,3522,39201,5216,39201,770,67
1611,3522,39202,5216,39202,770,67
1611,3522,39203,5216,39203,770,67
1611,3522,39204,5216,39204,770,67
1611,3522,39205,5216,39205,770,67
1611,3522,39206,5216,39206,770,67
1611,3522,39207,5216,39207,770,67
1611,3522,39208,5216,39208,770,67
1611,3522,39209,5216,39209,770,67
1611,3522,39210,5216,39210,770,67
1611,3522,39211,5216,39211,770,67
1611,3522,39212,5216,39212,770,67
1611,3522,39213,5216,39213,770,67
1611,3522,39214,5216,39214,770,67
1611,3522,39215,5216,39215,770,67
1611,3522,39216,5216,39216,770,67
1611,3522,39217,5216,39217,770,67
1611,3522,39218,5216,39218,770,67
1611,3522,39219,5216,39219,770,67
1611,3522,39220,5216,39220,770,67
1611,3522,39221,5216,39221,770,67
1611,3522,39222,5216,39222,770,67
1611,3522,39223,5216,39223,770,67
1611,3522,39224,5216,39224,770,67
1611,3522,39225,5216,39225,770,67
1611,3522,39226,5216,39226,770,67
1611,3522,39227,5216,39227,770,67
1611,3522,39228,5216,39228,770,67
1611,3522,39229,5216,39229,770,67
1611,3522,39230,5216,39230,770,67
1611,3522,39231,5216,39231,770,67
1611,3522,39232,5216,39232,770,67
1611,3522,39233,5216,39233,770,67
1611,3522,39234,5216,39234,770,67
1611,3522,39235,5216,39235,770,67
1611,3522,39236,5216,39236,770,67
1611,3522,39237,5216,39237,770,67
1611,3522,39238,5216,39238,770,67
1611,3522,39239,5216,39239,770,67
1611,3522,39240,5216,39240,770,67
1611,3522,39241,5216,39241,770,67
1611,3522,39242,5216,39242,770,67
1611,3522,39243,5216,39243,770,67
1611,3522,39244,5216,39244,770,67
1611,3522,39245,5216,39245,770,67
1611,3522,39246,5216,39246,770,67
1611,3522,39247,5216,39247,770,67
1611,3522,39248,5216,39248,770,67
1611,3522,39249,5216,39249,770,67
1611,3522,39250,5216,39250,770,67
1611,3522,39251,5216,39251,770,67
1611,3522,39252,5216,39252,770,67
1611,3522,39253,5216,39253,770,67
1611,3522,39254,5216,39254,770,67
1611,3522,39255,5216,39255,770,67
1611,3522,39256,5216,39256,770,67
1611,3522,39257,5216,39257,770,67
1611,3522,39258,5216,39258,770,67
1611,3522,39259,5216,39259,770,67
1611,3522,39260,5216,39260,770,67
1611,3522,39261,5216,39261,770,67
1611,3522,39262,5216,39262,770,67
1611,3522,39263,5216,39263,770,67
1611,3522,39264,5216,39264,770,67
1611,3522,39265,5216,39265,770,67
1611,3522,39266,5216,39266,770,67
1610,3522,39267,5216,39267,770,67
1610,3522,39268,5216,39268,770,67
1610,3522,39269,5216,39269,770,67
1610,3522,39270,5216,39270,770,67
1610,3522,39271,5216,39271,770,67
1610,3522,39272,5216,39272,770,67
1610,3522,39273,5216,39273,770,67
1610,3522,39274,5216,39274,770,67
1610,3522,39275,5216,39275,770,67
1610,3522,39276,5216,39276,770,67
1610,3522,39277,5216,39277,770,67
1610,3522,39278,5216,39278,770,67
1610,3522,39279,5216,39279,770,67
1610,3522,39280,5216,39280,770,67
1610,3522,39281,5216,39281,770,67
1610,3522,39282,5216,39282,770,67
1610,3522,39283,5216,39283,770,67
1610,3522,39284,5216,39284,770,67
1610,3522,39285,5216,39285,770,67
1610,3522,39286,5216,39286,770,67
1610,3522,39287,5216,39287,770,67
1610,3522,39288,5216,39288,770,67
1610,3522,39289,5216,39289,770,67
1610,3522,39290,5216,39290,770,67
1610,3522,39291,5216,39291,770,67
1610,3522,39292,5216,39292,770,67
1610,3522,39293,5216,39293,770,67
1610,3522,39294,5216,39294,770,67
1610,3522,39295,5216,39295,770,67
1610,3522,39296,5216,39296,770,67
1610,3522,39297,5216,39297,770,67
1611,3522,39298,5216,39298,770,67
1611,3522,39299,5216,39299,770,67
1611,3522,39300,5216,39300,770,67
1611,3522,39301,5216,39301,770,67
1611,3522,39302,5216,39302,770,67
1611,3522,39303,5216,39303,770,67
1611,3522,39304,5216,39304,770,67
1611,3522,39305,5216,39305,770,67
1611,3522,39306,5216,39306,770,67
1611,3522,39307,5216,39307,770,67
1611,3522,39308,5216,39308,770,67
1611,3522,39309,5216,39309,770,67
1610,3522,39310,5216,39310,770,67
1610,3522,39311,5216,39311,770,67
1610,3522,39312,5216,39312,770,67
1610,3522,39313,5216,39313,770,67
1610,3522,39314,5216,39314,770,67
1610,3522,39315,5216,39315,770,67
1610,3522,39316,5216,39316,770,67
1610,3522,39317,5216,39317,770,67
1610,3522,39318,5216,39318,770,67
1610,3522,39319,5216,39319,770,67
1610,3522,39320,5216,39320,770,67
1610,3522,39321,5216,39321,770,67
1610,3522,39322,5216,39322,770,67
1610,3522,39323,5216,39323,770,67
1610,3522,39324,5216,39324,770,67
1610,3522,39325,5216,39325,770,67
1610,3522,39326,5216,39326,770,67
1610,3522,39327,5216,39327,770,67
1610,3522,39328,5216,39328,770,67
1610,3522,39329,5216,39329,770,67
1610,3522,39330,5216,39330,770,67
1610,3522,39331,5216,39331,770,67
1610,3522,39332,5216,39332,770,67
1610,3522,39333,5216,39333,770,67
1610,3522,39334,5216,39334,770,67
1610,3522,39335,5216,39335,770,67
1610,3522,39336,5216,39336,770,67
1610,3522,39337,5216,39337,770,67
1610,3522,39338,5216,39338,770,67
1610,3522,39339,5216,39339,770,67
1610,3522,39340,5216,39340,770,67
1610,3522,39341,5216,39341,770,67
1610,3522,39342,5216,39342,770,67
1610,3522,39343,5216,39343,770,67
1610,3522,39344,5216,39344,770,67
1610,3522,39345,5216,39345,770,67
1610,3522,39346,5216,39346,770,67
1610,3522,39347,5216,39347,770,67
1610,3522,39348,5216,39348,770,67
1610,3522,39349,5216,39349,770,67
1610,3522,39350,5216,39350,770,67
1610,3522,39351,5216,39351,770,67
1610,3522,39352,5216,39352,770,67
1610,3522,39353,5216,39353,770,67
1610,3522,39354,5216,39354,770,67
1610,3522,39355,5216,39355,770,67
1610,3522,39356,5216,39356,770,67
1610,3522,39357,5216,39357,770,67
1610,3522,39358,5216,39358,770,67
1610,3522,39359,5216,39359,770,67
1610,3522,39360,5216,39360,770,67
1610,3522,39361,5216,39361,770,67
1610,3522,39362,5216,39362,770,67
1610,3522,39363,5216,39363,770,67
1610,3522,39364,5216,39364,770,67
1610,3522,39365,5216,39365,770,67
1610,3522,39366,5216,39366,770,67
1610,3522,39367,5216,39367,770,67
1610,3522,39368,5216,39368,770,67
1610,3522,39369,5216,39369,770,67
1610,3522,39370,5216,39370,770,67
1610,3522,39371,5216,39371,770,67
1610,3522,39372,5216,39372,770,67
1610,3522,39373,5216,39373,770,67
1610,3522,39374,5216,39374,770,67
1610,3522,39375,5216,39375,770,67
1610,3522,39376,5216,39376,770,67
1610,3522,39377,5216,39377,770,67
1610,3522,39378,5216,39378,770,67
1610,3522,39379,5216,39379,770,67
1610,3522,39380,5216,39380,770,67
1610,3522,39381,5216,39381,770,67
1610,3522,39382,5216,39382,770,67
1610,3522,39383,5216,39383,770,67
1610,3522,39384,5216,39384,770,67
1610,3522,39385,5216,39385,770,67
1610,3522,39386,5216,39386,770,67
1610,3522,39387,5216,39387,770,67
1610,3522,39388,5216,39388,770,67
1610,3522,39389,5216,39389,770,67
1610,3522,39390,5216,39390,770,67
1610,3522,39391,5216,39391,770,67
1610,3522,39392,5216,39392,770,67
1610,3522,39393,5216,39393,770,67
1610,3522,39394,5216,39394,770,67
1610,3522,39395,5216,39395,770,67
1610,3522,39396,5216,39396,770,67
1610,3522,39397,5216,39397,770,67
1610,3522,39398,5216,39398,770,67
1610,3522,39399,5216,39399,770,67
1610,3522,39400,5216,39400,770,67
1610,3522,39401,5216,39401,770,67
1610,3522,39402,5216,39402,770,67
1610,3522,39403,5216,39403,770,67
1610,3522,39404,5216,39404,770,67
1610,3522,39405,5216,39405,770,67
1610,3522,39406,5216,39406,770,67
1610,3522,39407,5216,39407,770,67
1610,3522,39408,5216,39408,770,67
1610,3522,39409,5216,39409,770,67
1610,3522,39410,5216,39410,770,67
1610,3522,39411,5216,39411,770,67
1610,3522,39412,5216,39412,770,67
1610,3522,39413,5216,39413,770,67
1610,3522,39414,5216,39414,770,67
1610,3522,39415,5216,39415,770,67
1610,3522,39416,5216,39416,770,67
1610,3522,39417,5216,39417,770,67
1610,3522,39418,5216,39418,770,67
1610,3522,39419,5216,39419,770,67
1610,3522,39420,5216,39420,770,67
1610,3522,39421,5216,39421,770,67
1610,3522,39422,5216,39422,770,67
1610,3522,39423,5216,39423,770,67
1610,3522,39424,5216,39424,770,67
1610,3522,39425,5216,39425,770,67
1610,3522,39426,5216,39426,770,67
1610,3522,39427,5216,39427,770,67
1610,3522,39428,5216,39428,770,67
1610,3522,39429,5216,39429,770,67
1610,3522,39430,5216,39430,770,67
1610,3522,39431,5216,39431,770,67
1610,3522,39432,5216,39432,770,67
1610,3522,39433,5216,39433,770,67
1610,3522,39434,5216,39434,770,67
1610,3522,39435,5216,39435,770,67
1610,3522,39436,5216,39436,770,67
1610,3522,39437,5216,39437,770,67
1610,3522,39438,5216,39438,770,67
1610,3522,39439,5216,39439,770,67
1610,3522,39440,5216,39440,770,67
1610,3522,39441,5216,39441,770,67
1610,3522,39442,5216,39442,770,67
1610,3522,39443,5216,39443,770,67
1610,3522,39444,5216,39444,770,67
1610,3522,39445,5216,39445,770,67
1610,3522,39446,5216,39446,770,67
1610,3522,39447,5216,39447,770,67
1610,3522,39448,5216,39448,770,67
1610,3522,39449,5216,39449,770,67
1610,3522,39450,5216,39450,770,67
1610,3522,39451,5216,39451,770,67
1610,3522,39452,5216,39452,770,67
1610,3522,39453,5216,39453,770,67
1610,3522,39454,5216,39454,770,67
1610,3522,39455,5216,39455,770,67
1610,3522,39456,5216,39456,770,67
1610,3522,39457,5216,39457,770,67
1610,3522,39458,5216,39458,770,67
1610,3522,39459,5216,39459,770,67
1610,3522,39460,5216,39460,770,67
1610,3522,39461,5216,39461,770,67
1610,3522,39462,5216,39462,770,67
1610,3522,39463,5216,39463,770,67
1610,3522,39464,5216,39464,770,67
1610,3522,39465,5216,39465,770,67
1610,3522,39466,5216,39466,770,67
1610,3522,39467,5216,39467,770,67
1610,3522,39468,5216,39468,770,67
1610,3522,39469,5216,39469,770,67
1610,3522,39470,5216,39470,770,67
1610,3522,39471,5216,39471,770,67
1610,3522,39472,5216,39472,770,67
1610,3522,39473,5216,39473,770,67
1610,3522,39474,5216,39474,770,67
1610,3522,39475,5216,39475,770,67
1610,3522,39476,5216,39476,770,67
1610,3522,39477,5216,39477,770,67
1610,3522,39478,5216,39478,770,67
1610,3522,39479,5216,39479,770,67
1610,3522,39480,5216,39480,770,67
1610,3522,39481,5216,39481,770,67
1610,3522,39482,5216,39482,770,67
1610,3522,39483,5216,39483,770,67
1610,3522,39484,5216,39484,770,67
1610,3522,39485,5216,39485,770,67
1610,3522,39486,5216,39486,770,67
1610,3522,39487,5216,39487,770,67
1610,3522,39488,5216,39488,770,67
1610,3522,39489,5216,39489,770,67
1610,3522,39490,5216,39490,770,67
1610,3522,39491,5216,39491,770,67
1610,3522,39492,5216,39492,770,67
1610,3522,39493,5216,39493,770,67
1610,3522,39494,5216,39494,770,67
1610,3522,39495,5216,39495,770,67
1610,3522,39496,5216,39496,770,67
1610,3522,39497,5216,39497,770,67
1610,3522,39498,5216,39498,770,67
1610,3522,39499,5216,39499,770,67
1610,3522,39500,5216,39500,770,67
1610,3522,39501,5216,39501,770,67
1610,3522,39502,5216,39502,770,67
1610,3522,39503,5216,39503,770,67
1610,3522,39504,5216,39504,770,67
1610,3522,39505,5216,39505,770,67
1610,3522,39506,5216,39506,770,67
1610,3522,39507,5216,39507,770,67
1610,3522,39508,5216,39508,770,67
1610,3522,39509,5216,39509,770,67
1610,3522,39510,5216,39510,770,67
1610,3522,39511,5216,39511,770,67
1610,3522,39512,5216,39512,770,67
1610,3522,39513,5216,39513,770,67
1610,3522,39514,5216,39514,770,67
1610,3522,39515,5216,39515,770,67
1610,3522,39516,5216,39516,770,67
1610,3522,39517,5216,39517,770,67
1610,3522,39518,5216,39518,770,67
1610,3522,39519,5216,39519,770,67
1610,3522,39520,5216,39520,770,67
1610,3522,39521,5216,39521,770,67
1610,3522,39522,5216,39522,770,67
1610,3522,39523,5216,39523,770,67
1610,3522,39524,5216,39524,770,67
1610,3522,39525,5216,39525,770,67
1610,3522,39526,5216,39526,770,67
1610,3522,39527,5216,39527,770,67
1610,3522,39528,5216,39528,770,67
1610,3522,39529,5216,39529,770,67
1610,3522,39530,5216,39530,770,67
1610,3522,39531,5216,39531,770,67
1610,3522,39532,5216,39532,770,67
1610,3522,39533,5216,39533,770,67
1610,3522,39534,5216,39534,770,67
1610,3522,39535,5216,39535,770,67
1610,3522,39536,5216,39536,770,67
1610,3522,39537,5216,39537,770,67
1610,3522,39538,5216,39538,770,67
1610,3522,39539,5216,39539,770,67
1610,3522,39540,5216,39540,770,67
1609,3522,39541,5216,39541,770,67
1609,3522,39542,5216,39542,770,67
1609,3522,39543,5216,39543,770,67
1609,3522,39544,5216,39544,770,67
1609,3522,39545,5216,39545,770,67
1609,3522,39546,5216,39546,770,67
1609,3522,39547,5216,39547,770,67
1609,3522,39548,5216,39548,770,67
1609,3522,39549,5216,39549,770,67
1609,3522,39550,5216,39550,770,67
1609,3522,39551,5216,39551,770,67
1609,3522,39552,5216,39552,770,67
1609,3522,39553,5216,39553,770,67
1609,3522,39554,5216,39554,770,67
1609,3522,39555,5216,39555,770,67
1609,3522,39556,5216,39556,770,67
1609,3522,39557,5216,39557,770,67
1609,3522,39558,5216,39558,770,67
1609,3522,39559,5216,39559,770,67
1609,3522,39560,5216,39560,770,67
1609,3522,39561,5216,39561,770,67
1609,3522,39562,5216,39562,770,67
1609,3522,39563,5216,39563,770,67
1609,3522,39564,5216,39564,770,67
1609,3522,39565,5216,39565,770,67
1609,3522,39566,5216,39566,770,67
1609,3522,39567,5216,39567,770,67
1609,3522,39568,5216,39568,770,67
1609,3522,39569,5216,39569,770,67
1609,3522,39570,5216,39570,770,67
1609,3522,39571,5216,39571,770,67
1609,3522,39572,5216,39572,770,67
1609,3522,39573,5216,39573,770,67
1609,3522,39574,5216,39574,770,67
1609,3522,39575,5216,39575,770,67
1609,3522,39576,5216,39576,770,67
1609,3522,39577,5216,39577,770,67
1609,3522,39578,5216,39578,770,67
1609,3522,39579,5216,39579,770,67
1609,3522,39580,5216,39580,770,67
1609,3522,39581,5216,39581,770,67
1609,3522,39582,5216,39582,770,67
1609,3522,39583,5216,39583,770,67
1609,3522,39584,5216,39584,770,67
1609,3522,39585,5216,39585,770,67
1609,3522,39586,5216,39586,770,67
1609,3522,39587,5216,39587,770,67
1609,3522,39588,5216,39588,770,67
1609,3522,39589,5216,39589,770,67
1609,3522,39590,5216,39590,770,67
1609,3522,39591,5216,39591,770,67
1609,3522,39592,5216,39592,770,67
1609,3522,39593,5216,39593,770,67
1609,3522,39594,5216,39594,770,67
1609,3522,39595,5216,39595,770,67
1609,3522,39596,5216,39596,770,67
1609,3522,39597,5216,39597,770,67
1609,3522,39598,5216,39598,770,67
1609,3522,39599,5216,39599,770,67
1609,3522,39600,5216,39600,770,67
1609,3522,39601,5216,39601,770,67
1609,3522,39602,5216,39602,770,67
1609,3522,39603,5216,39603,770,67
1609,3522,39604,5216,39604,770,67
1609,3522,39605,5216,39605,770,67
1609,3522,39606,5216,39606,770,67
1609,3522,39607,5216,39607,770,67
1609,3522,39608,5216,39608,770,67
1609,3522,39609,5216,39609,770,67
1609,3522,39610,5216,39610,770,67
1609,3522,39611,5216,39611,770,67
1609,3522,39612,5216,39612,770,67
1609,3522,39613,5216,39613,770,67
1609,3522,39614,5216,39614,770,67
1609,3522,39615,5216,39615,770,67
1609,3522,39616,5216,39616,770,67
1609,3522,39617,5216,39617,770,67
1609,3522,39618,5216,39618,770,67
1609,3522,39619,5216,39619,770,67
1609,3522,39620,5216,39620,770,67
1609,3522,39621,5216,39621,770,67
1609,3522,39622,5216,39622,770,67
1609,3522,39623,5216,39623,770,67
1609,3522,39624,5216,39624,770,67
1609,3522,39625,5216,39625,770,67
1609,3522,39626,5216,39626,770,67
1609,3522,39627,5216,39627,770,67
1609,3522,39628,5216,39628,770,67
1609,3522,39629,5216,39629,770,67
1609,3522,39630,5216,39630,770,67
1609,3522,39631,5216,39631,770,67
1609,3522,39632,5216,39632,770,67
1609,3522,39633,5216,39633,770,67
1609,3522,39634,5216,39634,770,67
1609,3522,39635,5216,39635,770,67
1609,3522,39636,5216,39636,770,67
1609,3522,39637,5216,39637,770,67
1609,3522,39638,5216,39638,770,67
1609,3522,39639,5216,39639,770,67
1609,3522,39640,5216,39640,770,67
1609,3522,39641,5216,39641,770,67
1609,3522,39642,5216,39642,770,67
1609,3522,39643,5216,39643,770,67
1609,3522,39644,5216,39644,770,67
1609,3522,39645,5216,39645,770,67
1609,3522,39646,5216,39646,770,67
1609,3522,39647,5216,39647,770,67
1609,3522,39648,5216,39648,770,67
1609,3522,39649,5216,39649,770,67
1609,3522,39650,5216,39650,770,67
1609,3522,39651,5216,39651,770,67
1609,3522,39652,5216,39652,770,67
1609,3522,39653,5216,39653,770,67
1609,3522,39654,5216,39654,770,67
1609,3522,39655,5216,39655,770,67
1609,3522,39656,5216,39656,770,67
1609,3522,39657,5216,39657,770,67
1609,3522,39658,5216,39658,770,67
1609,3522,39659,5216,39659,770,67
1609,3522,39660,5216,39660,770,67
1609,3522,39661,5216,39661,770,67
1609,3522,39662,5216,39662,770,67
1609,3522,39663,5216,39663,770,67
1609,3522,39664,5216,39664,770,67
1608,3522,39665,5216,39665,770,67
1608,3522,39666,5216,39666,770,67
1608,3522,39667,5216,39667,770,67
1608,3522,39668,5216,39668,770,67
1608,3522,39669,5216,39669,770,67
1608,3522,39670,5216,39670,770,67
1608,3522,39671,5216,39671,770,67
1608,3522,39672,5216,39672,770,67
1608,3522,39673,5216,39673,770,67
1608,3522,39674,5216,39674,770,67
1608,3522,39675,5216,39675,770,67
1608,3522,39676,5216,39676,770,67
1608,3522,39677,5216,39677,770,67
1608,3522,39678,5216,39678,770,67
1608,3522,39679,5216,39679,770,67
1608,3522,39680,5216,39680,770,67
1608,3522,39681,5216,39681,770,67
1608,3522,39682,5216,39682,770,67
1608,3522,39683,5216,39683,770,67
1608,3522,39684,5216,39684,770,67
1608,3522,39685,5216,39685,770,67
1608,3522,39686,5216,39686,770,67
1608,3522,39687,5216,39687,770,67
1608,3522,39688,5216,39688,770,67
1608,3522,39689,5216,39689,770,67
1608,3522,39690,5216,39690,770,67
1608,3522,39691,5216,39691,770,67
1608,3522,39692,5216,39692,770,67
1608,3522,39693,5216,39693,770,67
1608,3522,39694,5216,39694,770,67
1608,3522,39695,5216,39695,770,67
1608,3522,39696,5216,39696,770,67
1608,3522,39697,5216,39697,770,67
1607,3522,39698,5216,39698,770,67
1607,3522,39699,5216,39699,770,67
1607,3522,39700,5216,39700,770,67
1607,3522,39701,5216,39701,770,67
1607,3522,39702,5216,39702,770,67
1607,3522,39703,5216,39703,770,67
1607,3522,39704,5216,39704,770,67
1607,3522,39705,5216,39705,770,67
1607,3522,39706,5216,39706,770,67
1607,3522,39707,5216,39707,770,67
1607,3522,39708,5216,39708,770,67
1607,3522,39709,5216,39709,770,67
1607,3522,39710,5216,39710,770,67
1607,3522,39711,5216,39711,770,67
1607,3522,39712,5216,39712,770,67
1606,3522,39713,5216,39713,770,67
1606,3522,39714,5216,39714,770,67
1606,3522,39715,5216,39715,770,67
1606,3522,39716,5216,39716,770,67
1606,3522,39717,5216,39717,770,67
1606,3522,39718,5216,39718,770,67
1606,3522,39719,5216,39719,770,67
1606,3522,39720,5216,39720,770,67
1606,3522,39721,5216,39721,770,67
1606,3522,39722,5216,39722,770,67
1606,3522,39723,5216,39723,770,67
1606,3522,39724,5216,39724,770,67
1606,3522,39725,5216,39725,770,67
1606,3522,39726,5216,39726,770,67
1606,3522,39727,5216,39727,770,67
1606,3522,39728,5216,39728,770,67
1606,3522,39729,5216,39729,770,67
1606,3522,39730,5216,39730,770,67
1606,3522,39731,5216,39731,770,67
1606,3522,39732,5216,39732,770,67
1606,3522,39733,5216,39733,770,67
1606,3522,39734,5216,39734,770,67
1606,3522,39735,5216,39735,770,67
1606,3522,39736,5216,39736,770,67
1606,3522,39737,5216,39737,770,67
1606,3522,39738,5216,39738,770,67
1606,3522,39739,5216,39739,770,67
1606,3522,39740,5216,39740,770,67
1606,3522,39741,5216,39741,770,67
1606,3522,39742,5216,39742,770,67
1606,3522,39743,5216,39743,770,67
1606,3522,39744,5216,39744,770,67
1606,3522,39745,5216,39745,770,67
1606,3522,39746,5216,39746,770,67
1606,3522,39747,5216,39747,770,67
1606,3522,39748,5216,39748,770,67
1606,3522,39749,5216,39749,770,67
1606,3522,39750,5216,39750,770,67
1606,3522,39751,5216,39751,770,67
1606,3522,39752,5216,39752,770,67
1606,3522,39753,5216,39753,770,67
1606,3522,39754,5216,39754,770,67
1606,3522,39755,5216,39755,770,67
1606,3522,39756,5216,39756,770,67
1606,3522,39757,5216,39757,770,67
1606,3522,39758,5216,39758,770,67
1606,3522,39759,5216,39759,770,67
1606,3522,39760,5216,39760,770,67
1606,3522,39761,5216,39761,770,67
1606,3522,39762,5216,39762,770,67
1606,3522,39763,5216,39763,770,67
1606,3522,39764,5216,39764,770,67
1606,3522,39765,5216,39765,770,67
1606,3522,39766,5216,39766,770,67
1606,3522,39767,5216,39767,770,67
1606,3522,39768,5216,39768,770,67
1606,3522,39769,5216,39769,770,67
1606,3522,39770,5216,39770,770,67
1606,3522,39771,5216,39771,770,67
1606,3522,39772,5216,39772,770,67
1606,3522,39773,5216,39773,770,67
1606,3522,39774,5216,39774,770,67
1606,3522,39775,5216,39775,770,67
1606,3522,39776,5216,39776,770,67
1606,3522,39777,5216,39777,770,67
1606,3522,39778,5216,39778,770,67
1606,3522,39779,5216,39779,770,67
1606,3522,39780,5216,39780,770,67
1606,3522,39781,5216,39781,770,67
1606,3522,39782,5216,39782,770,67
1606,3522,39783,5216,39783,770,67
1606,3522,39784,5216,39784,770,67
1606,3522,39785,5216,39785,770,67
1606,3522,39786,5216,39786,770,67
1606,3522,39787,5216,39787,770,67
1606,3522,39788,5216,39788,770,67
1606,3522,39789,5216,39789,770,67
1606,3522,39790,5216,39790,770,67
1606,3522,39791,5216,39791,770,67
1606,3522,39792,5216,39792,770,67
1606,3522,39793,5216,39793,770,67
1606,3522,39794,5216,39794,770,67
1606,3522,39795,5216,39795,770,67
1606,3522,39796,5216,39796,770,67
1606,3522,39797,5216,39797,770,67
1606,3522,39798,5216,39798,770,67
1606,3522,39799,5216,39799,770,67
1606,3522,39800,5216,39800,770,67
1606,3522,39801,5216,39801,770,67
1606,3522,39802,5216,39802,770,67
1606,3522,39803,5216,39803,770,67
1606,3522,39804,5216,39804,770,67
1606,3522,39805,5216,39805,770,67
1606,3522,39806,5216,39806,770,67
1606,3522,39807,5216,39807,770,67
1606,3522,39808,5216,39808,770,67
1606,3522,39809,5216,39809,770,67
1606,3522,39810,5216,39810,770,67
1606,3522,39811,5216,39811,770,67
1606,3522,39812,5216,39812,770,67
1606,3522,39813,5216,39813,770,67
1606,3522,39814,5216,39814,770,67
1606,3522,39815,5216,39815,770,67
1606,3522,39816,5216,39816,770,67
1606,3522,39817,5216,39817,770,67
1606,3522,39818,5216,39818,770,67
1606,3522,39819,5216,39819,770,67
1606,3522,39820,5216,39820,770,67
1606,3522,39821,5216,39821,770,67
1606,3522,39822,5216,39822,770,67
1606,3522,39823,5216,39823,770,67
1606,3522,39824,5216,39824,770,67
1606,3522,39825,5216,39825,770,67
1606,3522,39826,5216,39826,770,67
1606,3522,39827,5216,39827,770,67
1606,3522,39828,5216,39828,770,67
1606,3522,39829,5216,39829,770,67
1606,3522,39830,5216,39830,770,67
1606,3522,39831,5216,39831,770,67
1606,3522,39832,5216,39832,770,67
1606,3522,39833,5216,39833,770,67
1606,3522,39834,5216,39834,770,67
1606,3522,39835,5216,39835,770,67
1606,3522,39836,5216,39836,770,67
1606,3522,39837,5216,39837,770,67
1606,3522,39838,5216,39838,770,67
1606,3522,39839,5216,39839,770,67
1606,3522,39840,5216,39840,770,67
1606,3522,39841,5216,39841,770,67
1606,3522,39842,5216,39842,770,67
1606,3522,39843,5216,39843,770,67
1606,3522,39844,5216,39844,770,67
1606,3522,39845,5216,39845,770,67
1606,3522,39846,5216,39846,770,67
1606,3522,39847,5216,39847,770,67
1606,3522,39848,5216,39848,770,67
1606,3522,39849,5216,39849,770,67
1606,3522,39850,5216,39850,770,67
1606,3522,39851,5216,39851,770,67
1606,3522,39852,5216,39852,770,67
1606,3522,39853,5216,39853,770,67
1606,3522,39854,5216,39854,770,67
1606,3522,39855,5216,39855,770,67
1606,3522,39856,5216,39856,770,67
1606,3522,39857,5216,39857,770,67
1606,3522,39858,5216,39858,770,67
1606,3522,39859,5216,39859,770,67
1606,3522,39860,5216,39860,770,67
1606,3522,39861,5216,39861,770,67
1606,3522,39862,5216,39862,770,67
1606,3522,39863,5216,39863,770,67
1606,3522,39864,5216,39864,770,67
1606,3522,39865,5216,39865,770,67
1606,3522,39866,5216,39866,770,67
1606,3522,39867,5216,39867,770,67
1606,3522,39868,5216,39868,770,67
1606,3522,39869,5216,39869,770,67
1606,3522,39870,5216,39870,770,67
1606,3522,39871,5216,39871,770,67
1606,3522,39872,5216,39872,770,67
1606,3522,39873,5216,39873,770,67
1606,3522,39874,5216,39874,770,67
1606,3522,39875,5216,39875,770,67
1606,3522,39876,5216,39876,770,67
1606,3522,39877,5216,39877,770,67
1606,3522,39878,5216,39878,770,67
1606,3522,39879,5216,39879,770,67
1606,3522,39880,5216,39880,770,67
1606,3522,39881,5216,39881,770,67
1606,3522,39882,5216,39882,770,67
1606,3522,39883,5216,39883,770,67
1606,3522,39884,5216,39884,770,67
1606,3522,39885,5216,39885,770,67
1606,3522,39886,5216,39886,770,67
1606,3522,39887,5216,39887,770,67
1606,3522,39888,5216,39888,770,67
1606,3522,39889,5216,39889,770,67
1606,3522,39890,5216,39890,770,67
1606,3522,39891,5216,39891,770,67
1606,3522,39892,5216,39892,770,67
1606,3522,39893,5216,39893,770,67
1606,3522,39894,5216,39894,770,67
1606,3522,39895,5216,39895,770,67
1606,3522,39896,5216,39896,770,67
1606,3522,39897,5216,39897,770,67
1606,3522,39898,5216,39898,770,67
1606,3522,39899,5216,39899,770,67
1606,3522,39900,5216,39900,770,67
1606,3522,39901,5216,39901,770,67
1606,3522,39902,5216,39902,770,67
1606,3522,39903,5216,39903,770,67
1606,3522,39904,5216,39904,770,67
1606,3522,39905,5216,39905,770,67
1606,3522,39906,5216,39906,770,67
1606,3522,39907,5216,39907,770,67
1606,3522,39908,5216,39908,770,67
1606,3522,39909,5216,39909,770,67
1606,3522,39910,5216,39910,770,67
1606,3522,39911,5216,39911,770,67
1606,3522,39912,5216,39912,770,67
1606,3522,39913,5216,39913,770,67
1606,3522,39914,5216,39914,770,67
1606,3522,39915,5216,39915,770,67
1606,3522,39916,5216,39916,770,67
1606,3522,39917,5216,39917,770,67
1606,3522,39918,5216,39918,770,67
1606,3522,39919,5216,39919,770,67
1606,3522,39920,5216,39920,770,67
1606,3522,39921,5216,39921,770,67
1606,3522,39922,5216,39922,770,67
1606,3522,39923,5216,39923,770,67
1606,3522,39924,5216,39924,770,67
1606,3522,39925,5216,39925,770,67
1606,3522,39926,5216,39926,770,67
1606,3522,39927,5216,39927,770,67
1606,3522,39928,5216,39928,770,67
1606,3522,39929,5216,39929,770,67
1606,3522,39930,5216,39930,770,67
1606,3522,39931,5216,39931,770,67
1606,3522,39932,5216,39932,770,67
1606,3522,39933,5216,39933,770,67
1606,3522,39934,5216,39934,770,67
1606,3522,39935,5216,39935,770,67
1606,3522,39936,5216,39936,770,67
1606,3522,39937,5216,39937,770,67
1606,3522,39938,5216,39938,770,67
1606,3522,39939,5216,39939,770,67
1606,3522,39940,5216,39940,770,67
1606,3522,39941,5216,39941,770,67
1606,3522,39942,5216,39942,770,67
1606,3522,39943,5216,39943,770,67
1606,3522,39944,5216,39944,770,67
1606,3522,39945,5216,39945,770,67
1606,3522,39946,5216,39946,770,67
1606,3522,39947,5216,39947,770,67
1606,3522,39948,5216,39948,770,67
1606,3522,39949,5216,39949,770,67
1606,3522,39950,5216,39950,770,67
1606,3522,39951,5216,39951,770,67
1606,3522,39952,5216,39952,770,67
1606,3522,39953,5216,39953,770,67
1606,3522,39954,5216,39954,770,67
1606,3522,39955,5216,39955,770,67
1606,3522,39956,5216,39956,770,67
1606,3522,39957,5216,39957,770,67
1606,3522,39958,5216,39958,770,67
1606,3522,39959,5216,39959,770,67
1606,3522,39960,5216,39960,770,67
1606,3522,39961,5216,39961,770,67
1606,3522,39962,5216,39962,770,67
1606,3522,39963,5216,39963,770,67
1606,3522,39964,5216,39964,770,67
1606,3522,39965,5216,39965,770,67
1606,3522,39966,5216,39966,770,67
1606,3522,39967,5216,39967,770,67
1606,3522,39968,5216,39968,770,67
1606,3522,39969,5216,39969,770,67
1606,3522,39970,5216,39970,770,67
1606,3522,39971,5216,39971,770,67
1606,3522,39972,5216,39972,770,67
1606,3522,39973,5216,39973,770,67
1606,3522,39974,5216,39974,770,67
1606,3522,39975,5216,39975,770,67
1606,3522,39976,5216,39976,770,67
1606,3522,39977,5216,39977,770,67
1606,3522,39978,5216,39978,770,67
1606,3522,39979,5216,39979,770,67
1606,3522,39980,5216,39980,770,67
1606,3522,39981,5216,39981,770,67
1606,3522,39982,5216,39982,770,67
1606,3522,39983,5216,39983,770,67
1606,3522,39984,5216,39984,770,67
1606,3522,39985,5216,39985,770,67
1606,3522,39986,5216,39986,770,67
1606,3522,39987,5216,39987,770,67
1606,3522,39988,5216,39988,770,67
1606,3522,39989,5216,39989,770,67
1606,3522,39990,5216,39990,770,67
1606,3522,39991,5216,39991,770,67
1606,3522,39992,5216,39992,770,67
1606,3522,39993,5216,39993,770,67
1606,3522,39994,5216,39994,770,67
1606,3522,39995,5216,39995,770,67
1606,3522,39996,5216,39996,770,67
1606,3522,39997,5216,39997,770,67
1606,3522,39998,5216,39998,770,67
1606,3522,39999,5216,39999,770,67
1606,3522,40000,5216,40000,770,67
1606,3522,40001,5216,40001,770,67
1606,3522,40002,5216,40002,770,67
1606,3522,40003,5216,40003,770,67
1606,3522,40004,5216,40004,770,67
1606,3522,40005,5216,40005,770,67
1606,3522,40006,5216,40006,770,67
1606,3522,40007,5216,40007,770,67
1606,3522,40008,5216,40008,770,67
1606,3522,40009,5216,40009,770,67
1606,3522,40010,5216,40010,770,67
1606,3522,40011,5216,40011,770,67
1606,3522,40012,5216,40012,770,67
1606,3522,40013,5216,40013,770,67
1606,3522,40014,5216,40014,770,67
1606,3522,40015,5216,40015,770,67
1606,3522,40016,5216,40016,770,67
1606,3522,40017,5216,40017,770,67
1606,3522,40018,5216,40018,770,67
1606,3522,40019,5216,40019,770,67
1606,3522,40020,5216,40020,770,67
1606,3522,40021,5216,40021,770,67
1606,3522,40022,5216,40022,770,67
1606,3522,40023,5216,40023,770,67
1606,3522,40024,5216,40024,770,67
1606,3522,40025,5216,40025,770,67
1606,3522,40026,5216,40026,770,67
1606,3522,40027,5216,40027,770,67
1606,3522,40028,5216,40028,770,67
1606,3522,40029,5216,40029,770,67
1606,3522,40030,5216,40030,770,67
1606,3522,40031,5216,40031,770,67
1606,3522,40032,5216,40032,770,67
1606,3522,40033,5216,40033,770,67
1606,3522,40034,5216,40034,770,67
1606,3522,40035,5216,40035,770,67
1606,3522,40036,5216,40036,770,67
1606,3522,40037,5216,40037,770,67
1606,3522,40038,5216,40038,770,67
1606,3522,40039,5216,40039,770,67
1606,3522,40040,5216,40040,770,67
1606,3522,40041,5216,40041,770,67
1606,3522,40042,5216,40042,770,67
1606,3522,40043,5216,40043,770,67
1606,3522,40044,5216,40044,770,67
1606,3522,40045,5216,40045,770,67
1606,3522,40046,5216,40046,770,67
1606,3522,40047,5216,40047,770,67
1606,3522,40048,5216,40048,770,67
1606,3522,40049,5216,40049,770,67
1606,3522,40050,5216,40050,770,67
1606,3522,40051,5216,40051,770,67
1606,3522,40052,5216,40052,770,67
1606,3522,40053,5216,40053,770,67
1606,3522,40054,5216,40054,770,67
1606,3522,40055,5216,40055,770,67
1606,3522,40056,5216,40056,770,67
1606,3522,40057,5216,40057,770,67
1606,3522,40058,5216,40058,770,67
1606,3522,40059,5216,40059,770,67
1606,3522,40060,5216,40060,770,67
1606,3522,40061,5216,40061,770,67
1606,3522,40062,5216,40062,770,67
1606,3522,40063,5216,40063,770,67
1606,3522,40064,5216,40064,770,67
1606,3522,40065,5216,40065,770,67
1606,3522,40066,5216,40066,770,67
1606,3522,40067,5216,40067,770,67
1606,3522,40068,5216,40068,770,67
1606,3522,40069,5216,40069,770,67
1606,3522,40070,5216,40070,770,67
1606,3522,40071,5216,40071,770,67
1606,3522,40072,5216,40072,770,67
1606,3522,40073,5216,40073,770,67
1606,3522,40074,5216,40074,770,67
1606,3522,40075,5216,40075,770,67
1606,3522,40076,5216,40076,770,67
1606,3522,40077,5216,40077,770,67
1606,3522,40078,5216,40078,770,67
1606,3522,40079,5216,40079,770,67
1606,3522,40080,5216,40080,770,67
1606,3522,40081,5216,40081,770,67
1606,3522,40082,5216,40082,770,67
1606,3522,40083,5216,40083,770,67
1606,3522,40084,5216,40084,770,67
1606,3522,40085,5216,40085,770,67
1606,3522,40086,5216,40086,770,67
1606,3522,40087,5216,40087,770,67
1606,3522,40088,5216,40088,770,67
1606,3522,40089,5216,40089,770,67
1606,3522,40090,5216,40090,770,67
1606,3522,40091,5216,40091,770,67
1606,3522,40092,5216,40092,770,67
1606,3522,40093,5216,40093,770,67
1606,3522,40094,5216,40094,770,67
1606,3522,40095,5216,40095,770,67
1606,3522,40096,5216,40096,770,67
1606,3522,40097,5216,40097,770,67
1606,3522,40098,5216,40098,770,67
1606,3522,40099,5216,40099,770,67
1606,3522,40100,5216,40100,770,67
1606,3522,40101,5216,40101,770,67
1606,3522,40102,5216,40102,770,67
1606,3522,40103,5216,40103,770,67
1606,3522,40104,5216,40104,770,67
1606,3522,40105,5216,40105,770,67
1606,3522,40106,5216,40106,770,67
1606,3522,40107,5216,40107,770,67
1606,3522,40108,5216,40108,770,67
1606,3522,40109,5216,40109,770,67
1606,3522,40110,5216,40110,770,67
1606,3522,40111,5216,40111,770,67
1606,3522,40112,5216,40112,770,67
1606,3522,40113,5216,40113,770,67
1606,3522,40114,5216,40114,770,67
1606,3522,40115,5216,40115,770,67
1606,3522,40116,5216,40116,770,67
1606,3522,40117,5216,40117,770,67
1606,3522,40118,5216,40118,770,67
1606,3522,40119,5216,40119,770,67
1606,3522,40120,5216,40120,770,67
1606,3522,40121,5216,40121,770,67
1606,3522,40122,5216,40122,770,67
1606,3522,40123,5216,40123,770,67
1606,3522,40124,5216,40124,770,67
1606,3522,40125,5216,40125,770,67
1606,3522,40126,5216,40126,770,67
1606,3522,40127,5216,40127,770,67
1606,3522,40128,5216,40128,770,67
1606,3522,40129,5216,40129,770,67
1606,3522,40130,5216,40130,770,67
1606,3522,40131,5216,40131,770,67
1606,3522,40132,5216,40132,770,67
1606,3522,40133,5216,40133,770,67
1606,3522,40134,5216,40134,770,67
1606,3522,40135,5216,40135,770,67
1606,3522,40136,5216,40136,770,67
1606,3522,40137,5216,40137,770,67
1606,3522,40138,5216,40138,770,67
1606,3522,40139,5216,40139,770,67
1606,3522,40140,5216,40140,770,67
1606,3522,40141,5216,40141,770,67
1606,3522,40142,5216,40142,770,67
1606,3522,40143,5216,40143,770,67
1606,3522,40144,5216,40144,770,67
1606,3522,40145,5216,40145,770,67
1606,3522,40146,5216,40146,770,67
1606,3522,40147,5216,40147,770,67
1606,3522,40148,5216,40148,770,67
1606,3522,40149,5216,40149,770,67
1606,3522,40150,5216,40150,770,67
1606,3522,40151,5216,40151,770,67
1606,3522,40152,5216,40152,770,67
1606,3522,40153,5216,40153,770,67
1606,3522,40154,5216,40154,770,67
1606,3522,40155,5216,40155,770,67
1606,3522,40156,5216,40156,770,67
1606,3522,40157,5216,40157,770,67
1606,3522,40158,5216,40158,770,67
1606,3522,40159,5216,40159,770,67
1606,3522,40160,5216,40160,770,67
1606,3522,40161,5216,40161,770,67
1606,3522,40162,5216,40162,770,67
1606,3522,40163,5216,40163,770,67
1606,3522,40164,5216,40164,770,67
1606,3522,40165,5216,40165,770,67
1606,3522,40166,5216,40166,770,67
1606,3522,40167,5216,40167,770,67
1606,3522,40168,5216,40168,770,67
1606,3522,40169,5216,40169,770,67
1606,3522,40170,5216,40170,770,67
1606,3522,40171,5216,40171,770,67
1606,3522,40172,5216,40172,770,67
1606,3522,40173,5216,40173,770,67
1606,3522,40174,5216,40174,770,67
1606,3522,40175,5216,40175,770,67
1606,3522,40176,5216,40176,770,67
1606,3522,40177,5216,40177,770,67
1606,3522,40178,5216,40178,770,67
1606,3522,40179,5216,40179,770,67
1606,3522,40180,5216,40180,770,67
1606,3522,40181,5216,40181,770,67
1606,3522,40182,5216,40182,770,67
1606,3522,40183,5216,40183,770,67
1606,3522,40184,5216,40184,770,67
1606,3522,40185,5216,40185,770,67
1606,3522,40186,5216,40186,770,67
1606,3522,40187,5216,40187,770,67
1606,3522,40188,5216,40188,770,67
1606,3522,40189,5216,40189,770,67
1606,3522,40190,5216,40190,770,67
1606,3522,40191,5216,40191,770,67
1606,3522,40192,5216,40192,770,67
1606,3522,40193,5216,40193,770,67
1606,3522,40194,5216,40194,770,67
1606,3522,40195,5216,40195,770,67
1606,3522,40196,5216,40196,770,67
1606,3522,40197,5216,40197,770,67
1606,3522,40198,5216,40198,770,67
1606,3522,40199,5216,40199,770,67
1606,3522,40200,5216,40200,770,67
1606,3522,40201,5216,40201,770,67
1606,3522,40202,5216,40202,770,67
1606,3522,40203,5216,40203,770,67
1606,3522,40204,5216,40204,770,67
1606,3522,40205,5216,40205,770,67
1606,3522,40206,5216,40206,770,67
1606,3522,40207,5216,40207,770,67
1606,3522,40208,5216,40208,770,67
1606,3522,40209,5216,40209,770,67
1606,3522,40210,5216,40210,770,67
1606,3522,40211,5216,40211,770,67
1606,3522,40212,5216,40212,770,67
1606,3522,40213,5216,40213,770,67
1606,3522,40214,5216,40214,770,67
1606,3522,40215,5216,40215,770,67
1606,3522,40216,5216,40216,770,67
1606,3522,40217,5216,40217,770,67
1606,3522,40218,5216,40218,770,67
1606,3522,40219,5216,40219,770,67
1606,3522,40220,5216,40220,770,67
1606,3522,40221,5216,40221,770,67
1606,3522,40222,5216,40222,770,67
1606,3522,40223,5216,40223,770,67
1606,3522,40224,5216,40224,770,67
1606,3522,40225,5216,40225,770,67
1606,3522,40226,5216,40226,770,67
1606,3522,40227,5216,40227,770,67
1606,3522,40228,5216,40228,770,67
1606,3522,40229,5216,40229,770,67
1606,3522,40230,5216,40230,770,67
1606,3522,40231,5216,40231,770,67
1606,3522,40232,5216,40232,770,67
1606,3522,40233,5216,40233,770,67
1606,3522,40234,5216,40234,770,67
1606,3522,40235,5216,40235,770,67
1606,3522,40236,5216,40236,770,67
1606,3522,40237,5216,40237,770,67
1606,3522,40238,5216,40238,770,67
1606,3522,40239,5216,40239,770,67
1606,3522,40240,5216,40240,770,67
1606,3522,40241,5216,40241,770,67
1606,3522,40242,5216,40242,770,67
1606,3522,40243,5216,40243,770,67
1606,3522,40244,5216,40244,770,67
1606,3522,40245,5216,40245,770,67
1606,3522,40246,5216,40246,770,67
1606,3522,40247,5216,40247,770,67
1606,3522,40248,5216,40248,770,67
1606,3522,40249,5216,40249,770,67
1606,3522,40250,5216,40250,770,67
1606,3522,40251,5216,40251,770,67
1606,3522,40252,5216,40252,770,67
1606,3522,40253,5216,40253,770,67
1606,3522,40254,5216,40254,770,67
1606,3522,40255,5216,40255,770,67
1606,3522,40256,5216,40256,770,67
1606,3522,40257,5216,40257,770,67
1606,3522,40258,5216,40258,770,67
1606,3522,40259,5216,40259,770,67
1606,3522,40260,5216,40260,770,67
1606,3522,40261,5216,40261,770,67
1606,3522,40262,5216,40262,770,67
1606,3522,40263,5216,40263,770,67
1606,3522,40264,5216,40264,770,67
1606,3522,40265,5216,40265,770,67
1606,3522,40266,5216,40266,770,67
1606,3522,40267,5216,40267,770,67
1606,3522,40268,5216,40268,770,67
1606,3522,40269,5216,40269,770,67
1606,3522,40270,5216,40270,770,67
1606,3522,40271,5216,40271,770,67
1606,3522,40272,5216,40272,770,67
1606,3522,40273,5216,40273,770,67
1606,3522,40274,5216,40274,770,67
1606,3522,40275,5216,40275,770,67
1606,3522,40276,5216,40276,770,67
1606,3522,40277,5216,40277,770,67
1606,3522,40278,5216,40278,770,67
1606,3522,40279,5216,40279,770,67
1606,3522,40280,5216,40280,770,67
1606,3522,40281,5216,40281,770,67
1606,3522,40282,5216,40282,770,67
1606,3522,40283,5216,40283,770,67
1606,3522,40284,5216,40284,770,67
1606,3522,40285,5216,40285,770,67
1606,3522,40286,5216,40286,770,67
1606,3522,40287,5216,40287,770,67
1606,3522,40288,5216,40288,770,67
1606,3522,40289,5216,40289,770,67
1606,3522,40290,5216,40290,770,67
1606,3522,40291,5216,40291,770,67
1606,3522,40292,5216,40292,770,67
1606,3522,40293,5216,40293,770,67
1606,3522,40294,5216,40294,770,67
1606,3522,40295,5216,40295,770,67
1606,3522,40296,5216,40296,770,67
1606,3522,40297,5216,40297,770,67
1606,3522,40298,5216,40298,770,67
1606,3522,40299,5216,40299,770,67
1606,3522,40300,5216,40300,770,67
1606,3522,40301,5216,40301,770,67
1606,3522,40302,5216,40302,770,67
1606,3522,40303,5216,40303,770,67
1606,3522,40304,5216,40304,770,67
1606,3522,40305,5216,40305,770,67
1606,3522,40306,5216,40306,770,67
1606,3522,40307,5216,40307,770,67
1606,3522,40308,5216,40308,770,67
1606,3522,40309,5216,40309,770,67
1606,3522,40310,5216,40310,770,67
1606,3522,40311,5216,40311,770,67
1606,3522,40312,5216,40312,770,67
1606,3522,40313,5216,40313,770,67
1606,3522,40314,5216,40314,770,67
1606,3522,40315,5216,40315,770,67
1606,3522,40316,5216,40316,770,67
1606,3522,40317,5216,40317,770,67
1606,3522,40318,5216,40318,770,67
1606,3522,40319,5216,40319,770,67
1606,3522,40320,5216,40320,770,67
1606,3522,40321,5216,40321,770,67
1606,3522,40322,5216,40322,770,67
1606,3522,40323,5216,40323,770,67
1606,3522,40324,5216,40324,770,67
1606,3522,40325,5216,40325,770,67
1606,3522,40326,5216,40326,770,67
1606,3522,40327,5216,40327,770,67
1606,3522,40328,5216,40328,770,67
1606,3522,40329,5216,40329,770,67
1606,3522,40330,5216,40330,770,67
1606,3522,40331,5216,40331,770,67
1606,3522,40332,5216,40332,770,67
1606,3522,40333,5216,40333,770,67
1606,3522,40334,5216,40334,770,67
1606,3522,40335,5216,40335,770,67
1606,3522,40336,5216,40336,770,67
1606,3522,40337,5216,40337,770,67
1606,3522,40338,5216,40338,770,67
1606,3522,40339,5216,40339,770,67
1606,3522,40340,5216,40340,770,67
1605,3522,40341,5216,40341,770,67
1605,3522,40342,5216,40342,770,67
1605,3522,40343,5216,40343,770,67
1605,3522,40344,5216,40344,770,67
1605,3522,40345,5216,40345,770,67
1605,3522,40346,5216,40346,770,67
1605,3522,40347,5216,40347,770,67
1605,3522,40348,5216,40348,770,67
1605,3522,40349,5216,40349,770,67
1605,3522,40350,5216,40350,770,67
1605,3522,40351,5216,40351,770,67
1605,3522,40352,5216,40352,770,67
1605,3522,40353,5216,40353,770,67
1605,3522,40354,5216,40354,770,67
1605,3522,40355,5216,40355,770,67
1605,3522,40356,5216,40356,770,67
1605,3522,40357,5216,40357,770,67
1605,3522,40358,5216,40358,770,67
1605,3522,40359,5216,40359,770,67
1605,3522,40360,5216,40360,770,67
1605,3522,40361,5216,40361,770,67
1605,3522,40362,5216,40362,770,67
1605,3522,40363,5216,40363,770,67
1605,3522,40364,5216,40364,770,67
1605,3522,40365,5216,40365,770,67
1605,3522,40366,5216,40366,770,67
1605,3522,40367,5216,40367,770,67
1605,3522,40368,5216,40368,770,67
1605,3522,40369,5216,40369,770,67
1605,3522,40370,5216,40370,770,67
1605,3522,40371,5216,40371,770,67
1605,3522,40372,5216,40372,770,67
1605,3522,40373,5216,40373,770,67
1605,3522,40374,5216,40374,770,67
1605,3522,40375,5216,40375,770,67
1605,3522,40376,5216,40376,770,67
1605,3522,40377,5216,40377,770,67
1605,3522,40378,5216,40378,770,67
1605,3522,40379,5216,40379,770,67
1605,3522,40380,5216,40380,770,67
1605,3522,40381,5216,40381,770,67
1605,3522,40382,5216,40382,770,67
1605,3522,40383,5216,40383,770,67
1605,3522,40384,5216,40384,770,67
1605,3522,40385,5216,40385,770,67
1605,3522,40386,5216,40386,770,67
1605,3522,40387,5216,40387,770,67
1605,3522,40388,5216,40388,770,67
1605,3522,40389,5216,40389,770,67
1605,3522,40390,5216,40390,770,67
1605,3522,40391,5216,40391,770,67
1605,3522,40392,5216,40392,770,67
1605,3522,40393,5216,40393,770,67
1605,3522,40394,5216,40394,770,67
1605,3522,40395,5216,40395,770,67
1605,3522,40396,5216,40396,770,67
1605,3522,40397,5216,40397,770,67
1605,3522,40398,5216,40398,770,67
1605,3522,40399,5216,40399,770,67
1605,3522,40400,5216,40400,770,67
1605,3522,40401,5216,40401,770,67
1605,3522,40402,5216,40402,770,67
1605,3522,40403,5216,40403,770,67
1604,3522,40404,5216,40404,770,67
1604,3522,40405,5216,40405,770,67
1604,3522,40406,5216,40406,770,67
1604,3522,40407,5216,40407,770,67
1604,3522,40408,5216,40408,770,67
1604,3522,40409,5216,40409,770,67
1604,3522,40410,5216,40410,770,67
1604,3522,40411,5216,40411,770,67
1604,3522,40412,5216,40412,770,67
1604,3522,40413,5216,40413,770,67
1604,3522,40414,5216,40414,770,67
1604,3522,40415,5216,40415,770,67
1604,3522,40416,5216,40416,770,67
1604,3522,40417,5216,40417,770,67
1604,3522,40418,5216,40418,770,67
1604,3522,40419,5216,40419,770,67
1604,3522,40420,5216,40420,770,67
1604,3522,40421,5216,40421,770,67
1604,3522,40422,5216,40422,770,67
1604,3522,40423,5216,40423,770,67
1604,3522,40424,5216,40424,770,67
1604,3522,40425,5216,40425,770,67
1604,3522,40426,5216,40426,770,67
1604,3522,40427,5216,40427,770,67
1604,3522,40428,5216,40428,770,67
1604,3522,40429,5216,40429,770,67
1604,3522,40430,5216,40430,770,67
1604,3522,40431,5216,40431,770,67
1604,3522,40432,5216,40432,770,67
1604,3522,40433,5216,40433,770,67
1604,3522,40434,5216,40434,770,67
1604,3522,40435,5216,40435,770,67
1604,3522,40436,5216,40436,770,67
1604,3522,40437,5216,40437,770,67
1604,3522,40438,5216,40438,770,67
1604,3522,40439,5216,40439,770,67
1604,3522,40440,5216,40440,770,67
1604,3522,40441,5216,40441,770,67
1604,3522,40442,5216,40442,770,67
1604,3522,40443,5216,40443,770,67
1604,3522,40444,5216,40444,770,67
1604,3522,40445,5216,40445,770,67
1604,3522,40446,5216,40446,770,67
1604,3522,40447,5216,40447,770,67
1604,3522,40448,5216,40448,770,67
1604,3522,40449,5216,40449,770,67
1604,3522,40450,5216,40450,770,67
1604,3522,40451,5216,40451,770,67
1604,3522,40452,5216,40452,770,67
1604,3522,40453,5216,40453,770,67
1604,3522,40454,5216,40454,770,67
1604,3522,40455,5216,40455,770,67
1604,3522,40456,5216,40456,770,67
1604,3522,40457,5216,40457,770,67
1604,3522,40458,5216,40458,770,67
1604,3522,40459,5216,40459,770,67
1604,3522,40460,5216,40460,770,67
1604,3522,40461,5216,40461,770,67
1604,3522,40462,5216,40462,770,67
1604,3522,40463,5216,40463,770,67
1604,3522,40464,5216,40464,770,67
1604,3522,40465,5216,40465,770,67
1604,3522,40466,5216,40466,770,67
1604,3522,40467,5216,40467,770,67
1604,3522,40468,5216,40468,770,67
1604,3522,40469,5216,40469,770,67
1604,3522,40470,5216,40470,770,67
1604,3522,40471,5216,40471,770,67
1604,3522,40472,5216,40472,770,67
1604,3522,40473,5216,40473,770,67
1604,3522,40474,5216,40474,770,67
1604,3522,40475,5216,40475,770,67
1604,3522,40476,5216,40476,770,67
1604,3522,40477,5216,40477,770,67
1604,3522,40478,5216,40478,770,67
1604,3522,40479,5216,40479,770,67
1604,3522,40480,5216,40480,770,67
1604,3522,40481,5216,40481,770,67
1604,3522,40482,5216,40482,770,67
1604,3522,40483,5216,40483,770,67
1604,3522,40484,5216,40484,770,67
1604,3522,40485,5216,40485,770,67
1604,3522,40486,5216,40486,770,67
1604,3522,40487,5216,40487,770,67
1604,3522,40488,5216,40488,770,67
1604,3522,40489,5216,40489,770,67
1604,3522,40490,5216,40490,770,67
1604,3522,40491,5216,40491,770,67
1604,3522,40492,5216,40492,770,67
1604,3522,40493,5216,40493,770,67
1604,3522,40494,5216,40494,770,67
1604,3522,40495,5216,40495,770,67
1604,3522,40496,5216,40496,770,67
1604,3522,40497,5216,40497,770,67
1604,3522,40498,5216,40498,770,67
1604,3522,40499,5216,40499,770,67
1604,3522,40500,5216,40500,770,67
1604,3522,40501,5216,40501,770,67
1604,3522,40502,5216,40502,770,67
1604,3522,40503,5216,40503,770,67
1604,3522,40504,5216,40504,770,67
1604,3522,40505,5216,40505,770,67
1604,3522,40506,5216,40506,770,67
1604,3522,40507,5216,40507,770,67
1604,3522,40508,5216,40508,770,67
1604,3522,40509,5216,40509,770,67
1604,3522,40510,5216,40510,770,67
1604,3522,40511,5216,40511,770,67
1604,3522,40512,5216,40512,770,67
1604,3522,40513,5216,40513,770,67
1604,3522,40514,5216,40514,770,67
1604,3522,40515,5216,40515,770,67
1604,3522,40516,5216,40516,770,67
1604,3522,40517,5216,40517,770,67
1604,3522,40518,5216,40518,770,67
1604,3522,40519,5216,40519,770,67
1604,3522,40520,5216,40520,770,67
1604,3522,40521,5216,40521,770,67
1604,3522,40522,5216,40522,770,67
1604,3522,40523,5216,40523,770,67
1604,3522,40524,5216,40524,770,67
1604,3522,40525,5216,40525,770,67
1604,3522,40526,5216,40526,770,67
1604,3522,40527,5216,40527,770,67
1604,3522,40528,5216,40528,770,67
1604,3522,40529,5216,40529,770,67
1604,3522,40530,5216,40530,770,67
1604,3522,40531,5216,40531,770,67
1604,3522,40532,5216,40532,770,67
1604,3522,40533,5216,40533,770,67
1604,3522,40534,5216,40534,770,67
1604,3522,40535,5216,40535,770,67
1604,3522,40536,5216,40536,770,67
1604,3522,40537,5216,40537,770,67
1604,3522,40538,5216,40538,770,67
1604,3522,40539,5216,40539,770,67
1604,3522,40540,5216,40540,770,67
1604,3522,40541,5216,40541,770,67
1604,3522,40542,5216,40542,770,67
1604,3522,40543,5216,40543,770,67
1604,3522,40544,5216,40544,770,67
1604,3522,40545,5216,40545,770,67
1604,3522,40546,5216,40546,770,67
1604,3522,40547,5216,40547,770,67
1604,3522,40548,5216,40548,770,67
1604,3522,40549,5216,40549,770,67
1604,3522,40550,5216,40550,770,67
1604,3522,40551,5216,40551,770,67
1604,3522,40552,5216,40552,770,67
1604,3522,40553,5216,40553,770,67
1604,3522,40554,5216,40554,770,67
1604,3522,40555,5216,40555,770,67
1604,3522,40556,5216,40556,770,67
1604,3522,40557,5216,40557,770,67
1604,3522,40558,5216,40558,770,67
1604,3522,40559,5216,40559,770,67
1604,3522,40560,5216,40560,770,67
1604,3522,40561,5216,40561,770,67
1604,3522,40562,5216,40562,770,67
1604,3522,40563,5216,40563,770,67
1604,3522,40564,5216,40564,770,67
1604,3522,40565,5216,40565,770,67
1604,3522,40566,5216,40566,770,67
1604,3522,40567,5216,40567,770,67
1604,3522,40568,5216,40568,770,67
1604,3522,40569,5216,40569,770,67
1603,3522,40570,5216,40570,770,67
1603,3522,40571,5216,40571,770,67
1603,3522,40572,5216,40572,770,67
1603,3522,40573,5216,40573,770,67
1603,3522,40574,5216,40574,770,67
1603,3522,40575,5216,40575,770,67
1603,3522,40576,5216,40576,770,67
1603,3522,40577,5216,40577,770,67
1603,3522,40578,5216,40578,770,67
1603,3522,40579,5216,40579,770,67
1603,3522,40580,5216,40580,770,67
1604,3522,40581,5216,40581,770,67
1604,3522,40582,5216,40582,770,67
1604,3522,40583,5216,40583,770,67
1604,3522,40584,5216,40584,770,67
1604,3522,40585,5216,40585,770,67
1604,3522,40586,5216,40586,770,67
1604,3522,40587,5216,40587,770,67
1604,3522,40588,5216,40588,770,67
1604,3522,40589,5216,40589,770,67
1604,3522,40590,5216,40590,770,67
1604,3522,40591,5216,40591,770,67
1604,3522,40592,5216,40592,770,67
1604,3522,40593,5216,40593,770,67
1604,3522,40594,5216,40594,770,67
1604,3522,40595,5216,40595,770,67
1604,3522,40596,5216,40596,770,67
1604,3522,40597,5216,40597,770,67
1604,3522,40598,5216,40598,770,67
1604,3522,40599,5216,40599,770,67
1604,3522,40600,5216,40600,770,67
1604,3522,40601,5216,40601,770,67
1604,3522,40602,5216,40602,770,67
1604,3522,40603,5216,40603,770,67
1604,3522,40604,5216,40604,770,67
1604,3522,40605,5216,40605,770,67
1604,3522,40606,5216,40606,770,67
1604,3522,40607,5216,40607,770,67
1604,3522,40608,5216,40608,770,67
1604,3522,40609,5216,40609,770,67
1605,3522,40610,5216,40610,770,67
1605,3522,40611,5216,40611,770,67
1605,3522,40612,5216,40612,770,67
1605,3522,40613,5216,40613,770,67
1605,3522,40614,5216,40614,770,67
1605,3522,40615,5216,40615,770,67
1605,3522,40616,5216,40616,770,67
1605,3522,40617,5216,40617,770,67
1605,3522,40618,5216,40618,770,67
1605,3522,40619,5216,40619,770,67
1605,3522,40620,5216,40620,770,67
1605,3522,40621,5216,40621,770,67
1605,3522,40622,5216,40622,770,67
1605,3522,40623,5216,40623,770,67
1605,3522,40624,5216,40624,770,67
1605,3522,40625,5216,40625,770,67
1605,3522,40626,5216,40626,770,67
1605,3522,40627,5216,40627,770,67
1605,3522,40628,5216,40628,770,67
1605,3522,40629,5216,40629,770,67
1605,3522,40630,5216,40630,770,67
1605,3522,40631,5216,40631,770,67
1605,3522,40632,5216,40632,770,67
1605,3522,40633,5216,40633,770,67
1605,3522,40634,5216,40634,770,67
1605,3522,40635,5216,40635,770,67
1605,3522,40636,5216,40636,770,67
1605,3522,40637,5216,40637,770,67
1605,3522,40638,5216,40638,770,67
1605,3522,40639,5216,40639,770,67
1605,3522,40640,5216,40640,770,67
1605,3522,40641,5216,40641,770,67
1605,3522,40642,5216,40642,770,67
1605,3522,40643,5216,40643,770,67
1605,3522,40644,5216,40644,770,67
1605,3522,40645,5216,40645,770,67
1605,3522,40646,5216,40646,770,67
1605,3522,40647,5216,40647,770,67
1605,3522,40648,5216,40648,770,67
1605,3522,40649,5216,40649,770,67
1605,3522,40650,5216,40650,770,67
1605,3522,40651,5216,40651,770,67
1605,3522,40652,5216,40652,770,67
1605,3522,40653,5216,40653,770,67
1605,3522,40654,5216,40654,770,67
1605,3522,40655,5216,40655,770,67
1605,3522,40656,5216,40656,770,67
1605,3522,40657,5216,40657,770,67
1605,3522,40658,5216,40658,770,67
1605,3522,40659,5216,40659,770,67
1605,3522,40660,5216,40660,770,67
1605,3522,40661,5216,40661,770,67
1605,3522,40662,5216,40662,770,67
1605,3522,40663,5216,40663,770,67
1605,3522,40664,5216,40664,770,67
1605,3522,40665,5216,40665,770,67
1605,3522,40666,5216,40666,770,67
1605,3522,40667,5216,40667,770,67
1605,3522,40668,5216,40668,770,67
1605,3522,40669,5216,40669,770,67
1605,3522,40670,5216,40670,770,67
1605,3522,40671,5216,40671,770,67
1605,3522,40672,5216,40672,770,67
1605,3522,40673,5216,40673,770,67
1605,3522,40674,5216,40674,770,67
1605,3522,40675,5216,40675,770,67
1605,3522,40676,5216,40676,770,67
1605,3522,40677,5216,40677,770,67
1605,3522,40678,5216,40678,770,67
1605,3522,40679,5216,40679,770,67
1605,3522,40680,5216,40680,770,67
1605,3522,40681,5216,40681,770,67
1605,3522,40682,5216,40682,770,67
1605,3522,40683,5216,40683,770,67
1605,3522,40684,5216,40684,770,67
1605,3522,40685,5216,40685,770,67
1605,3522,40686,5216,40686,770,67
1605,3522,40687,5216,40687,770,67
1605,3522,40688,5216,40688,770,67
1605,3522,40689,5216,40689,770,67
1605,3522,40690,5216,40690,770,67
1605,3522,40691,5216,40691,770,67
1605,3522,40692,5216,40692,770,67
1605,3522,40693,5216,40693,770,67
1605,3522,40694,5216,40694,770,67
1605,3522,40695,5216,40695,770,67
1605,3522,40696,5216,40696,770,67
1605,3522,40697,5216,40697,770,67
1605,3522,40698,5216,40698,770,67
1605,3522,40699,5216,40699,770,67
1605,3522,40700,5216,40700,770,67
1605,3522,40701,5216,40701,770,67
1605,3522,40702,5216,40702,770,67
1605,3522,40703,5216,40703,770,67
1605,3522,40704,5216,40704,770,67
1605,3522,40705,5216,40705,770,67
1605,3522,40706,5216,40706,770,67
1605,3522,40707,5216,40707,770,67
1605,3522,40708,5216,40708,770,67
1605,3522,40709,5216,40709,770,67
1605,3522,40710,5216,40710,770,67
1605,3522,40711,5216,40711,770,67
1605,3522,40712,5216,40712,770,67
1605,3522,40713,5216,40713,770,67
1605,3522,40714,5216,40714,770,67
1605,3522,40715,5216,40715,770,67
1605,3522,40716,5216,40716,770,67
1605,3522,40717,5216,40717,770,67
1605,3522,40718,5216,40718,770,67
1605,3522,40719,5216,40719,770,67
1605,3522,40720,5216,40720,770,67
1605,3522,40721,5216,40721,770,67
1605,3522,40722,5216,40722,770,67
1605,3522,40723,5216,40723,770,67
1605,3522,40724,5216,40724,770,67
1605,3522,40725,5216,40725,770,67
1605,3522,40726,5216,40726,770,67
1605,3522,40727,5216,40727,770,67
1605,3522,40728,5216,40728,770,67
1605,3522,40729,5216,40729,770,67
1605,3522,40730,5216,40730,770,67
1605,3522,40731,5216,40731,770,67
1605,3522,40732,5216,40732,770,67
1605,3522,40733,5216,40733,770,67
1605,3522,40734,5216,40734,770,67
1605,3522,40735,5216,40735,770,67
1605,3522,40736,5216,40736,770,67
1605,3522,40737,5216,40737,770,67
1605,3522,40738,5216,40738,770,67
1605,3522,40739,5216,40739,770,67
1605,3522,40740,5216,40740,770,67
1605,3522,40741,5216,40741,770,67
1605,3522,40742,5216,40742,770,67
1605,3522,40743,5216,40743,770,67
1605,3522,40744,5216,40744,770,67
1605,3522,40745,5216,40745,770,67
1605,3522,40746,5216,40746,770,67
1605,3522,40747,5216,40747,770,67
1605,3522,40748,5216,40748,770,67
1605,3522,40749,5216,40749,770,67
1605,3522,40750,5216,40750,770,67
1605,3522,40751,5216,40751,770,67
1605,3522,40752,5216,40752,770,67
1605,3522,40753,5216,40753,770,67
1605,3522,40754,5216,40754,770,67
1605,3522,40755,5216,40755,770,67
1605,3522,40756,5216,40756,770,67
1605,3522,40757,5216,40757,770,67
1605,3522,40758,5216,40758,770,67
1605,3522,40759,5216,40759,770,67
1605,3522,40760,5216,40760,770,67
1605,3522,40761,5216,40761,770,67
1605,3522,40762,5216,40762,770,67
1605,3522,40763,5216,40763,770,67
1605,3522,40764,5216,40764,770,67
1605,3522,40765,5216,40765,770,67
1605,3522,40766,5216,40766,770,67
1605,3522,40767,5216,40767,770,67
1605,3522,40768,5216,40768,770,67
1605,3522,40769,5216,40769,770,67
1605,3522,40770,5216,40770,770,67
1605,3522,40771,5216,40771,770,67
1605,3522,40772,5216,40772,770,67
1605,3522,40773,5216,40773,770,67
1605,3522,40774,5216,40774,770,67
1605,3522,40775,5216,40775,770,67
1605,3522,40776,5216,40776,770,67
1605,3522,40777,5216,40777,770,67
1605,3522,40778,5216,40778,770,67
1605,3522,40779,5216,40779,770,67
1605,3522,40780,5216,40780,770,67
1605,3522,40781,5216,40781,770,67
1605,3522,40782,5216,40782,770,67
1605,3522,40783,5216,40783,770,67
1605,3522,40784,5216,40784,770,67
1605,3522,40785,5216,40785,770,67
1605,3522,40786,5216,40786,770,67
1605,3522,40787,5216,40787,770,67
1605,3522,40788,5216,40788,770,67
1605,3522,40789,5216,40789,770,67
1605,3522,40790,5216,40790,770,67
1605,3522,40791,5216,40791,770,67
1605,3522,40792,5216,40792,770,67
1605,3522,40793,5216,40793,770,67
1605,3522,40794,5216,40794,770,67
1605,3522,40795,5216,40795,770,67
1605,3522,40796,5216,40796,770,67
1605,3522,40797,5216,40797,770,67
1605,3522,40798,5216,40798,770,67
1605,3522,40799,5216,40799,770,67
1605,3522,40800,5216,40800,770,67
1605,3522,40801,5216,40801,770,67
1605,3522,40802,5216,40802,770,67
1605,3522,40803,5216,40803,770,67
1605,3522,40804,5216,40804,770,67
1605,3522,40805,5216,40805,770,67
1605,3522,40806,5216,40806,770,67
1605,3522,40807,5216,40807,770,67
1605,3522,40808,5216,40808,770,67
1605,3522,40809,5216,40809,770,67
1605,3522,40810,5216,40810,770,67
1605,3522,40811,5216,40811,770,67
1605,3522,40812,5216,40812,770,67
1605,3522,40813,5216,40813,770,67
1605,3522,40814,5216,40814,770,67
1605,3522,40815,5216,40815,770,67
1605,3522,40816,5216,40816,770,67
1605,3522,40817,5216,40817,770,67
1605,3522,40818,5216,40818,770,67
1605,3522,40819,5216,40819,770,67
1605,3522,40820,5216,40820,770,67
1605,3522,40821,5216,40821,770,67
1605,3522,40822,5216,40822,770,67
1605,3522,40823,5216,40823,770,67
1605,3522,40824,5216,40824,770,67
1605,3522,40825,5216,40825,770,67
1605,3522,40826,5216,40826,770,67
1605,3522,40827,5216,40827,770,67
1605,3522,40828,5216,40828,770,67
1605,3522,40829,5216,40829,770,67
1605,3522,40830,5216,40830,770,67
1605,3522,40831,5216,40831,770,67
1605,3522,40832,5216,40832,770,67
1605,3522,40833,5216,40833,770,67
1605,3522,40834,5216,40834,770,67
1605,3522,40835,5216,40835,770,67
1605,3522,40836,5216,40836,770,67
1605,3522,40837,5216,40837,770,67
1605,3522,40838,5216,40838,770,67
1605,3522,40839,5216,40839,770,67
1605,3522,40840,5216,40840,770,67
1605,3522,40841,5216,40841,770,67
1605,3522,40842,5216,40842,770,67
1605,3522,40843,5216,40843,770,67
1605,3522,40844,5216,40844,770,67
1605,3522,40845,5216,40845,770,67
1605,3522,40846,5216,40846,770,67
1605,3522,40847,5216,40847,770,67
1605,3522,40848,5216,40848,770,67
1605,3522,40849,5216,40849,770,67
1605,3522,40850,5216,40850,770,67
1605,3522,40851,5216,40851,770,67
1605,3522,40852,5216,40852,770,67
1605,3522,40853,5216,40853,770,67
1605,3522,40854,5216,40854,770,67
1605,3522,40855,5216,40855,770,67
1605,3522,40856,5216,40856,770,67
1605,3522,40857,5216,40857,770,67
1605,3522,40858,5216,40858,770,67
1605,3522,40859,5216,40859,770,67
1605,3522,40860,5216,40860,770,67
1605,3522,40861,5216,40861,770,67
1605,3522,40862,5216,40862,770,67
1605,3522,40863,5216,40863,770,67
1605,3522,40864,5216,40864,770,67
1605,3522,40865,5216,40865,770,67
1605,3522,40866,5216,40866,770,67
1605,3522,40867,5216,40867,770,67
1605,3522,40868,5216,40868,770,67
1605,3522,40869,5216,40869,770,67
1605,3522,40870,5216,40870,770,67
1605,3522,40871,5216,40871,770,67
1605,3522,40872,5216,40872,770,67
1605,3522,40873,5216,40873,770,67
1605,3522,40874,5216,40874,770,67
1605,3522,40875,5216,40875,770,67
1605,3522,40876,5216,40876,770,67
1605,3522,40877,5216,40877,770,67
1605,3522,40878,5216,40878,770,67
1605,3522,40879,5216,40879,770,67
1605,3522,40880,5216,40880,770,67
1605,3522,40881,5216,40881,770,67
1605,3522,40882,5216,40882,770,67
1605,3522,40883,5216,40883,770,67
1605,3522,40884,5216,40884,770,67
1605,3522,40885,5216,40885,770,67
1605,3522,40886,5216,40886,770,67
1605,3522,40887,5216,40887,770,67
1605,3522,40888,5216,40888,770,67
1605,3522,40889,5216,40889,770,67
1605,3522,40890,5216,40890,770,67
1605,3522,40891,5216,40891,770,67
1605,3522,40892,5216,40892,770,67
1605,3522,40893,5216,40893,770,67
1605,3522,40894,5216,40894,770,67
1605,3522,40895,5216,40895,770,67
1605,3522,40896,5216,40896,770,67
1605,3522,40897,5216,40897,770,67
1605,3522,40898,5216,40898,770,67
1605,3522,40899,5216,40899,770,67
1605,3522,40900,5216,40900,770,67
1605,3522,40901,5216,40901,770,67
1605,3522,40902,5216,40902,770,67
1605,3522,40903,5216,40903,770,67
1605,3522,40904,5216,40904,770,67
1605,3522,40905,5216,40905,770,67
1605,3522,40906,5216,40906,770,67
1605,3522,40907,5216,40907,770,67
1605,3522,40908,5216,40908,770,67
1605,3522,40909,5216,40909,770,67
1605,3522,40910,5216,40910,770,67
1605,3522,40911,5216,40911,770,67
1605,3522,40912,5216,40912,770,67
1605,3522,40913,5216,40913,770,67
1605,3522,40914,5216,40914,770,67
1605,3522,40915,5216,40915,770,67
1605,3522,40916,5216,40916,770,67
1605,3522,40917,5216,40917,770,67
1605,3522,40918,5216,40918,770,67
1605,3522,40919,5216,40919,770,67
1605,3522,40920,5216,40920,770,67
1605,3522,40921,5216,40921,770,67
1605,3522,40922,5216,40922,770,67
1605,3522,40923,5216,40923,770,67
1605,3522,40924,5216,40924,770,67
1605,3522,40925,5216,40925,770,67
1605,3522,40926,5216,40926,770,67
1605,3522,40927,5216,40927,770,67
1605,3522,40928,5216,40928,770,67
1605,3522,40929,5216,40929,770,67
1605,3522,40930,5216,40930,770,67
1605,3522,40931,5216,40931,770,67
1605,3522,40932,5216,40932,770,67
1605,3522,40933,5216,40933,770,67
1605,3522,40934,5216,40934,770,67
1605,3522,40935,5216,40935,770,67
1605,3522,40936,5216,40936,770,67
1605,3522,40937,5216,40937,770,67
1605,3522,40938,5216,40938,770,67
1605,3522,40939,5216,40939,770,67
1605,3522,40940,5216,40940,770,67
1605,3522,40941,5216,40941,770,67
1605,3522,40942,5216,40942,770,67
1605,3522,40943,5216,40943,770,67
1605,3522,40944,5216,40944,770,67
1605,3522,40945,5216,40945,770,67
1605,3522,40946,5216,40946,770,67
1605,3522,40947,5216,40947,770,67
1605,3522,40948,5216,40948,770,67
1605,3522,40949,5216,40949,770,67
1605,3522,40950,5216,40950,770,67
1605,3522,40951,5216,40951,770,67
1605,3522,40952,5216,40952,770,67
1605,3522,40953,5216,40953,770,67
1605,3522,40954,5216,40954,770,67
1605,3522,40955,5216,40955,770,67
1605,3522,40956,5216,40956,770,67
1605,3522,40957,5216,40957,770,67
1605,3522,40958,5216,40958,770,67
1605,3522,40959,5216,40959,770,67
1605,3522,40960,5216,40960,770,67
1605,3522,40961,5216,40961,770,67
1605,3522,40962,5216,40962,770,67
1605,3522,40963,5216,40963,770,67
1605,3522,40964,5216,40964,770,67
1605,3522,40965,5216,40965,770,67
1605,3522,40966,5216,40966,770,67
1605,3522,40967,5216,40967,770,67
1605,3522,40968,5216,40968,770,67
1605,3522,40969,5216,40969,770,67
1605,3522,40970,5216,40970,770,67
1605,3522,40971,5216,40971,770,67
1605,3522,40972,5216,40972,770,67
1605,3522,40973,5216,40973,770,67
1605,3522,40974,5216,40974,770,67
1605,3522,40975,5216,40975,770,67
1605,3522,40976,5216,40976,770,67
1605,3522,40977,5216,40977,770,67
1605,3522,40978,5216,40978,770,67
1605,3522,40979,5216,40979,770,67
1605,3522,40980,5216,40980,770,67
1605,3522,40981,5216,40981,770,67
1605,3522,40982,5216,40982,770,67
1605,3522,40983,5216,40983,770,67
1605,3522,40984,5216,40984,770,67
1605,3522,40985,5216,40985,770,67
1605,3522,40986,5216,40986,770,67
1605,3522,40987,5216,40987,770,67
1605,3522,40988,5216,40988,770,67
1605,3522,40989,5216,40989,770,67
1605,3522,40990,5216,40990,770,67
1605,3522,40991,5216,40991,770,67
1605,3522,40992,5216,40992,770,67
1605,3522,40993,5216,40993,770,67
1605,3522,40994,5216,40994,770,67
1605,3522,40995,5216,40995,770,67
1605,3522,40996,5216,40996,770,67
1605,3522,40997,5216,40997,770,67
1605,3522,40998,5216,40998,770,67
1605,3522,40999,5216,40999,770,67
1605,3522,41000,5216,41000,770,67
1605,3522,41001,5216,41001,770,67
1605,3522,41002,5216,41002,770,67
1605,3522,41003,5216,41003,770,67
1605,3522,41004,5216,41004,770,67
1605,3522,41005,5216,41005,770,67
1605,3522,41006,5216,41006,770,67
1605,3522,41007,5216,41007,770,67
1605,3522,41008,5216,41008,770,67
1605,3522,41009,5216,41009,770,67
1605,3522,41010,5216,41010,770,67
1605,3522,41011,5216,41011,770,67
1605,3522,41012,5216,41012,770,67
1605,3522,41013,5216,41013,770,67
1605,3522,41014,5216,41014,770,67
1605,3522,41015,5216,41015,770,67
1605,3522,41016,5216,41016,770,67
1605,3522,41017,5216,41017,770,67
1605,3522,41018,5216,41018,770,67
1605,3522,41019,5216,41019,770,67
1605,3522,41020,5216,41020,770,67
1605,3522,41021,5216,41021,770,67
1605,3522,41022,5216,41022,770,67
1605,3522,41023,5216,41023,770,67
1605,3522,41024,5216,41024,770,67
1605,3522,41025,5216,41025,770,67
1605,3522,41026,5216,41026,770,67
1605,3522,41027,5216,41027,770,67
1605,3522,41028,5216,41028,770,67
1605,3522,41029,5216,41029,770,67
1605,3522,41030,5216,41030,770,67
1605,3522,41031,5216,41031,770,67
1605,3522,41032,5216,41032,770,67
1605,3522,41033,5216,41033,770,67
1605,3522,41034,5216,41034,770,67
1605,3522,41035,5216,41035,770,67
1605,3522,41036,5216,41036,770,67
1605,3522,41037,5216,41037,770,67
1605,3522,41038,5216,41038,770,67
1605,3522,41039,5216,41039,770,67
1605,3522,41040,5216,41040,770,67
1605,3522,41041,5216,41041,770,67
1605,3522,41042,5216,41042,770,67
1605,3522,41043,5216,41043,770,67
1605,3522,41044,5216,41044,770,67
1605,3522,41045,5216,41045,770,67
1605,3522,41046,5216,41046,770,67
1605,3522,41047,5216,41047,770,67
1605,3522,41048,5216,41048,770,67
1605,3522,41049,5216,41049,770,67
1605,3522,41050,5216,41050,770,67
1605,3522,41051,5216,41051,770,67
1605,3522,41052,5216,41052,770,67
1605,3522,41053,5216,41053,770,67
1605,3522,41054,5216,41054,770,67
1605,3522,41055,5216,41055,770,67
1605,3522,41056,5216,41056,770,67
1605,3522,41057,5216,41057,770,67
1605,3522,41058,5216,41058,770,67
1605,3522,41059,5216,41059,770,67
1605,3522,41060,5216,41060,770,67
1605,3522,41061,5216,41061,770,67
1605,3522,41062,5216,41062,770,67
1605,3522,41063,5216,41063,770,67
1605,3522,41064,5216,41064,770,67
1605,3522,41065,5216,41065,770,67
1605,3522,41066,5216,41066,770,67
1605,3522,41067,5216,41067,770,67
1605,3522,41068,5216,41068,770,67
1605,3522,41069,5216,41069,770,67
1605,3522,41070,5216,41070,770,67
1605,3522,41071,5216,41071,770,67
1605,3522,41072,5216,41072,770,67
1605,3522,41073,5216,41073,770,67
1605,3522,41074,5216,41074,770,67
1605,3522,41075,5216,41075,770,67
1605,3522,41076,5216,41076,770,67
1605,3522,41077,5216,41077,770,67
1605,3522,41078,5216,41078,770,67
1605,3522,41079,5216,41079,770,67
1605,3522,41080,5216,41080,770,67
1605,3522,41081,5216,41081,770,67
1605,3522,41082,5216,41082,770,67
1605,3522,41083,5216,41083,770,67
1605,3522,41084,5216,41084,770,67
1605,3522,41085,5216,41085,770,67
1605,3522,41086,5216,41086,770,67
1605,3522,41087,5216,41087,770,67
1605,3522,41088,5216,41088,770,67
1605,3522,41089,5216,41089,770,67
1605,3522,41090,5216,41090,770,67
1605,3522,41091,5216,41091,770,67
1605,3522,41092,5216,41092,770,67
1605,3522,41093,5216,41093,770,67
1605,3522,41094,5216,41094,770,67
1605,3522,41095,5216,41095,770,67
1605,3522,41096,5216,41096,770,67
1605,3522,41097,5216,41097,770,67
1605,3522,41098,5216,41098,770,67
1605,3522,41099,5216,41099,770,67
1605,3522,41100,5216,41100,770,67
1605,3522,41101,5216,41101,770,67
1605,3522,41102,5216,41102,770,67
1605,3522,41103,5216,41103,770,67
1605,3522,41104,5216,41104,770,67
1605,3522,41105,5216,41105,770,67
1605,3522,41106,5216,41106,770,67
1605,3522,41107,5216,41107,770,67
1605,3522,41108,5216,41108,770,67
1605,3522,41109,5216,41109,770,67
1605,3522,41110,5216,41110,770,67
1605,3522,41111,5216,41111,770,67
1605,3522,41112,5216,41112,770,67
1605,3522,41113,5216,41113,770,67
1605,3522,41114,5216,41114,770,67
1605,3522,41115,5216,41115,770,67
1605,3522,41116,5216,41116,770,67
1605,3522,41117,5216,41117,770,67
1605,3522,41118,5216,41118,770,67
1605,3522,41119,5216,41119,770,67
1605,3522,41120,5216,41120,770,67
1605,3522,41121,5216,41121,770,67
1605,3522,41122,5216,41122,770,67
1605,3522,41123,5216,41123,770,67
1605,3522,41124,5216,41124,770,67
1605,3522,41125,5216,41125,770,67
1605,3522,41126,5216,41126,770,67
1605,3522,41127,5216,41127,770,67
1605,3522,41128,5216,41128,770,67
1605,3522,41129,5216,41129,770,67
1605,3522,41130,5216,41130,770,67
1605,3522,41131,5216,41131,770,67
1605,3522,41132,5216,41132,770,67
1605,3522,41133,5216,41133,770,67
1605,3522,41134,5216,41134,770,67
1605,3522,41135,5216,41135,770,67
1605,3522,41136,5216,41136,770,67
1605,3522,41137,5216,41137,770,67
1605,3522,41138,5216,41138,770,67
1604,3522,41139,5216,41139,770,67
1604,3522,41140,5216,41140,770,67
1604,3522,41141,5216,41141,770,67
1604,3522,41142,5216,41142,770,67
1604,3522,41143,5216,41143,770,67
1604,3522,41144,5216,41144,770,67
1603,3522,41145,5216,41145,770,66
1603,3522,41146,5216,41146,770,66
1603,3522,41147,5216,41147,770,66
1603,3522,41148,5216,41148,770,66
1603,3522,41149,5216,41149,770,66
1603,3522,41150,5216,41150,770,66
1603,3522,41151,5216,41151,770,66
1603,3522,41152,5216,41152,770,66
1603,3522,41153,5216,41153,770,66
1603,3522,41154,5216,41154,770,66
1603,3522,41155,5216,41155,770,66
1603,3522,41156,5216,41156,770,66
1603,3522,41157,5216,41157,770,66
1603,3522,41158,5216,41158,770,66
1603,3522,41159,5216,41159,770,66
1603,3522,41160,5216,41160,770,66
1603,3522,41161,5216,41161,770,66
1603,3522,41162,5216,41162,770,66
1603,3522,41163,5216,41163,770,66
1603,3522,41164,5216,41164,770,66
1603,3522,41165,5216,41165,770,66
1603,3522,41166,5216,41166,770,66
1603,3522,41167,5216,41167,770,66
1603,3522,41168,5216,41168,770,66
1603,3522,41169,5216,41169,770,66
1603,3522,41170,5216,41170,770,66
1603,3522,41171,5216,41171,770,66
1603,3522,41172,5216,41172,770,66
1603,3522,41173,5216,41173,770,66
1603,3522,41174,5216,41174,770,66
1603,3522,41175,5216,41175,770,66
1603,3522,41176,5216,41176,770,66
1603,3522,41177,5216,41177,770,66
1603,3522,41178,5216,41178,770,66
1603,3522,41179,5216,41179,770,66
1603,3522,41180,5216,41180,770,66
1603,3522,41181,5216,41181,770,66
1603,3522,41182,5216,41182,770,66
1603,3522,41183,5216,41183,770,66
1603,3522,41184,5216,41184,770,66
1603,3522,41185,5216,41185,770,66
1603,3522,41186,5216,41186,770,66
1603,3522,41187,5216,41187,770,66
1603,3522,41188,5216,41188,770,66
1603,3522,41189,5216,41189,770,66
1603,3522,41190,5216,41190,770,66
1603,3522,41191,5216,41191,770,66
1603,3522,41192,5216,41192,770,66
1603,3522,41193,5216,41193,770,66
1603,3522,41194,5216,41194,770,66
1603,3522,41195,5216,41195,770,66
1603,3522,41196,5216,41196,770,66
1603,3522,41197,5216,41197,770,66
1603,3522,41198,5216,41198,770,66
1603,3522,41199,5216,41199,770,66
1603,3522,41200,5216,41200,770,66
1603,3522,41201,5216,41201,770,66
1603,3522,41202,5216,41202,770,66
1603,3522,41203,5216,41203,770,66
1603,3522,41204,5216,41204,770,66
1603,3522,41205,5216,41205,770,66
1603,3522,41206,5216,41206,770,66
1603,3522,41207,5216,41207,770,66
1603,3522,41208,5216,41208,770,66
1603,3522,41209,5216,41209,770,66
1603,3522,41210,5216,41210,770,66
1603,3522,41211,5216,41211,770,66
1603,3522,41212,5216,41212,770,66
1603,3522,41213,5216,41213,770,66
1603,3522,41214,5216,41214,770,66
1603,3522,41215,5216,41215,770,66
1603,3522,41216,5216,41216,770,66
1603,3522,41217,5216,41217,770,66
1603,3522,41218,5216,41218,770,66
1603,3522,41219,5216,41219,770,66
1603,3522,41220,5216,41220,770,66
1603,3522,41221,5216,41221,770,66
1603,3522,41222,5216,41222,770,66
1603,3522,41223,5216,41223,770,66
1603,3522,41224,5216,41224,770,66
1603,3522,41225,5216,41225,770,66
1603,3522,41226,5216,41226,770,66
1603,3522,41227,5216,41227,770,66
1603,3522,41228,5216,41228,770,66
1603,3522,41229,5216,41229,770,66
1603,3522,41230,5216,41230,770,66
1603,3522,41231,5216,41231,770,66
1603,3522,41232,5216,41232,770,66
1603,3522,41233,5216,41233,770,66
1603,3522,41234,5216,41234,770,66
1603,3522,41235,5216,41235,770,66
1603,3522,41236,5216,41236,770,66
1603,3522,41237,5216,41237,770,66
1603,3522,41238,5216,41238,770,66
1603,3522,41239,5216,41239,770,66
1603,3522,41240,5216,41240,770,66
1603,3522,41241,5216,41241,770,66
1603,3522,41242,5216,41242,770,66
1603,3522,41243,5216,41243,770,66
1603,3522,41244,5216,41244,770,66
1603,3522,41245,5216,41245,770,66
1603,3522,41246,5216,41246,770,66
1603,3522,41247,5216,41247,770,66
1603,3522,41248,5216,41248,770,66
1603,3522,41249,5216,41249,770,66
1603,3522,41250,5216,41250,770,66
1603,3522,41251,5216,41251,770,66
1603,3522,41252,5216,41252,770,66
1603,3522,41253,5216,41253,770,66
1603,3522,41254,5216,41254,770,66
1603,3522,41255,5216,41255,770,66
1603,3522,41256,5216,41256,770,66
1603,3522,41257,5216,41257,770,66
1603,3522,41258,5216,41258,770,66
1603,3522,41259,5216,41259,770,66
1603,3522,41260,5216,41260,770,66
1603,3522,41261,5216,41261,770,66
1603,3522,41262,5216,41262,770,66
1603,3522,41263,5216,41263,770,66
1603,3522,41264,5216,41264,770,66
1603,3522,41265,5216,41265,770,66
1603,3522,41266,5216,41266,770,66
1603,3522,41267,5216,41267,770,66
1603,3522,41268,5216,41268,770,66
1603,3522,41269,5216,41269,770,66
1603,3522,41270,5216,41270,770,66
1603,3522,41271,5216,41271,770,66
1603,3522,41272,5216,41272,770,66
1603,3522,41273,5216,41273,770,66
1603,3522,41274,5216,41274,770,66
1603,3522,41275,5216,41275,770,66
1603,3522,41276,5216,41276,770,66
1603,3522,41277,5216,41277,770,66
1603,3522,41278,5216,41278,770,66
1603,3522,41279,5216,41279,770,66
1603,3522,41280,5216,41280,770,66
1603,3522,41281,5216,41281,770,66
1603,3522,41282,5216,41282,770,66
1603,3522,41283,5216,41283,770,66
1603,3522,41284,5216,41284,770,66
1603,3522,41285,5216,41285,770,66
1603,3522,41286,5216,41286,770,66
1603,3522,41287,5216,41287,770,66
1603,3522,41288,5216,41288,770,66
1602,3522,41289,5216,41289,770,66
1602,3522,41290,5216,41290,770,66
1602,3522,41291,5216,41291,770,66
1602,3522,41292,5216,41292,770,66
1602,3522,41293,5216,41293,770,66
1602,3522,41294,5216,41294,770,66
1602,3522,41295,5216,41295,770,66
1602,3522,41296,5216,41296,770,66
1602,3522,41297,5216,41297,770,66
1602,3522,41298,5216,41298,770,66
1602,3522,41299,5216,41299,770,66
1602,3522,41300,5216,41300,770,66
1602,3522,41301,5216,41301,770,66
1602,3522,41302,5216,41302,770,66
1602,3522,41303,5216,41303,770,66
1602,3522,41304,5216,41304,770,66
1602,3522,41305,5216,41305,770,66
1602,3522,41306,5216,41306,770,66
1602,3522,41307,5216,41307,770,66
1602,3522,41308,5216,41308,770,66
1602,3522,41309,5216,41309,770,66
1602,3522,41310,5216,41310,770,66
1602,3522,41311,5216,41311,770,66
1602,3522,41312,5216,41312,770,66
1602,3522,41313,5216,41313,770,66
1602,3522,41314,5216,41314,770,66
1602,3522,41315,5216,41315,770,66
1602,3522,41316,5216,41316,770,66
1602,3522,41317,5216,41317,770,66
1602,3522,41318,5216,41318,770,66
1602,3522,41319,5216,41319,770,66
1602,3522,41320,5216,41320,770,66
1602,3522,41321,5216,41321,770,66
1602,3522,41322,5216,41322,770,66
1602,3522,41323,5216,41323,770,66
1602,3522,41324,5216,41324,770,66
1602,3522,41325,5216,41325,770,66
1602,3522,41326,5216,41326,770,66
1602,3522,41327,5216,41327,770,66
1602,3522,41328,5216,41328,770,66
1602,3522,41329,5216,41329,770,66
1602,3522,41330,5216,41330,770,66
1602,3522,41331,5216,41331,770,66
1602,3522,41332,5216,41332,770,66
1602,3522,41333,5216,41333,770,66
1602,3522,41334,5216,41334,770,66
1602,3522,41335,5216,41335,770,66
1602,3522,41336,5216,41336,770,66
1602,3522,41337,5216,41337,770,66
1602,3522,41338,5216,41338,770,66
1602,3522,41339,5216,41339,770,66
1602,3522,41340,5216,41340,770,66
1602,3522,41341,5216,41341,770,66
1602,3522,41342,5216,41342,770,66
1602,3522,41343,5216,41343,770,66
1602,3522,41344,5216,41344,770,66
1602,3522,41345,5216,41345,770,66
1602,3522,41346,5216,41346,770,66
1602,3522,41347,5216,41347,770,66
1602,3522,41348,5216,41348,770,66
1602,3522,41349,5216,41349,770,66
1602,3522,41350,5216,41350,770,66
1602,3522,41351,5216,41351,770,66
1602,3522,41352,5216,41352,770,66
1602,3522,41353,5216,41353,770,66
1602,3522,41354,5216,41354,770,66
1602,3522,41355,5216,41355,770,66
1602,3522,41356,5216,41356,770,66
1602,3522,41357,5216,41357,770,66
1602,3522,41358,5216,41358,770,66
1602,3522,41359,5216,41359,770,66
1602,3522,41360,5216,41360,770,66
1602,3522,41361,5216,41361,770,66
1602,3522,41362,5216,41362,770,66
1602,3522,41363,5216,41363,770,66
1602,3522,41364,5216,41364,770,66
1602,3522,41365,5216,41365,770,66
1602,3522,41366,5216,41366,770,66
1602,3522,41367,5216,41367,770,66
1602,3522,41368,5216,41368,770,66
1602,3522,41369,5216,41369,770,66
1602,3522,41370,5216,41370,770,66
1602,3522,41371,5216,41371,770,66
1602,3522,41372,5216,41372,770,66
1603,3522,41373,5216,41373,770,66
1603,3522,41374,5216,41374,770,66
1603,3522,41375,5216,41375,770,66
1603,3522,41376,5216,41376,770,66
1603,3522,41377,5216,41377,770,66
1603,3522,41378,5216,41378,770,66
1603,3522,41379,5216,41379,770,66
1603,3522,41380,5216,41380,770,66
1603,3522,41381,5216,41381,770,66
1603,3522,41382,5216,41382,770,66
1603,3522,41383,5216,41383,770,66
1603,3522,41384,5216,41384,770,66
1603,3522,41385,5216,41385,770,66
1603,3522,41386,5216,41386,770,66
1603,3522,41387,5216,41387,770,66
1603,3522,41388,5216,41388,770,66
1603,3522,41389,5216,41389,770,66
1603,3522,41390,5216,41390,770,66
1603,3522,41391,5216,41391,770,66
1603,3522,41392,5216,41392,770,66
1603,3522,41393,5216,41393,770,66
1603,3522,41394,5216,41394,770,66
1603,3522,41395,5216,41395,770,66
1603,3522,41396,5216,41396,770,66
1603,3522,41397,5216,41397,770,66
1603,3522,41398,5216,41398,770,66
1603,3522,41399,5216,41399,770,66
1603,3522,41400,5216,41400,770,66
1603,3522,41401,5216,41401,770,66
1603,3522,41402,5216,41402,770,66
1603,3522,41403,5216,41403,770,66
1603,3522,41404,5216,41404,770,66
1603,3522,41405,5216,41405,770,66
1603,3522,41406,5216,41406,770,66
1603,3522,41407,5216,41407,770,66
1603,3522,41408,5216,41408,770,66
1603,3522,41409,5216,41409,770,66
1603,3522,41410,5216,41410,770,66
1603,3522,41411,5216,41411,770,66
1603,3522,41412,5216,41412,770,66
1603,3522,41413,5216,41413,770,66
1603,3522,41414,5216,41414,770,66
1603,3522,41415,5216,41415,770,66
1603,3522,41416,5216,41416,770,66
1603,3522,41417,5216,41417,770,66
1603,3522,41418,5216,41418,770,66
1603,3522,41419,5216,41419,770,66
1603,3522,41420,5216,41420,770,66
1603,3522,41421,5216,41421,770,66
1603,3522,41422,5216,41422,770,66
1603,3522,41423,5216,41423,770,66
1603,3522,41424,5216,41424,770,66
1603,3522,41425,5216,41425,770,66
1603,3522,41426,5216,41426,770,66
1603,3522,41427,5216,41427,770,66
1603,3522,41428,5216,41428,770,66
1603,3522,41429,5216,41429,770,66
1603,3522,41430,5216,41430,770,66
1603,3522,41431,5216,41431,770,66
1603,3522,41432,5216,41432,770,66
1603,3522,41433,5216,41433,770,66
1603,3522,41434,5216,41434,770,66
1603,3522,41435,5216,41435,770,66
1603,3522,41436,5216,41436,770,66
1603,3522,41437,5216,41437,770,66
1603,3522,41438,5216,41438,770,66
1603,3522,41439,5216,41439,770,66
1603,3522,41440,5216,41440,770,66
1603,3522,41441,5216,41441,770,66
1603,3522,41442,5216,41442,770,66
1603,3522,41443,5216,41443,770,66
1603,3522,41444,5216,41444,770,66
1603,3522,41445,5216,41445,770,66
1603,3522,41446,5216,41446,770,66
1603,3522,41447,5216,41447,770,66
1603,3522,41448,5216,41448,770,66
1603,3522,41449,5216,41449,770,66
1603,3522,41450,5216,41450,770,66
1603,3522,41451,5216,41451,770,66
1603,3522,41452,5216,41452,770,66
1603,3522,41453,5216,41453,770,66
1603,3522,41454,5216,41454,770,66
1603,3522,41455,5216,41455,770,66
1603,3522,41456,5216,41456,770,66
1603,3522,41457,5216,41457,770,66
1603,3522,41458,5216,41458,770,66
1603,3522,41459,5216,41459,770,66
1603,3522,41460,5216,41460,770,66
1603,3522,41461,5216,41461,770,66
1603,3522,41462,5216,41462,770,66
1603,3522,41463,5216,41463,770,66
1603,3522,41464,5216,41464,770,66
1603,3522,41465,5216,41465,770,66
1603,3522,41466,5216,41466,770,66
1603,3522,41467,5216,41467,770,66
1603,3522,41468,5216,41468,770,66
1603,3522,41469,5216,41469,770,66
1603,3522,41470,5216,41470,770,66
1603,3522,41471,5216,41471,770,66
1603,3522,41472,5216,41472,770,66
1603,3522,41473,5216,41473,770,66
1603,3522,41474,5216,41474,770,66
1603,3522,41475,5216,41475,770,66
1603,3522,41476,5216,41476,770,66
1603,3522,41477,5216,41477,770,66
1603,3522,41478,5216,41478,770,66
1604,3522,41479,5216,41479,770,66
1604,3522,41480,5216,41480,770,66
1604,3522,41481,5216,41481,770,66
1604,3522,41482,5216,41482,770,66
1604,3522,41483,5216,41483,770,66
1604,3522,41484,5216,41484,770,66
1604,3522,41485,5216,41485,770,66
1604,3522,41486,5216,41486,770,66
1604,3522,41487,5216,41487,770,66
1604,3522,41488,5216,41488,770,66
1604,3522,41489,5216,41489,770,66
1604,3522,41490,5216,41490,770,66
1604,3522,41491,5216,41491,770,66
1604,3522,41492,5216,41492,770,66
1604,3522,41493,5216,41493,770,66
1604,3522,41494,5216,41494,770,66
1604,3522,41495,5216,41495,770,66
1604,3522,41496,5216,41496,770,66
1604,3522,41497,5216,41497,770,66
1604,3522,41498,5216,41498,770,66
1604,3522,41499,5216,41499,770,66
1604,3522,41500,5216,41500,770,66
1604,3522,41501,5216,41501,770,66
1604,3522,41502,5216,41502,770,66
1604,3522,41503,5216,41503,770,66
1604,3522,41504,5216,41504,770,66
1604,3522,41505,5216,41505,770,66
1604,3522,41506,5216,41506,770,66
1604,3522,41507,5216,41507,770,66
1604,3522,41508,5216,41508,770,66
1604,3522,41509,5216,41509,770,66
1604,3522,41510,5216,41510,770,66
1604,3522,41511,5216,41511,770,66
1604,3522,41512,5216,41512,770,66
1604,3522,41513,5216,41513,770,66
1604,3522,41514,5216,41514,770,66
1604,3522,41515,5216,41515,770,66
1604,3522,41516,5216,41516,770,66
1604,3522,41517,5216,41517,770,66
1604,3522,41518,5216,41518,770,66
1604,3522,41519,5216,41519,770,66
1604,3522,41520,5216,41520,770,66
1604,3522,41521,5216,41521,770,66
1604,3522,41522,5216,41522,770,66
1604,3522,41523,5216,41523,770,66
1604,3522,41524,5216,41524,770,66
1604,3522,41525,5216,41525,770,66
1604,3522,41526,5216,41526,770,66
1604,3522,41527,5216,41527,770,66
1604,3522,41528,5216,41528,770,66
1604,3522,41529,5216,41529,770,66
1604,3522,41530,5216,41530,770,66
1604,3522,41531,5216,41531,770,66
1604,3522,41532,5216,41532,770,66
1604,3522,41533,5216,41533,770,66
1604,3522,41534,5216,41534,770,66
1604,3522,41535,5216,41535,770,66
1604,3522,41536,5216,41536,770,66
1604,3522,41537,5216,41537,770,66
1604,3522,41538,5216,41538,770,66
1604,3522,41539,5216,41539,770,66
1604,3522,41540,5216,41540,770,66
1604,3522,41541,5216,41541,770,66
1604,3522,41542,5216,41542,770,66
1604,3522,41543,5216,41543,770,66
1604,3522,41544,5216,41544,770,66
1604,3522,41545,5216,41545,770,66
1604,3522,41546,5216,41546,770,66
1604,3522,41547,5216,41547,770,66
1604,3522,41548,5216,41548,770,66
1604,3522,41549,5216,41549,770,66
1604,3522,41550,5216,41550,770,66
1604,3522,41551,5216,41551,770,66
1604,3522,41552,5216,41552,770,66
1604,3522,41553,5216,41553,770,66
1604,3522,41554,5216,41554,770,66
1604,3522,41555,5216,41555,770,66
1604,3522,41556,5216,41556,770,66
1604,3522,41557,5216,41557,770,66
1604,3522,41558,5216,41558,770,66
1604,3522,41559,5216,41559,770,66
1604,3522,41560,5216,41560,770,66
1604,3522,41561,5216,41561,770,66
1604,3522,41562,5216,41562,770,66
1604,3522,41563,5216,41563,770,66
1604,3522,41564,5216,41564,770,66
1604,3522,41565,5216,41565,770,66
1604,3522,41566,5216,41566,770,66
1604,3522,41567,5216,41567,770,66
1604,3522,41568,5216,41568,770,66
1604,3522,41569,5216,41569,770,66
1604,3522,41570,5216,41570,770,66
1604,3522,41571,5216,41571,770,66
1604,3522,41572,5216,41572,770,66
1604,3522,41573,5216,41573,770,66
1604,3522,41574,5216,41574,770,66
1604,3522,41575,5216,41575,770,66
1604,3522,41576,5216,41576,770,66
1604,3522,41577,5216,41577,770,66
1604,3522,41578,5216,41578,770,66
1604,3522,41579,5216,41579,770,66
1604,3522,41580,5216,41580,770,66
1604,3522,41581,5216,41581,770,66
1604,3522,41582,5216,41582,770,66
1604,3522,41583,5216,41583,770,66
1604,3522,41584,5216,41584,770,66
1604,3522,41585,5216,41585,770,66
1604,3522,41586,5216,41586,770,66
1604,3522,41587,5216,41587,770,66
1604,3522,41588,5216,41588,770,66
1604,3522,41589,5216,41589,770,66
1604,3522,41590,5216,41590,770,66
1604,3522,41591,5216,41591,770,66
1604,3522,41592,5216,41592,770,66
1604,3522,41593,5216,41593,770,66
1604,3522,41594,5216,41594,770,66
1604,3522,41595,5216,41595,770,66
1604,3522,41596,5216,41596,770,66
1604,3522,41597,5216,41597,770,66
1604,3522,41598,5216,41598,770,66
1604,3522,41599,5216,41599,770,66
1604,3522,41600,5216,41600,770,66
1604,3522,41601,5216,41601,770,66
1604,3522,41602,5216,41602,770,66
1604,3522,41603,5216,41603,770,66
1604,3522,41604,5216,41604,770,66
1604,3522,41605,5216,41605,770,66
1604,3522,41606,5216,41606,770,66
1604,3522,41607,5216,41607,770,66
1604,3522,41608,5216,41608,770,66
1604,3522,41609,5216,41609,770,66
1604,3522,41610,5216,41610,770,66
1604,3522,41611,5216,41611,770,66
1604,3522,41612,5216,41612,770,66
1604,3522,41613,5216,41613,770,66
1604,3522,41614,5216,41614,770,66
1604,3522,41615,5216,41615,770,66
1604,3522,41616,5216,41616,770,66
1604,3522,41617,5216,41617,770,66
1604,3522,41618,5216,41618,770,66
1604,3522,41619,5216,41619,770,66
1604,3522,41620,5216,41620,770,66
1604,3522,41621,5216,41621,770,66
1604,3522,41622,5216,41622,770,66
1604,3522,41623,5216,41623,770,66
1604,3522,41624,5216,41624,770,66
1604,3522,41625,5216,41625,770,66
1604,3522,41626,5216,41626,770,66
1604,3522,41627,5216,41627,770,66
1604,3522,41628,5216,41628,770,66
1604,3522,41629,5216,41629,770,66
1604,3522,41630,5216,41630,770,66
1604,3522,41631,5216,41631,770,66
1604,3522,41632,5216,41632,770,66
1604,3522,41633,5216,41633,770,66
1604,3522,41634,5216,41634,770,66
1604,3522,41635,5216,41635,770,66
1604,3522,41636,5216,41636,770,66
1604,3522,41637,5216,41637,770,66
1604,3522,41638,5216,41638,770,66
1604,3522,41639,5216,41639,770,66
1604,3522,41640,5216,41640,770,66
1604,3522,41641,5216,41641,770,66
1604,3522,41642,5216,41642,770,66
1604,3522,41643,5216,41643,770,66
1604,3522,41644,5216,41644,770,66
1604,3522,41645,5216,41645,770,66
1604,3522,41646,5216,41646,770,66
1604,3522,41647,5216,41647,770,66
1604,3522,41648,5216,41648,770,66
1604,3522,41649,5216,41649,770,66
1604,3522,41650,5216,41650,770,66
1604,3522,41651,5216,41651,770,66
1604,3522,41652,5216,41652,770,66
1604,3522,41653,5216,41653,770,66
1604,3522,41654,5216,41654,770,66
1604,3522,41655,5216,41655,770,66
1604,3522,41656,5216,41656,770,66
1604,3522,41657,5216,41657,770,66
1604,3522,41658,5216,41658,770,66
1604,3522,41659,5216,41659,770,66
1604,3522,41660,5216,41660,770,66
1604,3522,41661,5216,41661,770,66
1604,3522,41662,5216,41662,770,66
1604,3522,41663,5216,41663,770,66
1604,3522,41664,5216,41664,770,66
1604,3522,41665,5216,41665,770,66
1604,3522,41666,5216,41666,770,66
1605,3522,41667,5216,41667,770,66
1605,3522,41668,5216,41668,770,66
1605,3522,41669,5216,41669,770,66
1605,3522,41670,5216,41670,770,66
1605,3522,41671,5216,41671,770,66
1605,3522,41672,5216,41672,770,66
1605,3522,41673,5216,41673,770,66
1605,3522,41674,5216,41674,770,66
1605,3522,41675,5216,41675,770,66
1605,3522,41676,5216,41676,770,66
1605,3522,41677,5216,41677,770,66
1605,3522,41678,5216,41678,770,66
1605,3522,41679,5216,41679,770,66
1605,3522,41680,5216,41680,770,66
1605,3522,41681,5216,41681,770,66
1605,3522,41682,5216,41682,770,66
1605,3522,41683,5216,41683,770,66
1605,3522,41684,5216,41684,770,66
1605,3522,41685,5216,41685,770,66
1605,3522,41686,5216,41686,770,66
1605,3522,41687,5216,41687,770,66
1605,3522,41688,5216,41688,770,66
1605,3522,41689,5216,41689,770,66
1605,3522,41690,5216,41690,770,66
1605,3522,41691,5216,41691,770,66
1605,3522,41692,5216,41692,770,66
1605,3522,41693,5216,41693,770,66
1605,3522,41694,5216,41694,770,66
1605,3522,41695,5216,41695,770,66
1605,3522,41696,5216,41696,770,66
1605,3522,41697,5216,41697,770,66
1605,3522,41698,5216,41698,770,66
1605,3522,41699,5216,41699,770,66
1605,3522,41700,5216,41700,770,66
1605,3522,41701,5216,41701,770,66
1605,3522,41702,5216,41702,770,66
1605,3522,41703,5216,41703,770,66
1605,3522,41704,5216,41704,770,66
1605,3522,41705,5216,41705,770,66
1605,3522,41706,5216,41706,770,66
1605,3522,41707,5216,41707,770,66
1605,3522,41708,5216,41708,770,66
1605,3522,41709,5216,41709,770,66
1605,3522,41710,5216,41710,770,66
1605,3522,41711,5216,41711,770,66
1605,3522,41712,5216,41712,770,66
1605,3522,41713,5216,41713,770,66
1605,3522,41714,5216,41714,770,66
1605,3522,41715,5216,41715,770,66
1605,3522,41716,5216,41716,770,66
1605,3522,41717,5216,41717,770,66
1605,3522,41718,5216,41718,770,66
1604,3522,41719,5216,41719,770,66
1604,3522,41720,5216,41720,770,66
1604,3522,41721,5216,41721,770,66
1604,3522,41722,5216,41722,770,66
1604,3522,41723,5216,41723,770,66
1604,3522,41724,5216,41724,770,66
1604,3522,41725,5216,41725,770,66
1604,3522,41726,5216,41726,770,66
1604,3522,41727,5216,41727,770,66
1604,3522,41728,5216,41728,770,66
1604,3522,41729,5216,41729,770,66
1604,3522,41730,5216,41730,770,66
1604,3522,41731,5216,41731,770,66
1604,3522,41732,5216,41732,770,66
1604,3522,41733,5216,41733,770,66
1604,3522,41734,5216,41734,770,66
1604,3522,41735,5216,41735,770,66
1604,3522,41736,5216,41736,770,66
1604,3522,41737,5216,41737,770,66
1604,3522,41738,5216,41738,770,66
1604,3522,41739,5216,41739,770,66
1604,3522,41740,5216,41740,770,66
1604,3522,41741,5216,41741,770,66
1604,3522,41742,5216,41742,770,66
1604,3522,41743,5216,41743,770,66
1604,3522,41744,5216,41744,770,66
1604,3522,41745,5216,41745,770,66
1604,3522,41746,5216,41746,770,66
1604,3522,41747,5216,41747,770,66
1604,3522,41748,5216,41748,770,66
1604,3522,41749,5216,41749,770,66
1604,3522,41750,5216,41750,770,66
1604,3522,41751,5216,41751,770,66
1604,3522,41752,5216,41752,770,66
1604,3522,41753,5216,41753,770,66
1604,3522,41754,5216,41754,770,66
1604,3522,41755,5216,41755,770,66
1604,3522,41756,5216,41756,770,66
1604,3522,41757,5216,41757,770,66
1604,3522,41758,5216,41758,770,66
1604,3522,41759,5216,41759,770,66
1604,3522,41760,5216,41760,770,66
1604,3522,41761,5216,41761,770,66
1604,3522,41762,5216,41762,770,66
1604,3522,41763,5216,41763,770,66
1604,3522,41764,5216,41764,770,66
1604,3522,41765,5216,41765,770,66
1604,3522,41766,5216,41766,770,66
1604,3522,41767,5216,41767,770,66
1604,3522,41768,5216,41768,770,66
1604,3522,41769,5216,41769,770,66
1604,3522,41770,5216,41770,770,66
1604,3522,41771,5216,41771,770,66
1604,3522,41772,5216,41772,770,66
1604,3522,41773,5216,41773,770,66
1604,3522,41774,5216,41774,770,66
1604,3522,41775,5216,41775,770,66
1604,3522,41776,5216,41776,770,66
1604,3522,41777,5216,41777,770,66
1604,3522,41778,5216,41778,770,66
1604,3522,41779,5216,41779,770,66
1604,3522,41780,5216,41780,770,66
1604,3522,41781,5216,41781,770,66
1604,3522,41782,5216,41782,770,66
1604,3522,41783,5216,41783,770,66
1604,3522,41784,5216,41784,770,66
1604,3522,41785,5216,41785,770,66
1604,3522,41786,5216,41786,770,66
1604,3522,41787,5216,41787,770,66
1604,3522,41788,5216,41788,770,66
1604,3522,41789,5216,41789,770,66
1604,3522,41790,5216,41790,770,66
1604,3522,41791,5216,41791,770,66
1604,3522,41792,5216,41792,770,66
1604,3522,41793,5216,41793,770,66
1604,3522,41794,5216,41794,770,66
1604,3522,41795,5216,41795,770,66
1604,3522,41796,5216,41796,770,66
1604,3522,41797,5216,41797,770,66
1604,3522,41798,5216,41798,770,66
1604,3522,41799,5216,41799,770,66
1604,3522,41800,5216,41800,770,66
1604,3522,41801,5216,41801,770,66
1604,3522,41802,5216,41802,770,66
1604,3522,41803,5216,41803,770,66
1604,3522,41804,5216,41804,770,66
1604,3522,41805,5216,41805,770,66
1604,3522,41806,5216,41806,770,66
1604,3522,41807,5216,41807,770,66
1604,3522,41808,5216,41808,770,66
1604,3522,41809,5216,41809,770,66
1604,3522,41810,5216,41810,770,66
1604,3522,41811,5216,41811,770,66
1604,3522,41812,5216,41812,770,66
1604,3522,41813,5216,41813,770,66
1604,3522,41814,5216,41814,770,66
1604,3522,41815,5216,41815,770,66
1604,3522,41816,5216,41816,770,66
1604,3522,41817,5216,41817,770,66
1604,3522,41818,5216,41818,770,66
1604,3522,41819,5216,41819,770,66
1604,3522,41820,5216,41820,770,66
1604,3522,41821,5216,41821,770,66
1604,3522,41822,5216,41822,770,66
1604,3522,41823,5216,41823,770,66
1604,3522,41824,5216,41824,770,66
1604,3522,41825,5216,41825,770,66
1604,3522,41826,5216,41826,770,66
1604,3522,41827,5216,41827,770,66
1604,3522,41828,5216,41828,770,66
1604,3522,41829,5216,41829,770,66
1604,3522,41830,5216,41830,770,66
1604,3522,41831,5216,41831,770,66
1604,3522,41832,5216,41832,770,66
1604,3522,41833,5216,41833,770,66
1604,3522,41834,5216,41834,770,66
1604,3522,41835,5216,41835,770,66
1604,3522,41836,5216,41836,770,66
1604,3522,41837,5216,41837,770,66
1604,3522,41838,5216,41838,770,66
1604,3522,41839,5216,41839,770,66
1604,3522,41840,5216,41840,770,66
1604,3522,41841,5216,41841,770,66
1604,3522,41842,5216,41842,770,66
1604,3522,41843,5216,41843,770,66
1604,3522,41844,5216,41844,770,66
1604,3522,41845,5216,41845,770,66
1604,3522,41846,5216,41846,770,66
1604,3522,41847,5216,41847,770,66
1604,3522,41848,5216,41848,770,66
1604,3522,41849,5216,41849,770,66
1604,3522,41850,5216,41850,770,66
1604,3522,41851,5216,41851,770,66
1604,3522,41852,5216,41852,770,66
1604,3522,41853,5216,41853,770,66
1604,3522,41854,5216,41854,770,66
1604,3522,41855,5216,41855,770,66
1604,3522,41856,5216,41856,770,66
1604,3522,41857,5216,41857,770,66
1604,3522,41858,5216,41858,770,66
1604,3522,41859,5216,41859,770,66
1604,3522,41860,5216,41860,770,66
1604,3522,41861,5216,41861,770,66
1604,3522,41862,5216,41862,770,66
1604,3522,41863,5216,41863,770,66
1604,3522,41864,5216,41864,770,66
1604,3522,41865,5216,41865,770,66
1604,3522,41866,5216,41866,770,66
1604,3522,41867,5216,41867,770,66
1604,3522,41868,5216,41868,770,66
1604,3522,41869,5216,41869,770,66
1604,3522,41870,5216,41870,770,66
1604,3522,41871,5216,41871,770,66
1604,3522,41872,5216,41872,770,66
1604,3522,41873,5216,41873,770,66
1604,3522,41874,5216,41874,770,66
1604,3522,41875,5216,41875,770,66
1604,3522,41876,5216,41876,770,66
1604,3522,41877,5216,41877,770,66
1604,3522,41878,5216,41878,770,66
1604,3522,41879,5216,41879,770,66
1604,3522,41880,5216,41880,770,66
1604,3522,41881,5216,41881,770,66
1604,3522,41882,5216,41882,770,66
1604,3522,41883,5216,41883,770,66
1604,3522,41884,5216,41884,770,66
1604,3522,41885,5216,41885,770,66
1604,3522,41886,5216,41886,770,66
1604,3522,41887,5216,41887,770,66
1604,3522,41888,5216,41888,770,66
1604,3522,41889,5216,41889,770,66
1604,3522,41890,5216,41890,770,66
1604,3522,41891,5216,41891,770,66
1604,3522,41892,5216,41892,770,66
1604,3522,41893,5216,41893,770,66
1604,3522,41894,5216,41894,770,66
1604,3522,41895,5216,41895,770,66
1604,3522,41896,5216,41896,770,66
1604,3522,41897,5216,41897,770,66
1604,3522,41898,5216,41898,770,66
1604,3522,41899,5216,41899,770,66
1604,3522,41900,5216,41900,770,66
1604,3522,41901,5216,41901,770,66
1604,3522,41902,5216,41902,770,66
1604,3522,41903,5216,41903,770,66
1604,3522,41904,5216,41904,770,66
1604,3522,41905,5216,41905,770,66
1604,3522,41906,5216,41906,770,66
1604,3522,41907,5216,41907,770,66
1604,3522,41908,5216,41908,770,66
1604,3522,41909,5216,41909,770,66
1604,3522,41910,5216,41910,770,66
1604,3522,41911,5216,41911,770,66
1604,3522,41912,5216,41912,770,66
1604,3522,41913,5216,41913,770,66
1604,3522,41914,5216,41914,770,66
1604,3522,41915,5216,41915,770,66
1604,3522,41916,5216,41916,770,66
1604,3522,41917,5216,41917,770,66
1604,3522,41918,5216,41918,770,66
1604,3522,41919,5216,41919,770,66
1604,3522,41920,5216,41920,770,66
1604,3522,41921,5216,41921,770,66
1604,3522,41922,5216,41922,770,66
1604,3522,41923,5216,41923,770,66
1604,3522,41924,5216,41924,770,66
1604,3522,41925,5216,41925,770,66
1604,3522,41926,5216,41926,770,66
1604,3522,41927,5216,41927,770,66
1604,3522,41928,5216,41928,770,66
1604,3522,41929,5216,41929,770,66
1604,3522,41930,5216,41930,770,66
1604,3522,41931,5216,41931,770,66
1604,3522,41932,5216,41932,770,66
1604,3522,41933,5216,41933,770,66
1604,3522,41934,5216,41934,770,66
1604,3522,41935,5216,41935,770,66
1604,3522,41936,5216,41936,770,66
1604,3522,41937,5216,41937,770,66
1604,3522,41938,5216,41938,770,66
1604,3522,41939,5216,41939,770,66
1604,3522,41940,5216,41940,770,66
1604,3522,41941,5216,41941,770,66
1604,3522,41942,5216,41942,770,66
1604,3522,41943,5216,41943,770,66
1604,3522,41944,5216,41944,770,66
1604,3522,41945,5216,41945,770,66
1604,3522,41946,5216,41946,770,66
1604,3522,41947,5216,41947,770,66
1604,3522,41948,5216,41948,770,66
1604,3522,41949,5216,41949,770,66
1604,3522,41950,5216,41950,770,66
1604,3522,41951,5216,41951,770,66
1604,3522,41952,5216,41952,770,66
1604,3522,41953,5216,41953,770,66
1604,3522,41954,5216,41954,770,66
1604,3522,41955,5216,41955,770,66
1604,3522,41956,5216,41956,770,66
1604,3522,41957,5216,41957,770,66
1604,3522,41958,5216,41958,770,66
1604,3522,41959,5216,41959,770,66
1604,3522,41960,5216,41960,770,66
1604,3522,41961,5216,41961,770,66
1604,3522,41962,5216,41962,770,66
1604,3522,41963,5216,41963,770,66
1604,3522,41964,5216,41964,770,66
1604,3522,41965,5216,41965,770,66
1604,3522,41966,5216,41966,770,66
1604,3522,41967,5216,41967,770,66
1604,3522,41968,5216,41968,770,66
1604,3522,41969,5216,41969,770,66
1604,3522,41970,5216,41970,770,66
1604,3522,41971,5216,41971,770,66
1604,3522,41972,5216,41972,770,66
1604,3522,41973,5216,41973,770,66
1604,3522,41974,5216,41974,770,66
1604,3522,41975,5216,41975,770,66
1604,3522,41976,5216,41976,770,66
1604,3522,41977,5216,41977,770,66
1604,3522,41978,5216,41978,770,66
1604,3522,41979,5216,41979,770,66
1604,3522,41980,5216,41980,770,66
1604,3522,41981,5216,41981,770,66
1604,3522,41982,5216,41982,770,66
1604,3522,41983,5216,41983,770,66
1604,3522,41984,5216,41984,770,66
1604,3522,41985,5216,41985,770,66
1604,3522,41986,5216,41986,770,66
1604,3522,41987,5216,41987,770,66
1604,3522,41988,5216,41988,770,66
1604,3522,41989,5216,41989,770,66
1604,3522,41990,5216,41990,770,66
1604,3522,41991,5216,41991,770,66
1604,3522,41992,5216,41992,770,66
1604,3522,41993,5216,41993,770,66
1604,3522,41994,5216,41994,770,66
1604,3522,41995,5216,41995,770,66
1604,3522,41996,5216,41996,770,66
1604,3522,41997,5216,41997,770,66
1604,3522,41998,5216,41998,770,66
1604,3522,41999,5216,41999,770,66
1604,3522,42000,5216,42000,770,66
1604,3522,42001,5216,42001,770,66
1604,3522,42002,5216,42002,770,66
1604,3522,42003,5216,42003,770,66
1604,3522,42004,5216,42004,770,66
1604,3522,42005,5216,42005,770,66
1604,3522,42006,5216,42006,770,66
1604,3522,42007,5216,42007,770,66
1604,3522,42008,5216,42008,770,66
1604,3522,42009,5216,42009,770,66
1604,3522,42010,5216,42010,770,66
1604,3522,42011,5216,42011,770,66
1604,3522,42012,5216,42012,770,66
1604,3522,42013,5216,42013,770,66
1604,3522,42014,5216,42014,770,66
1604,3522,42015,5216,42015,770,66
1604,3522,42016,5216,42016,770,66
1604,3522,42017,5216,42017,770,66
1604,3522,42018,5216,42018,770,66
1604,3522,42019,5216,42019,770,66
1604,3522,42020,5216,42020,770,66
1604,3522,42021,5216,42021,770,66
1604,3522,42022,5216,42022,770,66
1604,3522,42023,5216,42023,770,66
1604,3522,42024,5216,42024,770,66
1604,3522,42025,5216,42025,770,66
1604,3522,42026,5216,42026,770,66
1604,3522,42027,5216,42027,770,66
1604,3522,42028,5216,42028,770,66
1604,3522,42029,5216,42029,770,66
1604,3522,42030,5216,42030,770,66
1604,3522,42031,5216,42031,770,66
1604,3522,42032,5216,42032,770,66
1604,3522,42033,5216,42033,770,66
1604,3522,42034,5216,42034,770,66
1604,3522,42035,5216,42035,770,66
1604,3522,42036,5216,42036,770,66
1604,3522,42037,5216,42037,770,66
1604,3522,42038,5216,42038,770,66
1604,3522,42039,5216,42039,770,66
1604,3522,42040,5216,42040,770,66
1604,3522,42041,5216,42041,770,66
1604,3522,42042,5216,42042,770,66
1604,3522,42043,5216,42043,770,66
1604,3522,42044,5216,42044,770,66
1604,3522,42045,5216,42045,770,66
1604,3522,42046,5216,42046,770,66
1604,3522,42047,5216,42047,770,66
1604,3522,42048,5216,42048,770,66
1604,3522,42049,5216,42049,770,66
1604,3522,42050,5216,42050,770,66
1604,3522,42051,5216,42051,770,66
1604,3522,42052,5216,42052,770,66
1604,3522,42053,5216,42053,770,66
1604,3522,42054,5216,42054,770,66
1604,3522,42055,5216,42055,770,66
1604,3522,42056,5216,42056,770,66
1604,3522,42057,5216,42057,770,66
1604,3522,42058,5216,42058,770,66
1604,3522,42059,5216,42059,770,66
1604,3522,42060,5216,42060,770,66
1604,3522,42061,5216,42061,770,66
1604,3522,42062,5216,42062,770,66
1604,3522,42063,5216,42063,770,66
1604,3522,42064,5216,42064,770,66
1604,3522,42065,5216,42065,770,66
1604,3522,42066,5216,42066,770,66
1604,3522,42067,5216,42067,770,66
1604,3522,42068,5216,42068,770,66
1604,3522,42069,5216,42069,770,66
1604,3522,42070,5216,42070,770,66
1604,3522,42071,5216,42071,770,66
1604,3522,42072,5216,42072,770,66
1604,3522,42073,5216,42073,770,66
1604,3522,42074,5216,42074,770,66
1604,3522,42075,5216,42075,770,66
1604,3522,42076,5216,42076,770,66
1604,3522,42077,5216,42077,770,66
1604,3522,42078,5216,42078,770,66
1604,3522,42079,5216,42079,770,66
1604,3522,42080,5216,42080,770,66
1604,3522,42081,5216,42081,770,66
1604,3522,42082,5216,42082,770,66
1604,3522,42083,5216,42083,770,66
1604,3522,42084,5216,42084,770,66
1604,3522,42085,5216,42085,770,66
1604,3522,42086,5216,42086,770,66
1604,3522,42087,5216,42087,770,66
1604,3522,42088,5216,42088,770,66
1604,3522,42089,5216,42089,770,66
1604,3522,42090,5216,42090,770,66
1604,3522,42091,5216,42091,770,66
1604,3522,42092,5216,42092,770,66
1604,3522,42093,5216,42093,770,66
1604,3522,42094,5216,42094,770,66
1604,3522,42095,5216,42095,770,66
1604,3522,42096,5216,42096,770,66
1604,3522,42097,5216,42097,770,66
1604,3522,42098,5216,42098,770,66
1604,3522,42099,5216,42099,770,66
1604,3522,42100,5216,42100,770,66
1604,3522,42101,5216,42101,770,66
1604,3522,42102,5216,42102,770,66
1604,3522,42103,5216,42103,770,66
1604,3522,42104,5216,42104,770,66
1604,3522,42105,5216,42105,770,66
1604,3522,42106,5216,42106,770,66
1604,3522,42107,5216,42107,770,66
1604,3522,42108,5216,42108,770,66
1604,3522,42109,5216,42109,770,66
1604,3522,42110,5216,42110,770,66
1604,3522,42111,5216,42111,770,66
1604,3522,42112,5216,42112,770,66
1604,3522,42113,5216,42113,770,66
1604,3522,42114,5216,42114,770,66
1604,3522,42115,5216,42115,770,66
1604,3522,42116,5216,42116,770,66
1604,3522,42117,5216,42117,770,66
1604,3522,42118,5216,42118,770,66
1604,3522,42119,5216,42119,770,66
1604,3522,42120,5216,42120,770,66
1604,3522,42121,5216,42121,770,66
1604,3522,42122,5216,42122,770,66
1604,3522,42123,5216,42123,770,66
1604,3522,42124,5216,42124,770,66
1604,3522,42125,5216,42125,770,66
1604,3522,42126,5216,42126,770,66
1604,3522,42127,5216,42127,770,66
1604,3522,42128,5216,42128,770,66
1604,3522,42129,5216,42129,770,66
1604,3522,42130,5216,42130,770,66
1604,3522,42131,5216,42131,770,66
1604,3522,42132,5216,42132,770,66
1604,3522,42133,5216,42133,770,66
1604,3522,42134,5216,42134,770,66
1604,3522,42135,5216,42135,770,66
1604,3522,42136,5216,42136,770,66
1604,3522,42137,5216,42137,770,66
1604,3522,42138,5216,42138,770,66
1604,3522,42139,5216,42139,770,66
1604,3522,42140,5216,42140,770,66
1604,3522,42141,5216,42141,770,66
1604,3522,42142,5216,42142,770,66
1604,3522,42143,5216,42143,770,66
1604,3522,42144,5216,42144,770,66
1604,3522,42145,5216,42145,770,66
1604,3522,42146,5216,42146,770,66
1604,3522,42147,5216,42147,770,66
1604,3522,42148,5216,42148,770,66
1604,3522,42149,5216,42149,770,66
1604,3522,42150,5216,42150,770,66
1604,3522,42151,5216,42151,770,66
1604,3522,42152,5216,42152,770,66
1604,3522,42153,5216,42153,770,66
1604,3522,42154,5216,42154,770,66
1604,3522,42155,5216,42155,770,66
1604,3522,42156,5216,42156,770,66
1604,3522,42157,5216,42157,770,66
1604,3522,42158,5216,42158,770,66
1604,3522,42159,5216,42159,770,66
1604,3522,42160,5216,42160,770,66
1604,3522,42161,5216,42161,770,66
1604,3522,42162,5216,42162,770,66
1604,3522,42163,5216,42163,770,66
1604,3522,42164,5216,42164,770,66
1604,3522,42165,5216,42165,770,66
1604,3522,42166,5216,42166,770,66
1604,3522,42167,5216,42167,770,66
1604,3522,42168,5216,42168,770,66
1604,3522,42169,5216,42169,770,66
1604,3522,42170,5216,42170,770,66
1604,3522,42171,5216,42171,770,66
1604,3522,42172,5216,42172,770,66
1604,3522,42173,5216,42173,770,66
1604,3522,42174,5216,42174,770,66
1604,3522,42175,5216,42175,770,66
1604,3522,42176,5216,42176,770,66
1604,3522,42177,5216,42177,770,66
1604,3522,42178,5216,42178,770,66
1604,3522,42179,5216,42179,770,66
1604,3522,42180,5216,42180,770,66
1604,3522,42181,5216,42181,770,66
1604,3522,42182,5216,42182,770,66
1604,3522,42183,5216,42183,770,66
1604,3522,42184,5216,42184,770,66
1604,3522,42185,5216,42185,770,66
1604,3522,42186,5216,42186,770,66
1604,3522,42187,5216,42187,770,66
1604,3522,42188,5216,42188,770,66
1604,3522,42189,5216,42189,770,66
1604,3522,42190,5216,42190,770,66
1604,3522,42191,5216,42191,770,66
1604,3522,42192,5216,42192,770,66
1604,3522,42193,5216,42193,770,66
1604,3522,42194,5216,42194,770,66
1604,3522,42195,5216,42195,770,66
1604,3522,42196,5216,42196,770,66
1604,3522,42197,5216,42197,770,66
1604,3522,42198,5216,42198,770,66
1604,3522,42199,5216,42199,770,66
1604,3522,42200,5216,42200,770,66
1604,3522,42201,5216,42201,770,66
1604,3522,42202,5216,42202,770,66
1604,3522,42203,5216,42203,770,66
1604,3522,42204,5216,42204,770,66
1604,3522,42205,5216,42205,770,66
1604,3522,42206,5216,42206,770,66
1604,3522,42207,5216,42207,770,66
1604,3522,42208,5216,42208,770,66
1604,3522,42209,5216,42209,770,66
1604,3522,42210,5216,42210,770,66
1604,3522,42211,5216,42211,770,66
1604,3522,42212,5216,42212,770,66
1604,3522,42213,5216,42213,770,66
1604,3522,42214,5216,42214,770,66
1604,3522,42215,5216,42215,770,66
1604,3522,42216,5216,42216,770,66
1604,3522,42217,5216,42217,770,66
1604,3522,42218,5216,42218,770,66
1604,3522,42219,5216,42219,770,66
1604,3522,42220,5216,42220,770,66
1604,3522,42221,5216,42221,770,66
1604,3522,42222,5216,42222,770,66
1604,3522,42223,5216,42223,770,66
1604,3522,42224,5216,42224,770,66
1604,3522,42225,5216,42225,770,66
1604,3522,42226,5216,42226,770,66
1604,3522,42227,5216,42227,770,66
1604,3522,42228,5216,42228,770,66
1604,3522,42229,5216,42229,770,66
1604,3522,42230,5216,42230,770,66
1604,3522,42231,5216,42231,770,66
1604,3522,42232,5216,42232,770,66
1604,3522,42233,5216,42233,770,66
1604,3522,42234,5216,42234,770,66
1604,3522,42235,5216,42235,770,66
1604,3522,42236,5216,42236,770,66
1604,3522,42237,5216,42237,770,66
1604,3522,42238,5216,42238,770,66
1604,3522,42239,5216,42239,770,66
1604,3522,42240,5216,42240,770,66
1604,3522,42241,5216,42241,770,66
1604,3522,42242,5216,42242,770,66
1604,3522,42243,5216,42243,770,66
1604,3522,42244,5216,42244,770,66
1604,3522,42245,5216,42245,770,66
1604,3522,42246,5216,42246,770,66
1604,3522,42247,5216,42247,770,66
1604,3522,42248,5216,42248,770,66
1604,3522,42249,5216,42249,770,66
1604,3522,42250,5216,42250,770,66
1604,3522,42251,5216,42251,770,66
1604,3522,42252,5216,42252,770,66
1604,3522,42253,5216,42253,770,66
1604,3522,42254,5216,42254,770,66
1604,3522,42255,5216,42255,770,66
1604,3522,42256,5216,42256,770,66
1604,3522,42257,5216,42257,770,66
1604,3522,42258,5216,42258,770,66
1604,3522,42259,5216,42259,770,66
1604,3522,42260,5216,42260,770,66
1604,3522,42261,5216,42261,770,66
1604,3522,42262,5216,42262,770,66
1604,3522,42263,5216,42263,770,66
1604,3522,42264,5216,42264,770,66
1604,3522,42265,5216,42265,770,66
1604,3522,42266,5216,42266,770,66
1604,3522,42267,5216,42267,770,66
1604,3522,42268,5216,42268,770,66
1604,3522,42269,5216,42269,770,66
1604,3522,42270,5216,42270,770,66
1604,3522,42271,5216,42271,770,66
1604,3522,42272,5216,42272,770,66
1604,3522,42273,5216,42273,770,66
1604,3522,42274,5216,42274,770,66
1604,3522,42275,5216,42275,770,66
1604,3522,42276,5216,42276,770,66
1604,3522,42277,5216,42277,770,66
1604,3522,42278,5216,42278,770,66
1604,3522,42279,5216,42279,770,66
1604,3522,42280,5216,42280,770,66
1604,3522,42281,5216,42281,770,66
1604,3522,42282,5216,42282,770,66
1604,3522,42283,5216,42283,770,66
1604,3522,42284,5216,42284,770,66
1604,3522,42285,5216,42285,770,66
1604,3522,42286,5216,42286,770,66
1604,3522,42287,5216,42287,770,66
1604,3522,42288,5216,42288,770,66
1604,3522,42289,5216,42289,770,66
1604,3522,42290,5216,42290,770,66
1604,3522,42291,5216,42291,770,66
1604,3522,42292,5216,42292,770,66
1604,3522,42293,5216,42293,770,66
1604,3522,42294,5216,42294,770,66
1604,3522,42295,5216,42295,770,66
1604,3522,42296,5216,42296,770,66
1604,3522,42297,5216,42297,770,66
1604,3522,42298,5216,42298,770,66
1604,3522,42299,5216,42299,770,66
1604,3522,42300,5216,42300,770,66
1604,3522,42301,5216,42301,770,66
1604,3522,42302,5216,42302,770,66
1604,3522,42303,5216,42303,770,66
1604,3522,42304,5216,42304,770,66
1604,3522,42305,5216,42305,770,66
1604,3522,42306,5216,42306,770,66
1604,3522,42307,5216,42307,770,66
1604,3522,42308,5216,42308,770,66
1604,3522,42309,5216,42309,770,66
1604,3522,42310,5216,42310,770,66
1604,3522,42311,5216,42311,770,66
1604,3522,42312,5216,42312,770,66
1604,3522,42313,5216,42313,770,66
1604,3522,42314,5216,42314,770,66
1604,3522,42315,5216,42315,770,66
1604,3522,42316,5216,42316,770,66
1604,3522,42317,5216,42317,770,66
1604,3522,42318,5216,42318,770,66
1604,3522,42319,5216,42319,770,66
1604,3522,42320,5216,42320,770,66
1604,3522,42321,5216,42321,770,66
1604,3522,42322,5216,42322,770,66
1604,3522,42323,5216,42323,770,66
1604,3522,42324,5216,42324,770,66
1604,3522,42325,5216,42325,770,66
1604,3522,42326,5216,42326,770,66
1604,3522,42327,5216,42327,770,66
1604,3522,42328,5216,42328,770,66
1604,3522,42329,5216,42329,770,66
1604,3522,42330,5216,42330,770,66
1604,3522,42331,5216,42331,770,66
1604,3522,42332,5216,42332,770,66
1604,3522,42333,5216,42333,770,66
1604,3522,42334,5216,42334,770,66
1604,3522,42335,5216,42335,770,66
1604,3522,42336,5216,42336,770,66
1604,3522,42337,5216,42337,770,66
1604,3522,42338,5216,42338,770,66
1604,3522,42339,5216,42339,770,66
1604,3522,42340,5216,42340,770,66
1604,3522,42341,5216,42341,770,66
1604,3522,42342,5216,42342,770,66
1604,3522,42343,5216,42343,770,66
1604,3522,42344,5216,42344,770,66
1604,3522,42345,5216,42345,770,66
1604,3522,42346,5216,42346,770,66
1604,3522,42347,5216,42347,770,66
1604,3522,42348,5216,42348,770,66
1604,3522,42349,5216,42349,770,66
1604,3522,42350,5216,42350,770,66
1604,3522,42351,5216,42351,770,66
1604,3522,42352,5216,42352,770,66
1604,3522,42353,5216,42353,770,66
1604,3522,42354,5216,42354,770,66
1604,3522,42355,5216,42355,770,66
1604,3522,42356,5216,42356,770,66
1604,3522,42357,5216,42357,770,66
1604,3522,42358,5216,42358,770,66
1604,3522,42359,5216,42359,770,66
1604,3522,42360,5216,42360,770,66
1604,3522,42361,5216,42361,770,66
1604,3522,42362,5216,42362,770,66
1604,3522,42363,5216,42363,770,66
1604,3522,42364,5216,42364,770,66
1604,3522,42365,5216,42365,770,66
1604,3522,42366,5216,42366,770,66
1604,3522,42367,5216,42367,770,66
1604,3522,42368,5216,42368,770,66
1604,3522,42369,5216,42369,770,66
1604,3522,42370,5216,42370,770,66
1604,3522,42371,5216,42371,770,66
1604,3522,42372,5216,42372,770,66
1604,3522,42373,5216,42373,770,66
1604,3522,42374,5216,42374,770,66
1604,3522,42375,5216,42375,770,66
1604,3522,42376,5216,42376,770,66
1604,3522,42377,5216,42377,770,66
1604,3522,42378,5216,42378,770,66
1604,3522,42379,5216,42379,770,66
1604,3522,42380,5216,42380,770,66
1604,3522,42381,5216,42381,770,66
1604,3522,42382,5216,42382,770,66
1604,3522,42383,5216,42383,770,66
1604,3522,42384,5216,42384,770,66
1604,3522,42385,5216,42385,770,66
1604,3522,42386,5216,42386,770,66
1604,3522,42387,5216,42387,770,66
1604,3522,42388,5216,42388,770,66
1604,3522,42389,5216,42389,770,66
1604,3522,42390,5216,42390,770,66
1604,3522,42391,5216,42391,770,66
1604,3522,42392,5216,42392,770,66
1604,3522,42393,5216,42393,770,66
1604,3522,42394,5216,42394,770,66
1604,3522,42395,5216,42395,770,66
1604,3522,42396,5216,42396,770,66
1604,3522,42397,5216,42397,770,66
1604,3522,42398,5216,42398,770,66
1604,3522,42399,5216,42399,770,66
1604,3522,42400,5216,42400,770,66
1604,3522,42401,5216,42401,770,66
1604,3522,42402,5216,42402,770,66
1604,3522,42403,5216,42403,770,66
1604,3522,42404,5216,42404,770,66
1604,3522,42405,5216,42405,770,66
1604,3522,42406,5216,42406,770,66
1604,3522,42407,5216,42407,770,66
1604,3522,42408,5216,42408,770,66
1604,3522,42409,5216,42409,770,66
1604,3522,42410,5216,42410,770,66
1604,3522,42411,5216,42411,770,66
1604,3522,42412,5216,42412,770,66
1604,3522,42413,5216,42413,770,66
1604,3522,42414,5216,42414,770,66
1604,3522,42415,5216,42415,770,66
1604,3522,42416,5216,42416,770,66
1604,3522,42417,5216,42417,770,66
1604,3522,42418,5216,42418,770,66
1604,3522,42419,5216,42419,770,66
1604,3522,42420,5216,42420,770,66
1604,3522,42421,5216,42421,770,66
1604,3522,42422,5216,42422,770,66
1604,3522,42423,5216,42423,770,66
1604,3522,42424,5216,42424,770,66
1604,3522,42425,5216,42425,770,66
1604,3522,42426,5216,42426,770,66
1604,3522,42427,5216,42427,770,66
1604,3522,42428,5216,42428,770,66
1604,3522,42429,5216,42429,770,66
1604,3522,42430,5216,42430,770,66
1604,3522,42431,5216,42431,770,66
1604,3522,42432,5216,42432,770,66
1604,3522,42433,5216,42433,770,66
1604,3522,42434,5216,42434,770,66
1604,3522,42435,5216,42435,770,66
1604,3522,42436,5216,42436,770,66
1604,3522,42437,5216,42437,770,66
1604,3522,42438,5216,42438,770,66
1604,3522,42439,5216,42439,770,66
1604,3522,42440,5216,42440,770,66
1604,3522,42441,5216,42441,770,66
1604,3522,42442,5216,42442,770,66
1604,3522,42443,5216,42443,770,66
1604,3522,42444,5216,42444,770,66
1604,3522,42445,5216,42445,770,66
1604,3522,42446,5216,42446,770,66
1604,3522,42447,5216,42447,770,66
1604,3522,42448,5216,42448,770,66
1604,3522,42449,5216,42449,770,66
1604,3522,42450,5216,42450,770,66
1604,3522,42451,5216,42451,770,66
1604,3522,42452,5216,42452,770,66
1604,3522,42453,5216,42453,770,66
1604,3522,42454,5216,42454,770,66
1604,3522,42455,5216,42455,770,66
1604,3522,42456,5216,42456,770,66
1604,3522,42457,5216,42457,770,66
1604,3522,42458,5216,42458,770,66
1604,3522,42459,5216,42459,770,66
1604,3522,42460,5216,42460,770,66
1604,3522,42461,5216,42461,770,66
1604,3522,42462,5216,42462,770,66
1604,3522,42463,5216,42463,770,66
1604,3522,42464,5216,42464,770,66
1604,3522,42465,5216,42465,770,66
1604,3522,42466,5216,42466,770,66
1604,3522,42467,5216,42467,770,66
1604,3522,42468,5216,42468,770,66
1604,3522,42469,5216,42469,770,66
1604,3522,42470,5216,42470,770,66
1604,3522,42471,5216,42471,770,66
1604,3522,42472,5216,42472,770,66
1604,3522,42473,5216,42473,770,66
1604,3522,42474,5216,42474,770,66
1604,3522,42475,5216,42475,770,66
1604,3522,42476,5216,42476,770,66
1604,3522,42477,5216,42477,770,66
1604,3522,42478,5216,42478,770,66
1604,3522,42479,5216,42479,770,66
1604,3522,42480,5216,42480,770,66
1604,3522,42481,5216,42481,770,66
1604,3522,42482,5216,42482,770,66
1604,3522,42483,5216,42483,770,66
1604,3522,42484,5216,42484,770,66
1604,3522,42485,5216,42485,770,66
1604,3522,42486,5216,42486,770,66
1604,3522,42487,5216,42487,770,66
1604,3522,42488,5216,42488,770,66
1604,3522,42489,5216,42489,770,66
1604,3522,42490,5216,42490,770,66
1604,3522,42491,5216,42491,770,66
1604,3522,42492,5216,42492,770,66
1604,3522,42493,5216,42493,770,66
1604,3522,42494,5216,42494,770,66
1604,3522,42495,5216,42495,770,66
1604,3522,42496,5216,42496,770,66
1604,3522,42497,5216,42497,770,66
1604,3522,42498,5216,42498,770,66
1604,3522,42499,5216,42499,770,66
1604,3522,42500,5216,42500,770,66
1604,3522,42501,5216,42501,770,66
1604,3522,42502,5216,42502,770,66
1604,3522,42503,5216,42503,770,66
1604,3522,42504,5216,42504,770,66
1604,3522,42505,5216,42505,770,66
1604,3522,42506,5216,42506,770,66
1604,3522,42507,5216,42507,770,66
1604,3522,42508,5216,42508,770,66
1604,3522,42509,5216,42509,770,66
1604,3522,42510,5216,42510,770,66
1604,3522,42511,5216,42511,770,66
1604,3522,42512,5216,42512,770,66
1604,3522,42513,5216,42513,770,66
1604,3522,42514,5216,42514,770,66
1604,3522,42515,5216,42515,770,66
1604,3522,42516,5216,42516,770,66
1604,3522,42517,5216,42517,770,66
1604,3522,42518,5216,42518,770,66
1604,3522,42519,5216,42519,770,66
1604,3522,42520,5216,42520,770,66
1604,3522,42521,5216,42521,770,66
1604,3522,42522,5216,42522,770,66
1604,3522,42523,5216,42523,770,66
1604,3522,42524,5216,42524,770,66
1604,3522,42525,5216,42525,770,66
1604,3522,42526,5216,42526,770,66
1604,3522,42527,5216,42527,770,66
1604,3522,42528,5216,42528,770,66
1604,3522,42529,5216,42529,770,66
1604,3522,42530,5216,42530,770,66
1604,3522,42531,5216,42531,770,66
1604,3522,42532,5216,42532,770,66
1604,3522,42533,5216,42533,770,66
1604,3522,42534,5216,42534,770,66
1604,3522,42535,5216,42535,770,66
1604,3522,42536,5216,42536,770,66
1604,3522,42537,5216,42537,770,66
1604,3522,42538,5216,42538,770,66
1604,3522,42539,5216,42539,770,66
1604,3522,42540,5216,42540,770,66
1604,3522,42541,5216,42541,770,66
1604,3522,42542,5216,42542,770,66
1604,3522,42543,5216,42543,770,66
1604,3522,42544,5216,42544,770,66
1604,3522,42545,5216,42545,770,66
1604,3522,42546,5216,42546,770,66
1604,3522,42547,5216,42547,770,66
1604,3522,42548,5216,42548,770,66
1604,3522,42549,5216,42549,770,66
1604,3522,42550,5216,42550,770,66
1604,3522,42551,5216,42551,770,66
1604,3522,42552,5216,42552,770,66
1604,3522,42553,5216,42553,770,66
1604,3522,42554,5216,42554,770,66
1604,3522,42555,5216,42555,770,66
1604,3522,42556,5216,42556,770,66
1604,3522,42557,5216,42557,770,66
1604,3522,42558,5216,42558,770,66
1604,3522,42559,5216,42559,770,66
1604,3522,42560,5216,42560,770,66
1604,3522,42561,5216,42561,770,66
1604,3522,42562,5216,42562,770,66
1604,3522,42563,5216,42563,770,66
1604,3522,42564,5216,42564,770,66
1604,3522,42565,5216,42565,770,66
1604,3522,42566,5216,42566,770,66
1604,3522,42567,5216,42567,770,66
1604,3522,42568,5216,42568,770,66
1604,3522,42569,5216,42569,770,66
1604,3522,42570,5216,42570,770,66
1604,3522,42571,5216,42571,770,66
1604,3522,42572,5216,42572,770,66
1604,3522,42573,5216,42573,770,66
1604,3522,42574,5216,42574,770,66
1604,3522,42575,5216,42575,770,66
1604,3522,42576,5216,42576,770,66
1604,3522,42577,5216,42577,770,66
1604,3522,42578,5216,42578,770,66
1604,3522,42579,5216,42579,770,66
1604,3522,42580,5216,42580,770,66
1604,3522,42581,5216,42581,770,66
1604,3522,42582,5216,42582,770,66
1604,3522,42583,5216,42583,770,66
1604,3522,42584,5216,42584,770,66
1604,3522,42585,5216,42585,770,66
1604,3522,42586,5216,42586,770,66
1604,3522,42587,5216,42587,770,66
1604,3522,42588,5216,42588,770,66
1604,3522,42589,5216,42589,770,66
1604,3522,42590,5216,42590,770,66
1604,3522,42591,5216,42591,770,66
1604,3522,42592,5216,42592,770,66
1604,3522,42593,5216,42593,770,66
1604,3522,42594,5216,42594,770,66
1604,3522,42595,5216,42595,770,66
1604,3522,42596,5216,42596,770,66
1604,3522,42597,5216,42597,770,66
1604,3522,42598,5216,42598,770,66
1604,3522,42599,5216,42599,770,66
1604,3522,42600,5216,42600,770,66
1604,3522,42601,5216,42601,770,66
1604,3522,42602,5216,42602,770,66
1604,3522,42603,5216,42603,770,66
1604,3522,42604,5216,42604,770,66
1604,3522,42605,5216,42605,770,66
1604,3522,42606,5216,42606,770,66
1604,3522,42607,5216,42607,770,66
1604,3522,42608,5216,42608,770,66
1604,3522,42609,5216,42609,770,66
1604,3522,42610,5216,42610,770,66
1604,3522,42611,5216,42611,770,66
1604,3522,42612,5216,42612,770,66
1604,3522,42613,5216,42613,770,66
1604,3522,42614,5216,42614,770,66
1604,3522,42615,5216,42615,770,66
1604,3522,42616,5216,42616,770,66
1604,3522,42617,5216,42617,770,66
1604,3522,42618,5216,42618,770,66
1604,3522,42619,5216,42619,770,66
1604,3522,42620,5216,42620,770,66
1604,3522,42621,5216,42621,770,66
1604,3522,42622,5216,42622,770,66
1604,3522,42623,5216,42623,770,66
1604,3522,42624,5216,42624,770,66
1604,3522,42625,5216,42625,770,66
1604,3522,42626,5216,42626,770,66
1604,3522,42627,5216,42627,770,66
1603,3522,42628,5216,42628,770,66
1603,3522,42629,5216,42629,770,66
1603,3522,42630,5216,42630,770,66
1603,3522,42631,5216,42631,770,66
1603,3522,42632,5216,42632,770,66
1603,3522,42633,5216,42633,770,66
1603,3522,42634,5216,42634,770,66
1603,3522,42635,5216,42635,770,66
1603,3522,42636,5216,42636,770,66
1603,3522,42637,5216,42637,770,66
1603,3522,42638,5216,42638,770,66
1603,3522,42639,5216,42639,770,66
1603,3522,42640,5216,42640,770,66
1603,3522,42641,5216,42641,770,66
1603,3522,42642,5216,42642,770,66
1603,3522,42643,5216,42643,770,66
1603,3522,42644,5216,42644,770,66
1603,3522,42645,5216,42645,770,66
1603,3522,42646,5216,42646,770,66
1603,3522,42647,5216,42647,770,66
1603,3522,42648,5216,42648,770,66
1603,3522,42649,5216,42649,770,66
1603,3522,42650,5216,42650,770,66
1603,3522,42651,5216,42651,770,66
1603,3522,42652,5216,42652,770,66
1603,3522,42653,5216,42653,770,66
1603,3522,42654,5216,42654,770,66
1603,3522,42655,5216,42655,770,66
1603,3522,42656,5216,42656,770,66
1603,3522,42657,5216,42657,770,66
1603,3522,42658,5216,42658,770,66
1603,3522,42659,5216,42659,770,66
1603,3522,42660,5216,42660,770,66
1603,3522,42661,5216,42661,770,66
1603,3522,42662,5216,42662,770,66
1603,3522,42663,5216,42663,770,66
1603,3522,42664,5216,42664,770,66
1603,3522,42665,5216,42665,770,66
1603,3522,42666,5216,42666,770,66
1603,3522,42667,5216,42667,770,66
1603,3522,42668,5216,42668,770,66
1603,3522,42669,5216,42669,770,66
1602,3522,42670,5216,42670,770,66
1602,3522,42671,5216,42671,770,66
1602,3522,42672,5216,42672,770,66
1602,3522,42673,5216,42673,770,66
1602,3522,42674,5216,42674,770,66
1602,3522,42675,5216,42675,770,66
1602,3522,42676,5216,42676,770,66
1602,3522,42677,5216,42677,770,66
1602,3522,42678,5216,42678,770,66
1602,3522,42679,5216,42679,770,66
1602,3522,42680,5216,42680,770,66
1602,3522,42681,5216,42681,770,66
1602,3522,42682,5216,42682,770,66
1602,3522,42683,5216,42683,770,66
1602,3522,42684,5216,42684,770,66
1602,3522,42685,5216,42685,770,66
1602,3522,42686,5216,42686,770,66
1602,3522,42687,5216,42687,770,66
1602,3522,42688,5216,42688,770,66
1602,3522,42689,5216,42689,770,66
1602,3522,42690,5216,42690,770,66
1602,3522,42691,5216,42691,770,66
1602,3522,42692,5216,42692,770,66
1602,3522,42693,5216,42693,770,66
1602,3522,42694,5216,42694,770,66
1602,3522,42695,5216,42695,770,66
1602,3522,42696,5216,42696,770,66
1602,3522,42697,5216,42697,770,66
1602,3522,42698,5216,42698,770,66
1602,3522,42699,5216,42699,770,66
1602,3522,42700,5216,42700,770,66
1602,3522,42701,5216,42701,770,66
1602,3522,42702,5216,42702,770,66
1602,3522,42703,5216,42703,770,66
1602,3522,42704,5216,42704,770,66
1602,3522,42705,5216,42705,770,66
1602,3522,42706,5216,42706,770,66
1602,3522,42707,5216,42707,770,66
1602,3522,42708,5216,42708,770,66
1602,3522,42709,5216,42709,770,66
1602,3522,42710,5216,42710,770,66
1602,3522,42711,5216,42711,770,66
1602,3522,42712,5216,42712,770,66
1602,3522,42713,5216,42713,770,66
1602,3522,42714,5216,42714,770,66
1602,3522,42715,5216,42715,770,66
1602,3522,42716,5216,42716,770,66
1602,3522,42717,5216,42717,770,66
1602,3522,42718,5216,42718,770,66
1602,3522,42719,5216,42719,770,66
1602,3522,42720,5216,42720,770,66
1602,3522,42721,5216,42721,770,66
1602,3522,42722,5216,42722,770,66
1602,3522,42723,5216,42723,770,66
1602,3522,42724,5216,42724,770,66
1602,3522,42725,5216,42725,770,66
1602,3522,42726,5216,42726,770,66
1602,3522,42727,5216,42727,770,66
1602,3522,42728,5216,42728,770,66
1602,3522,42729,5216,42729,770,66
1602,3522,42730,5216,42730,770,66
1602,3522,42731,5216,42731,770,66
1602,3522,42732,5216,42732,770,66
1602,3522,42733,5216,42733,770,66
1602,3522,42734,5216,42734,770,66
1602,3522,42735,5216,42735,770,66
1602,3522,42736,5216,42736,770,66
1602,3522,42737,5216,42737,770,66
1602,3522,42738,5216,42738,770,66
1602,3522,42739,5216,42739,770,66
1602,3522,42740,5216,42740,770,66
1602,3522,42741,5216,42741,770,66
1602,3522,42742,5216,42742,770,66
1602,3522,42743,5216,42743,770,66
1602,3522,42744,5216,42744,770,66
1602,3522,42745,5216,42745,770,66
1602,3522,42746,5216,42746,770,66
1602,3522,42747,5216,42747,770,66
1602,3522,42748,5216,42748,770,66
1602,3522,42749,5216,42749,770,66
1602,3522,42750,5216,42750,770,66
1602,3522,42751,5216,42751,770,66
1602,3522,42752,5216,42752,770,66
1602,3522,42753,5216,42753,770,66
1602,3522,42754,5216,42754,770,66
1602,3522,42755,5216,42755,770,66
1602,3522,42756,5216,42756,770,66
1602,3522,42757,5216,42757,770,66
1602,3522,42758,5216,42758,770,66
1602,3522,42759,5216,42759,770,66
1602,3522,42760,5216,42760,770,66
1602,3522,42761,5216,42761,770,66
1602,3522,42762,5216,42762,770,66
1602,3522,42763,5216,42763,770,66
1602,3522,42764,5216,42764,770,66
1602,3522,42765,5216,42765,770,66
1602,3522,42766,5216,42766,770,66
1602,3522,42767,5216,42767,770,66
1602,3522,42768,5216,42768,770,66
1602,3522,42769,5216,42769,770,66
1602,3522,42770,5216,42770,770,66
1602,3522,42771,5216,42771,770,66
1602,3522,42772,5216,42772,770,66
1602,3522,42773,5216,42773,770,66
1602,3522,42774,5216,42774,770,66
1602,3522,42775,5216,42775,770,66
1602,3522,42776,5216,42776,770,66
1602,3522,42777,5216,42777,770,66
1602,3522,42778,5216,42778,770,66
1601,3522,42779,5216,42779,770,66
1601,3522,42780,5216,42780,770,66
1601,3522,42781,5216,42781,770,66
1601,3522,42782,5216,42782,770,66
1601,3522,42783,5216,42783,770,66
1601,3522,42784,5216,42784,770,66
1601,3522,42785,5216,42785,770,66
1601,3522,42786,5216,42786,770,66
1601,3522,42787,5216,42787,770,66
1601,3522,42788,5216,42788,770,66
1601,3522,42789,5216,42789,770,66
1601,3522,42790,5216,42790,770,66
1601,3522,42791,5216,42791,770,66
1601,3522,42792,5216,42792,770,66
1601,3522,42793,5216,42793,770,66
1601,3522,42794,5216,42794,770,66
1601,3522,42795,5216,42795,770,66
1601,3522,42796,5216,42796,770,66
1601,3522,42797,5216,42797,770,66
1601,3522,42798,5216,42798,770,66
1601,3522,42799,5216,42799,770,66
1601,3522,42800,5216,42800,770,66
1601,3522,42801,5216,42801,770,66
1601,3522,42802,5216,42802,770,66
1601,3522,42803,5216,42803,770,66
1601,3522,42804,5216,42804,770,66
1601,3522,42805,5216,42805,770,66
1601,3522,42806,5216,42806,770,66
1601,3522,42807,5216,42807,770,66
1601,3522,42808,5216,42808,770,66
1601,3522,42809,5216,42809,770,66
1601,3522,42810,5216,42810,770,66
1601,3522,42811,5216,42811,770,66
1601,3522,42812,5216,42812,770,66
1601,3522,42813,5216,42813,770,66
1601,3522,42814,5216,42814,770,66
1601,3522,42815,5216,42815,770,66
1601,3522,42816,5216,42816,770,66
1601,3522,42817,5216,42817,770,66
1601,3522,42818,5216,42818,770,66
1601,3522,42819,5216,42819,770,66
1601,3522,42820,5216,42820,770,66
1601,3522,42821,5216,42821,770,66
1601,3522,42822,5216,42822,770,66
1601,3522,42823,5216,42823,770,66
1601,3522,42824,5216,42824,770,66
1601,3522,42825,5216,42825,770,66
1601,3522,42826,5216,42826,770,66
1601,3522,42827,5216,42827,770,66
1601,3522,42828,5216,42828,770,66
1601,3522,42829,5216,42829,770,66
1601,3522,42830,5216,42830,770,66
1601,3522,42831,5216,42831,770,66
1601,3522,42832,5216,42832,770,66
1601,3522,42833,5216,42833,770,66
1601,3522,42834,5216,42834,770,66
1601,3522,42835,5216,42835,770,66
1601,3522,42836,5216,42836,770,66
1601,3522,42837,5216,42837,770,66
1601,3522,42838,5216,42838,770,66
1601,3522,42839,5216,42839,770,66
1601,3522,42840,5216,42840,770,66
1601,3522,42841,5216,42841,770,66
1601,3522,42842,5216,42842,770,66
1601,3522,42843,5216,42843,770,66
1601,3522,42844,5216,42844,770,66
1601,3522,42845,5216,42845,770,66
1601,3522,42846,5216,42846,770,66
1601,3522,42847,5216,42847,770,66
1601,3522,42848,5216,42848,770,66
1601,3522,42849,5216,42849,770,66
1601,3522,42850,5216,42850,770,66
1601,3522,42851,5216,42851,770,66
1601,3522,42852,5216,42852,770,66
1601,3522,42853,5216,42853,770,66
1601,3522,42854,5216,42854,770,66
1601,3522,42855,5216,42855,770,66
1601,3522,42856,5216,42856,770,66
1601,3522,42857,5216,42857,770,66
1601,3522,42858,5216,42858,770,66
1601,3522,42859,5216,42859,770,66
1601,3522,42860,5216,42860,770,66
1601,3522,42861,5216,42861,770,66
1601,3522,42862,5216,42862,770,66
1601,3522,42863,5216,42863,770,66
1601,3522,42864,5216,42864,770,66
1601,3522,42865,5216,42865,770,66
1601,3522,42866,5216,42866,770,66
1601,3522,42867,5216,42867,770,66
1601,3522,42868,5216,42868,770,66
1601,3522,42869,5216,42869,770,66
1601,3522,42870,5216,42870,770,66
1601,3522,42871,5216,42871,770,66
1601,3522,42872,5216,42872,770,66
1601,3522,42873,5216,42873,770,66
1601,3522,42874,5216,42874,770,66
1601,3522,42875,5216,42875,770,66
1601,3522,42876,5216,42876,770,66
1601,3522,42877,5216,42877,770,66
1600,3522,42878,5216,42878,770,65
1600,3522,42879,5216,42879,770,65
1600,3522,42880,5216,42880,770,65
1600,3522,42881,5216,42881,770,65
1600,3522,42882,5216,42882,770,65
1600,3522,42883,5216,42883,770,65
1600,3522,42884,5216,42884,770,65
1600,3522,42885,5216,42885,770,65
1600,3522,42886,5216,42886,770,65
1600,3522,42887,5216,42887,770,65
1600,3522,42888,5216,42888,770,65
1600,3522,42889,5216,42889,770,65
1600,3522,42890,5216,42890,770,65
1600,3522,42891,5216,42891,770,65
1600,3522,42892,5216,42892,770,65
1600,3522,42893,5216,42893,770,65
1600,3522,42894,5216,42894,770,65
1600,3522,42895,5216,42895,770,65
1600,3522,42896,5216,42896,770,65
1600,3522,42897,5216,42897,770,65
1600,3522,42898,5216,42898,770,65
1600,3522,42899,5216,42899,770,65
1600,3522,42900,5216,42900,770,65
1600,3522,42901,5216,42901,770,65
1600,3522,42902,5216,42902,770,65
1600,3522,42903,5216,42903,770,65
1600,3522,42904,5216,42904,770,65
1600,3522,42905,5216,42905,770,65
1600,3522,42906,5216,42906,770,65
1600,3522,42907,5216,42907,770,65
1600,3522,42908,5216,42908,770,65
1600,3522,42909,5216,42909,770,65
1600,3522,42910,5216,42910,770,65
1600,3522,42911,5216,42911,770,65
1600,3522,42912,5216,42912,770,65
1600,3522,42913,5216,42913,770,65
1600,3522,42914,5216,42914,770,65
1600,3522,42915,5216,42915,770,65
1600,3522,42916,5216,42916,770,65
1600,3522,42917,5216,42917,770,65
1600,3522,42918,5216,42918,770,65
1600,3522,42919,5216,42919,770,65
1600,3522,42920,5216,42920,770,65
1600,3522,42921,5216,42921,770,65
1600,3522,42922,5216,42922,770,65
1600,3522,42923,5216,42923,770,65
1600,3522,42924,5216,42924,770,65
1600,3522,42925,5216,42925,770,65
1600,3522,42926,5216,42926,770,65
1600,3522,42927,5216,42927,770,65
1600,3522,42928,5216,42928,770,65
1600,3522,42929,5216,42929,770,65
1600,3522,42930,5216,42930,770,65
1600,3522,42931,5216,42931,770,65
1600,3522,42932,5216,42932,770,65
1600,3522,42933,5216,42933,770,65
1600,3522,42934,5216,42934,770,65
1600,3522,42935,5216,42935,770,65
1600,3522,42936,5216,42936,770,65
1600,3522,42937,5216,42937,770,65
1600,3522,42938,5216,42938,770,65
1600,3522,42939,5216,42939,770,65
1600,3522,42940,5216,42940,770,65
1600,3522,42941,5216,42941,770,65
1600,3522,42942,5216,42942,770,65
1600,3522,42943,5216,42943,770,65
1600,3522,42944,5216,42944,770,65
1600,3522,42945,5216,42945,770,65
1600,3522,42946,5216,42946,770,65
1600,3522,42947,5216,42947,770,65
1600,3522,42948,5216,42948,770,65
1600,3522,42949,5216,42949,770,65
1600,3522,42950,5216,42950,770,65
1600,3522,42951,5216,42951,770,65
1600,3522,42952,5216,42952,770,65
1600,3522,42953,5216,42953,770,65
1600,3522,42954,5216,42954,770,65
1600,3522,42955,5216,42955,770,65
1600,3522,42956,5216,42956,770,65
1600,3522,42957,5216,42957,770,65
1600,3522,42958,5216,42958,770,65
1600,3522,42959,5216,42959,770,65
1600,3522,42960,5216,42960,770,65
1600,3522,42961,5216,42961,770,65
1600,3522,42962,5216,42962,770,65
1600,3522,42963,5216,42963,770,65
1600,3522,42964,5216,42964,770,65
1600,3522,42965,5216,42965,770,65
1600,3522,42966,5216,42966,770,65
1600,3522,42967,5216,42967,770,65
1600,3522,42968,5216,42968,770,65
1600,3522,42969,5216,42969,770,65
1600,3522,42970,5216,42970,770,65
1600,3522,42971,5216,42971,770,65
1600,3522,42972,5216,42972,770,65
1600,3522,42973,5216,42973,770,65
1600,3522,42974,5216,42974,770,65
1600,3522,42975,5216,42975,770,65
1600,3522,42976,5216,42976,770,65
1600,3522,42977,5216,42977,770,65
1600,3522,42978,5216,42978,770,65
1600,3522,42979,5216,42979,770,65
1600,3522,42980,5216,42980,770,65
1600,3522,42981,5216,42981,770,65
1600,3522,42982,5216,42982,770,65
1600,3522,42983,5216,42983,770,65
1600,3522,42984,5216,42984,770,65
1600,3522,42985,5216,42985,770,65
1600,3522,42986,5216,42986,770,65
1600,3522,42987,5216,42987,770,65
1600,3522,42988,5216,42988,770,65
1600,3522,42989,5216,42989,770,65
1600,3522,42990,5216,42990,770,65
1600,3522,42991,5216,42991,770,65
1600,3522,42992,5216,42992,770,65
1600,3522,42993,5216,42993,770,65
1600,3522,42994,5216,42994,770,65
1600,3522,42995,5216,42995,770,65
1600,3522,42996,5216,42996,770,65
1600,3522,42997,5216,42997,770,65
1600,3522,42998,5216,42998,770,65
1600,3522,42999,5216,42999,770,65
1600,3522,43000,5216,43000,770,65
1600,3522,43001,5216,43001,770,65
1600,3522,43002,5216,43002,770,65
1600,3522,43003,5216,43003,770,65
1600,3522,43004,5216,43004,770,65
1600,3522,43005,5216,43005,770,65
1600,3522,43006,5216,43006,770,65
1600,3522,43007,5216,43007,770,65
1600,3522,43008,5216,43008,770,65
1600,3522,43009,5216,43009,770,65
1600,3522,43010,5216,43010,770,65
1600,3522,43011,5216,43011,770,65
1600,3522,43012,5216,43012,770,65
1600,3522,43013,5216,43013,770,65
1600,3522,43014,5216,43014,770,65
1600,3522,43015,5216,43015,770,65
1600,3522,43016,5216,43016,770,65
1600,3522,43017,5216,43017,770,65
1600,3522,43018,5216,43018,770,65
1600,3522,43019,5216,43019,770,65
1600,3522,43020,5216,43020,770,65
1600,3522,43021,5216,43021,770,65
1600,3522,43022,5216,43022,770,65
1600,3522,43023,5216,43023,770,65
1600,3522,43024,5216,43024,770,65
1600,3522,43025,5216,43025,770,65
1600,3522,43026,5216,43026,770,65
1600,3522,43027,5216,43027,770,65
1600,3522,43028,5216,43028,770,65
1600,3522,43029,5216,43029,770,65
1600,3522,43030,5216,43030,770,65
1600,3522,43031,5216,43031,770,65
1600,3522,43032,5216,43032,770,65
1600,3522,43033,5216,43033,770,65
1600,3522,43034,5216,43034,770,65
1600,3522,43035,5216,43035,770,65
1600,3522,43036,5216,43036,770,65
1600,3522,43037,5216,43037,770,65
1600,3522,43038,5216,43038,770,65
1600,3522,43039,5216,43039,770,65
1600,3522,43040,5216,43040,770,65
1600,3522,43041,5216,43041,770,65
1600,3522,43042,5216,43042,770,65
1600,3522,43043,5216,43043,770,65
1600,3522,43044,5216,43044,770,65
1600,3522,43045,5216,43045,770,65
1600,3522,43046,5216,43046,770,65
1600,3522,43047,5216,43047,770,65
1600,3522,43048,5216,43048,770,65
1600,3522,43049,5216,43049,770,65
1600,3522,43050,5216,43050,770,65
1600,3522,43051,5216,43051,770,65
1600,3522,43052,5216,43052,770,65
1600,3522,43053,5216,43053,770,65
1600,3522,43054,5216,43054,770,65
1600,3522,43055,5216,43055,770,65
1600,3522,43056,5216,43056,770,65
1600,3522,43057,5216,43057,770,65
1600,3522,43058,5216,43058,770,65
1600,3522,43059,5216,43059,770,65
1600,3522,43060,5216,43060,770,65
1600,3522,43061,5216,43061,770,65
1600,3522,43062,5216,43062,770,65
1600,3522,43063,5216,43063,770,65
1600,3522,43064,5216,43064,770,65
1600,3522,43065,5216,43065,770,65
1600,3522,43066,5216,43066,770,65
1600,3522,43067,5216,43067,770,65
1600,3522,43068,5216,43068,770,65
1600,3522,43069,5216,43069,770,65
1601,3522,43070,5216,43070,770,65
1601,3522,43071,5216,43071,770,65
1602,3522,43072,5216,43072,770,65
1603,3522,43073,5216,43073,770,65
1603,3522,43074,5216,43074,770,65
1603,3522,43075,5216,43075,770,65
1604,3522,43076,5216,43076,770,65
1605,3522,43077,5216,43077,770,65
1606,3522,43078,5216,43078,770,65
1607,3522,43079,5216,43079,770,65
1608,3522,43080,5216,43080,770,65
1608,3522,43081,5216,43081,770,65
1609,3522,43082,5216,43082,770,65
1609,3522,43083,5216,43083,770,65
1610,3522,43084,5216,43084,770,65
1610,3522,43085,5216,43085,770,65
1610,3522,43086,5216,43086,770,65
1611,3522,43087,5216,43087,770,65
1611,3522,43088,5216,43088,770,65
1612,3522,43089,5216,43089,770,65
1612,3522,43090,5216,43090,770,65
1612,3522,43091,5216,43091,770,65
1613,3522,43092,5216,43092,770,65
1614,3522,43093,5216,43093,770,65
1614,3522,43094,5216,43094,770,65
1615,3522,43095,5216,43095,770,65
1615,3522,43096,5216,43096,770,65
1615,3522,43097,5216,43097,770,65
1616,3522,43098,5216,43098,770,65
1617,3522,43099,5216,43099,770,65
1618,3522,43100,5216,43100,770,65
1618,3522,43101,5216,43101,770,65
1619,3522,43102,5216,43102,770,65
1620,3522,43103,5216,43103,770,65
1621,3522,43104,5216,43104,770,65
1621,3522,43105,5216,43105,770,65
1622,3522,43106,5216,43106,770,65
1622,3522,43107,5216,43107,770,65
1623,3522,43108,5216,43108,770,65
1624,3522,43109,5216,43109,770,65
1624,3522,43110,5216,43110,770,65
1625,3522,43111,5216,43111,770,65
1626,3522,43112,5216,43112,770,65
1626,3522,43113,5216,43113,770,65
1626,3522,43114,5216,43114,770,65
1627,3522,43115,5216,43115,770,65
1627,3522,43116,5216,43116,770,65
1627,3522,43117,5216,43117,770,65
1625,3522,43118,5216,43118,770,65
1623,3522,43119,5216,43119,770,65
1621,3522,43120,5216,43120,770,65
1619,3522,43121,5216,43121,770,65
1618,3522,43122,5216,43122,770,65
1618,3522,43123,5216,43123,770,65
1615,3522,43124,5216,43124,770,65
1612,3522,43125,5216,43125,770,65
1611,3522,43126,5216,43126,770,65
1608,3522,43127,5216,43127,770,65
1606,3522,43128,5216,43128,770,65
1606,3522,43129,5216,43129,770,65
1604,3522,43130,5216,43130,770,65
1602,3522,43131,5216,43131,770,65
1600,3522,43132,5216,43132,770,65
1600,3522,43133,5216,43133,770,65
1600,3522,43134,5216,43134,770,65
1600,3522,43135,5216,43135,770,65
1600,3522,43136,5216,43136,770,65
1600,3522,43137,5216,43137,770,65
1600,3522,43138,5216,43138,770,65
1600,3522,43139,5216,43139,770,65
1600,3522,43140,5216,43140,770,65
1600,3522,43141,5216,43141,770,65
1600,3522,43142,5216,43142,770,65
1600,3522,43143,5216,43143,770,65
1600,3522,43144,5216,43144,770,65
1600,3522,43145,5216,43145,770,65
1600,3522,43146,5216,43146,770,65
1600,3522,43147,5216,43147,770,65
1600,3522,43148,5216,43148,770,65
1600,3522,43149,5216,43149,770,65
1600,3522,43150,5216,43150,770,65
1600,3522,43151,5216,43151,770,65
1600,3522,43152,5216,43152,770,65
1600,3522,43153,5216,43153,770,65
1600,3522,43154,5216,43154,770,65
1600,3522,43155,5216,43155,770,65
1600,3522,43156,5216,43156,770,65
1600,3522,43157,5216,43157,770,65
1600,3522,43158,5216,43158,770,65
1600,3522,43159,5216,43159,770,65
1600,3522,43160,5216,43160,770,65
1600,3522,43161,5216,43161,770,65
1600,3522,43162,5216,43162,770,65
1600,3522,43163,5216,43163,770,65
1600,3522,43164,5216,43164,770,65
1600,3522,43165,5216,43165,770,65
1600,3522,43166,5216,43166,770,65
1600,3522,43167,5216,43167,770,65
1600,3522,43168,5216,43168,770,65
1600,3522,43169,5216,43169,770,65
1600,3522,43170,5216,43170,770,65
1600,3522,43171,5216,43171,770,65
1600,3522,43172,5216,43172,770,65
1600,3522,43173,5216,43173,770,65
1600,3522,43174,5216,43174,770,65
1600,3522,43175,5216,43175,770,65
1600,3522,43176,5216,43176,770,65
1600,3522,43177,5216,43177,770,65
1600,3522,43178,5216,43178,770,65
1600,3522,43179,5216,43179,770,65
1600,3522,43180,5216,43180,770,65
1600,3522,43181,5216,43181,770,65
1600,3522,43182,5216,43182,770,65
1600,3522,43183,5216,43183,770,65
1600,3522,43184,5216,43184,770,65
1600,3522,43185,5216,43185,770,65
1600,3522,43186,5216,43186,770,65
1600,3522,43187,5216,43187,770,65
1600,3522,43188,5216,43188,770,65
1600,3522,43189,5216,43189,770,65
1600,3522,43190,5216,43190,770,65
1600,3522,43191,5216,43191,770,65
1600,3522,43192,5216,43192,770,65
1600,3522,43193,5216,43193,770,65
1600,3522,43194,5216,43194,770,65
1600,3522,43195,5216,43195,770,65
1600,3522,43196,5216,43196,770,65
1600,3522,43197,5216,43197,770,65
1600,3522,43198,5216,43198,770,65
1600,3522,43199,5216,43199,770,65
1600,3522,43200,5216,43200,770,65
1600,3522,43201,5216,43201,770,65
1600,3522,43202,5216,43202,770,65
1600,3522,43203,5216,43203,770,65
1600,3522,43204,5216,43204,770,65
1600,3522,43205,5216,43205,770,65
1600,3522,43206,5216,43206,770,65
1600,3522,43207,5216,43207,770,65
1600,3522,43208,5216,43208,770,65
1600,3522,43209,5216,43209,770,65
1600,3522,43210,5216,43210,770,65
1600,3522,43211,5216,43211,770,65
1600,3522,43212,5216,43212,770,65
1600,3522,43213,5216,43213,770,65
1600,3522,43214,5216,43214,770,65
1600,3522,43215,5216,43215,770,65
1600,3522,43216,5216,43216,770,65
1600,3522,43217,5216,43217,770,65
1600,3522,43218,5216,43218,770,65
1600,3522,43219,5216,43219,770,65
1600,3522,43220,5216,43220,770,65
1600,3522,43221,5216,43221,770,65
1600,3522,43222,5216,43222,770,65
1600,3522,43223,5216,43223,770,65
1600,3522,43224,5216,43224,770,65
1600,3522,43225,5216,43225,770,65
1600,3522,43226,5216,43226,770,65
1600,3522,43227,5216,43227,770,65
1600,3522,43228,5216,43228,770,65
1600,3522,43229,5216,43229,770,65
1600,3522,43230,5216,43230,770,65
1600,3522,43231,5216,43231,770,65
1600,3522,43232,5216,43232,770,65
1600,3522,43233,5216,43233,770,65
1600,3522,43234,5216,43234,770,65
1600,3522,43235,5216,43235,770,65
1600,3522,43236,5216,43236,770,65
1600,3522,43237,5216,43237,770,65
1600,3522,43238,5216,43238,770,65
1600,3522,43239,5216,43239,770,65
1600,3522,43240,5216,43240,770,65
1600,3522,43241,5216,43241,770,65
1600,3522,43242,5216,43242,770,65
1600,3522,43243,5216,43243,770,65
1600,3522,43244,5216,43244,770,65
1600,3522,43245,5216,43245,770,65
1600,3522,43246,5216,43246,770,65
1600,3522,43247,5216,43247,770,65
1600,3522,43248,5216,43248,770,65
1600,3522,43249,5216,43249,770,65
1600,3522,43250,5216,43250,770,65
1600,3522,43251,5216,43251,770,65
1600,3522,43252,5216,43252,770,65
1600,3522,43253,5216,43253,770,65
1600,3522,43254,5216,43254,770,65
1600,3522,43255,5216,43255,770,65
1600,3522,43256,5216,43256,770,65
1600,3522,43257,5216,43257,770,65
1600,3522,43258,5216,43258,770,65
1600,3522,43259,5216,43259,770,65
1600,3522,43260,5216,43260,770,65
1600,3522,43261,5216,43261,770,65
1600,3522,43262,5216,43262,770,65
1600,3522,43263,5216,43263,770,65
1600,3522,43264,5216,43264,770,65
1600,3522,43265,5216,43265,770,65
1600,3522,43266,5216,43266,770,65
1600,3522,43267,5216,43267,770,65
1600,3522,43268,5216,43268,770,65
1600,3522,43269,5216,43269,770,65
1600,3522,43270,5216,43270,770,65
1600,3522,43271,5216,43271,770,65
1600,3522,43272,5216,43272,770,65
1600,3522,43273,5216,43273,770,65
1600,3522,43274,5216,43274,770,65
1600,3522,43275,5216,43275,770,65
1600,3522,43276,5216,43276,770,65
1600,3522,43277,5216,43277,770,65
1600,3522,43278,5216,43278,770,65
1600,3522,43279,5216,43279,770,65
1600,3522,43280,5216,43280,770,65
1600,3522,43281,5216,43281,770,65
1600,3522,43282,5216,43282,770,65
1600,3522,43283,5216,43283,770,65
1600,3522,43284,5216,43284,770,65
1600,3522,43285,5216,43285,770,65
1600,3522,43286,5216,43286,770,65
1600,3522,43287,5216,43287,770,65
1600,3522,43288,5216,43288,770,65
1600,3522,43289,5216,43289,770,65
1600,3522,43290,5216,43290,770,65
1600,3522,43291,5216,43291,770,65
1600,3522,43292,5216,43292,770,65
1600,3522,43293,5216,43293,770,65
1600,3522,43294,5216,43294,770,65
1600,3522,43295,5216,43295,770,65
1600,3522,43296,5216,43296,770,65
1600,3522,43297,5216,43297,770,65
1600,3522,43298,5216,43298,770,65
1600,3522,43299,5216,43299,770,65
1600,3522,43300,5216,43300,770,65
1600,3522,43301,5216,43301,770,65
1600,3522,43302,5216,43302,770,65
1600,3522,43303,5216,43303,770,65
1600,3522,43304,5216,43304,770,65
1600,3522,43305,5216,43305,770,65
1600,3522,43306,5216,43306,770,65
1600,3522,43307,5216,43307,770,65
1600,3522,43308,5216,43308,770,65
1600,3522,43309,5216,43309,770,65
1600,3522,43310,5216,43310,770,65
1600,3522,43311,5216,43311,770,65
1600,3522,43312,5216,43312,770,65
1600,3522,43313,5216,43313,770,65
1600,3522,43314,5216,43314,770,65
1600,3522,43315,5216,43315,770,65
1600,3522,43316,5216,43316,770,65
1600,3522,43317,5216,43317,770,65
1600,3522,43318,5216,43318,770,65
1600,3522,43319,5216,43319,770,65
1600,3522,43320,5216,43320,770,65
1600,3522,43321,5216,43321,770,65
1600,3522,43322,5216,43322,770,65
1600,3522,43323,5216,43323,770,65
1600,3522,43324,5216,43324,770,65
1600,3522,43325,5216,43325,770,65
1600,3522,43326,5216,43326,770,65
1600,3522,43327,5216,43327,770,65
1600,3522,43328,5216,43328,770,65
1600,3522,43329,5216,43329,770,65
1600,3522,43330,5216,43330,770,65
1600,3522,43331,5216,43331,770,65
1600,3522,43332,5216,43332,770,65
1600,3522,43333,5216,43333,770,65
1600,3522,43334,5216,43334,770,65
1600,3522,43335,5216,43335,770,65
1600,3522,43336,5216,43336,770,65
1600,3522,43337,5216,43337,770,65
1600,3522,43338,5216,43338,770,65
1600,3522,43339,5216,43339,770,65
1600,3522,43340,5216,43340,770,65
1600,3522,43341,5216,43341,770,65
1600,3522,43342,5216,43342,770,65
1600,3522,43343,5216,43343,770,65
1600,3522,43344,5216,43344,770,65
1600,3522,43345,5216,43345,770,65
1600,3522,43346,5216,43346,770,65
1600,3522,43347,5216,43347,770,65
1600,3522,43348,5216,43348,770,65
1600,3522,43349,5216,43349,770,65
1600,3522,43350,5216,43350,770,65
1600,3522,43351,5216,43351,770,65
1600,3522,43352,5216,43352,770,65
1600,3522,43353,5216,43353,770,65
1600,3522,43354,5216,43354,770,65
1600,3522,43355,5216,43355,770,65
1600,3522,43356,5216,43356,770,65
1600,3522,43357,5216,43357,770,65
1600,3522,43358,5216,43358,770,65
1600,3522,43359,5216,43359,770,65
1600,3522,43360,5216,43360,770,65
1600,3522,43361,5216,43361,770,65
1600,3522,43362,5216,43362,770,65
1600,3522,43363,5216,43363,770,65
1600,3522,43364,5216,43364,770,65
1600,3522,43365,5216,43365,770,65
1600,3522,43366,5216,43366,770,65
1600,3522,43367,5216,43367,770,65
1600,3522,43368,5216,43368,770,65
1600,3522,43369,5216,43369,770,65
1600,3522,43370,5216,43370,770,65
1600,3522,43371,5216,43371,770,65
1600,3522,43372,5216,43372,770,65
1600,3522,43373,5216,43373,770,65
1600,3522,43374,5216,43374,770,65
1600,3522,43375,5216,43375,770,65
1600,3522,43376,5216,43376,770,65
1600,3522,43377,5216,43377,770,65
1600,3522,43378,5216,43378,770,65
1600,3522,43379,5216,43379,770,65
1600,3522,43380,5216,43380,770,65
1600,3522,43381,5216,43381,770,65
1600,3522,43382,5216,43382,770,65
1600,3522,43383,5216,43383,770,65
1600,3522,43384,5216,43384,770,65
1600,3522,43385,5216,43385,770,65
1600,3522,43386,5216,43386,770,65
1600,3522,43387,5216,43387,770,65
1600,3522,43388,5216,43388,770,65
1600,3522,43389,5216,43389,770,65
1600,3522,43390,5216,43390,770,65
1600,3522,43391,5216,43391,770,65
1600,3522,43392,5216,43392,770,65
1600,3522,43393,5216,43393,770,65
1600,3522,43394,5216,43394,770,65
1600,3522,43395,5216,43395,770,65
1600,3522,43396,5216,43396,770,65
1600,3522,43397,5216,43397,770,65
1600,3522,43398,5216,43398,770,65
1600,3522,43399,5216,43399,770,65
1600,3522,43400,5216,43400,770,65
1600,3522,43401,5216,43401,770,65
1600,3522,43402,5216,43402,770,65
1600,3522,43403,5216,43403,770,65
1600,3522,43404,5216,43404,770,65
1600,3522,43405,5216,43405,770,65
1600,3522,43406,5216,43406,770,65
1600,3522,43407,5216,43407,770,65
1600,3522,43408,5216,43408,770,65
1600,3522,43409,5216,43409,770,65
1600,3522,43410,5216,43410,770,65
1600,3522,43411,5216,43411,770,65
1600,3522,43412,5216,43412,770,65
1600,3522,43413,5216,43413,770,65
1600,3522,43414,5216,43414,770,65
1600,3522,43415,5216,43415,770,65
1600,3522,43416,5216,43416,770,65
1600,3522,43417,5216,43417,770,65
1600,3522,43418,5216,43418,770,65
1600,3522,43419,5216,43419,770,65
1600,3522,43420,5216,43420,770,65
1600,3522,43421,5216,43421,770,65
1600,3522,43422,5216,43422,770,65
1600,3522,43423,5216,43423,770,65
1600,3522,43424,5216,43424,770,65
1600,3522,43425,5216,43425,770,65
1600,3522,43426,5216,43426,770,65
1600,3522,43427,5216,43427,770,65
1600,3522,43428,5216,43428,770,65
1600,3522,43429,5216,43429,770,65
1600,3522,43430,5216,43430,770,65
1600,3522,43431,5216,43431,770,65
1600,3522,43432,5216,43432,770,65
1600,3522,43433,5216,43433,770,65
1600,3522,43434,5216,43434,770,65
1600,3522,43435,5216,43435,770,65
1600,3522,43436,5216,43436,770,65
1600,3522,43437,5216,43437,770,65
1600,3522,43438,5216,43438,770,65
1600,3522,43439,5216,43439,770,65
1600,3522,43440,5216,43440,770,65
1600,3522,43441,5216,43441,770,65
1600,3522,43442,5216,43442,770,65
1600,3522,43443,5216,43443,770,65
1600,3522,43444,5216,43444,770,65
1600,3522,43445,5216,43445,770,65
1600,3522,43446,5216,43446,770,65
1600,3522,43447,5216,43447,770,65
1600,3522,43448,5216,43448,770,65
1600,3522,43449,5216,43449,770,65
1600,3522,43450,5216,43450,770,65
1600,3522,43451,5216,43451,770,65
1600,3522,43452,5216,43452,770,65
1600,3522,43453,5216,43453,770,65
1600,3522,43454,5216,43454,770,65
1600,3522,43455,5216,43455,770,65
1600,3522,43456,5216,43456,770,65
1600,3522,43457,5216,43457,770,65
1600,3522,43458,5216,43458,770,65
1600,3522,43459,5216,43459,770,65
1600,3522,43460,5216,43460,770,65
1600,3522,43461,5216,43461,770,65
1600,3522,43462,5216,43462,770,65
1600,3522,43463,5216,43463,770,65
1600,3522,43464,5216,43464,770,65
1600,3522,43465,5216,43465,770,65
1600,3522,43466,5216,43466,770,65
1600,3522,43467,5216,43467,770,65
1600,3522,43468,5216,43468,770,65
1600,3522,43469,5216,43469,770,65
1600,3522,43470,5216,43470,770,65
1600,3522,43471,5216,43471,770,65
1600,3522,43472,5216,43472,770,65
1600,3522,43473,5216,43473,770,65
1600,3522,43474,5216,43474,770,65
1600,3522,43475,5216,43475,770,65
1600,3522,43476,5216,43476,770,65
1600,3522,43477,5216,43477,770,65
1600,3522,43478,5216,43478,770,65
1600,3522,43479,5216,43479,770,65
1600,3522,43480,5216,43480,770,65
1600,3522,43481,5216,43481,770,65
1600,3522,43482,5216,43482,770,65
1600,3522,43483,5216,43483,770,65
1600,3522,43484,5216,43484,770,65
1600,3522,43485,5216,43485,770,65
1600,3522,43486,5216,43486,770,65
1600,3522,43487,5216,43487,770,65
1600,3522,43488,5216,43488,770,65
1600,3522,43489,5216,43489,770,65
1600,3522,43490,5216,43490,770,65
1600,3522,43491,5216,43491,770,65
1600,3522,43492,5216,43492,770,65
1600,3522,43493,5216,43493,770,65
1600,3522,43494,5216,43494,770,65
1600,3522,43495,5216,43495,770,65
1600,3522,43496,5216,43496,770,65
1600,3522,43497,5216,43497,770,65
1600,3522,43498,5216,43498,770,65
1600,3522,43499,5216,43499,770,65
1600,3522,43500,5216,43500,770,65
1600,3522,43501,5216,43501,770,65
1600,3522,43502,5216,43502,770,65
1600,3522,43503,5216,43503,770,65
1600,3522,43504,5216,43504,770,65
1600,3522,43505,5216,43505,770,64
1600,3522,43506,5216,43506,770,64
1600,3522,43507,5216,43507,770,64
1600,3522,43508,5216,43508,770,63
1600,3522,43509,5216,43509,770,63
1600,3522,43510,5216,43510,770,63
1600,3522,43511,5216,43511,770,63
1600,3522,43512,5216,43512,770,63
1600,3522,43513,5216,43513,770,63
1600,3522,43514,5216,43514,770,63
1600,3522,43515,5216,43515,770,63
1600,3522,43516,5216,43516,770,63
1600,3522,43517,5216,43517,770,63
1601,3522,43518,5216,43518,770,63
1601,3522,43519,5216,43519,770,63
1602,3522,43520,5216,43520,770,63
1603,3522,43521,5216,43521,770,63
1603,3522,43522,5216,43522,770,63
1603,3522,43523,5216,43523,770,63
1603,3522,43524,5216,43524,770,63
1604,3522,43525,5216,43525,770,63
1605,3522,43526,5216,43526,770,63
1606,3522,43527,5216,43527,770,63
1607,3522,43528,5216,43528,770,63
1607,3522,43529,5216,43529,770,63
1608,3522,43530,5216,43530,770,63
1608,3522,43531,5216,43531,770,63
1609,3522,43532,5216,43532,770,63
1609,3522,43533,5216,43533,770,63
1609,3522,43534,5216,43534,770,63
1610,3522,43535,5216,43535,770,63
1610,3522,43536,5216,43536,770,63
1610,3522,43537,5216,43537,770,63
1610,3522,43538,5216,43538,770,63
1610,3522,43539,5216,43539,770,63
1611,3522,43540,5216,43540,770,63
1612,3522,43541,5216,43541,770,63
1612,3522,43542,5216,43542,770,63
1613,3522,43543,5216,43543,770,63
1613,3522,43544,5216,43544,770,63
1613,3522,43545,5216,43545,770,63
1614,3522,43546,5216,43546,770,63
1615,3522,43547,5216,43547,770,63
1616,3522,43548,5216,43548,770,63
1616,3522,43549,5216,43549,770,63
1617,3522,43550,5216,43550,770,63
1618,3522,43551,5216,43551,770,63
1619,3522,43552,5216,43552,770,63
1619,3522,43553,5216,43553,770,63
1620,3522,43554,5216,43554,770,63
1620,3522,43555,5216,43555,770,63
1621,3522,43556,5216,43556,770,63
1622,3522,43557,5216,43557,770,63
1622,3522,43558,5216,43558,770,63
1623,3522,43559,5216,43559,770,63
1624,3522,43560,5216,43560,770,63
1624,3522,43561,5216,43561,770,63
1624,3522,43562,5216,43562,770,63
1625,3522,43563,5216,43563,770,63
1625,3522,43564,5216,43564,770,63
1625,3522,43565,5216,43565,770,63
1623,3522,43566,5216,43566,770,63
1621,3522,43567,5216,43567,770,63
1619,3522,43568,5216,43568,770,63
1618,3522,43569,5216,43569,770,63
1617,3522,43570,5216,43570,770,63
1617,3522,43571,5216,43571,770,63
1615,3522,43572,5216,43572,770,63
1612,3522,43573,5216,43573,770,63
1611,3522,43574,5216,43574,770,63
1608,3522,43575,5216,43575,770,63
1606,3522,43576,5216,43576,770,63
1606,3522,43577,5216,43577,770,63
1604,3522,43578,5216,43578,770,63
1602,3522,43579,5216,43579,770,63
1600,3522,43580,5216,43580,770,63
1600,3522,43581,5216,43581,770,63
1600,3522,43582,5216,43582,770,63
1600,3522,43583,5216,43583,770,63
1600,3522,43584,5216,43584,770,63
1600,3522,43585,5216,43585,770,63
1600,3522,43586,5216,43586,770,63
1600,3522,43587,5216,43587,770,63
1600,3522,43588,5216,43588,770,63
1600,3522,43589,5216,43589,770,63
1600,3522,43590,5216,43590,770,63
1600,3522,43591,5216,43591,770,63
1600,3522,43592,5216,43592,770,63
1600,3522,43593,5216,43593,770,63
1600,3522,43594,5216,43594,770,63
1600,3522,43595,5216,43595,770,63
1600,3522,43596,5216,43596,770,63
1600,3522,43597,5216,43597,770,63
1600,3522,43598,5216,43598,770,63
1600,3522,43599,5216,43599,770,63
1600,3522,43600,5216,43600,770,63
1600,3522,43601,5216,43601,770,63
1600,3522,43602,5216,43602,770,63
1600,3522,43603,5216,43603,770,63
1600,3522,43604,5216,43604,770,63
1600,3522,43605,5216,43605,770,63
1600,3522,43606,5216,43606,770,63
1600,3522,43607,5216,43607,770,63
1600,3522,43608,5216,43608,770,63
1600,3522,43609,5216,43609,770,63
1600,3522,43610,5216,43610,770,62
1600,3522,43611,5216,43611,770,62
1600,3522,43612,5216,43612,770,62
1600,3522,43613,5216,43613,770,62
1600,3522,43614,5216,43614,770,62
1600,3522,43615,5216,43615,770,62
1600,3522,43616,5216,43616,770,62
1600,3522,43617,5216,43617,770,62
1600,3522,43618,5216,43618,770,62
1600,3522,43619,5216,43619,770,62
1600,3522,43620,5216,43620,770,62
1600,3522,43621,5216,43621,770,62
1600,3522,43622,5216,43622,770,62
1600,3522,43623,5216,43623,770,62
1600,3522,43624,5216,43624,770,62
1600,3522,43625,5216,43625,770,62
1600,3522,43626,5216,43626,770,62
1600,3522,43627,5216,43627,770,62
1600,3522,43628,5216,43628,770,62
1600,3522,43629,5216,43629,770,62
1600,3522,43630,5216,43630,770,62
1600,3522,43631,5216,43631,770,62
1600,3522,43632,5216,43632,770,62
1600,3522,43633,5216,43633,770,62
1600,3522,43634,5216,43634,770,62
1600,3522,43635,5216,43635,770,62
1600,3522,43636,5216,43636,770,62
1600,3522,43637,5216,43637,770,62
1600,3522,43638,5216,43638,770,62
1600,3522,43639,5216,43639,770,62
1600,3522,43640,5216,43640,770,62
1600,3522,43641,5216,43641,770,62
1600,3522,43642,5216,43642,770,62
1600,3522,43643,5216,43643,770,62
1600,3522,43644,5216,43644,770,62
1600,3522,43645,5216,43645,770,62
1600,3522,43646,5216,43646,770,62
1600,3522,43647,5216,43647,770,62
1600,3522,43648,5216,43648,770,62
1600,3522,43649,5216,43649,770,62
1600,3522,43650,5216,43650,770,62
1600,3522,43651,5216,43651,770,62
1600,3522,43652,5216,43652,770,62
1600,3522,43653,5216,43653,770,62
1600,3522,43654,5216,43654,770,62
1600,3522,43655,5216,43655,770,62
1600,3522,43656,5216,43656,770,62
1600,3522,43657,5216,43657,770,62
1600,3522,43658,5216,43658,770,62
1600,3522,43659,5216,43659,770,62
1600,3522,43660,5216,43660,770,62
1600,3522,43661,5216,43661,770,62
1600,3522,43662,5216,43662,770,62
1600,3522,43663,5216,43663,770,62
1600,3522,43664,5216,43664,770,62
1600,3522,43665,5216,43665,770,62
1600,3522,43666,5216,43666,770,62
1600,3522,43667,5216,43667,770,62
1600,3522,43668,5216,43668,770,62
1600,3522,43669,5216,43669,770,62
1600,3522,43670,5216,43670,770,62
1600,3522,43671,5216,43671,770,62
1600,3522,43672,5216,43672,770,62
1600,3522,43673,5216,43673,770,62
1600,3522,43674,5216,43674,770,62
1600,3522,43675,5216,43675,770,62
1600,3522,43676,5216,43676,770,62
1600,3522,43677,5216,43677,770,62
1600,3522,43678,5216,43678,770,62
1600,3522,43679,5216,43679,770,62
1600,3522,43680,5216,43680,770,62
1600,3522,43681,5216,43681,770,62
1600,3522,43682,5216,43682,770,62
1600,3522,43683,5216,43683,770,62
1600,3522,43684,5216,43684,770,62
1600,3522,43685,5216,43685,770,62
1600,3522,43686,5216,43686,770,62
1600,3522,43687,5216,43687,770,62
1600,3522,43688,5216,43688,770,62
1600,3522,43689,5216,43689,770,62
1600,3522,43690,5216,43690,770,62
1600,3522,43691,5216,43691,770,62
1600,3522,43692,5216,43692,770,62
1600,3522,43693,5216,43693,770,62
1600,3522,43694,5216,43694,770,62
1600,3522,43695,5216,43695,770,62
1600,3522,43696,5216,43696,770,62
1600,3522,43697,5216,43697,770,62
1600,3522,43698,5216,43698,770,62
1600,3522,43699,5216,43699,770,62
1600,3522,43700,5216,43700,770,62
1600,3522,43701,5216,43701,770,62
1600,3522,43702,5216,43702,770,62
1600,3522,43703,5216,43703,770,62
1600,3522,43704,5216,43704,770,62
1600,3522,43705,5216,43705,770,62
1600,3522,43706,5216,43706,770,62
1600,3522,43707,5216,43707,770,62
1600,3522,43708,5216,43708,770,62
1600,3522,43709,5216,43709,770,62
1600,3522,43710,5216,43710,770,62
1600,3522,43711,5216,43711,770,62
1600,3522,43712,5216,43712,770,62
1600,3522,43713,5216,43713,770,62
1600,3522,43714,5216,43714,770,62
1600,3522,43715,5216,43715,770,62
1600,3522,43716,5216,43716,770,62
1600,3522,43717,5216,43717,770,62
1600,3522,43718,5216,43718,770,62
1600,3522,43719,5216,43719,770,62
1600,3522,43720,5216,43720,770,62
1600,3522,43721,5216,43721,770,62
1600,3522,43722,5216,43722,770,62
1600,3522,43723,5216,43723,770,62
1600,3522,43724,5216,43724,770,62
1600,3522,43725,5216,43725,770,62
1600,3522,43726,5216,43726,770,62
1600,3522,43727,5216,43727,770,62
1600,3522,43728,5216,43728,770,62
1600,3522,43729,5216,43729,770,62
1600,3522,43730,5216,43730,770,62
1600,3522,43731,5216,43731,770,62
1600,3522,43732,5216,43732,770,62
1600,3522,43733,5216,43733,770,62
1600,3522,43734,5216,43734,770,62
1600,3522,43735,5216,43735,770,62
1600,3522,43736,5216,43736,770,62
1600,3522,43737,5216,43737,770,62
1600,3522,43738,5216,43738,770,62
1600,3522,43739,5216,43739,770,62
1600,3522,43740,5216,43740,770,62
1600,3522,43741,5216,43741,770,62
1600,3522,43742,5216,43742,770,62
1600,3522,43743,5216,43743,770,62
1600,3522,43744,5216,43744,770,62
1600,3522,43745,5216,43745,770,62
1600,3522,43746,5216,43746,770,62
1600,3522,43747,5216,43747,770,62
1600,3522,43748,5216,43748,770,62
1600,3522,43749,5216,43749,770,62
1600,3522,43750,5216,43750,770,62
1600,3522,43751,5216,43751,770,62
1600,3522,43752,5216,43752,770,62
1600,3522,43753,5216,43753,770,62
1600,3522,43754,5216,43754,770,62
1600,3522,43755,5216,43755,770,62
1600,3522,43756,5216,43756,770,62
1600,3522,43757,5216,43757,770,62
1600,3522,43758,5216,43758,770,62
1600,3522,43759,5216,43759,770,62
1600,3522,43760,5216,43760,770,62
1600,3522,43761,5216,43761,770,62
1600,3522,43762,5216,43762,770,62
1600,3522,43763,5216,43763,770,62
1600,3522,43764,5216,43764,770,62
1600,3522,43765,5216,43765,770,62
1600,3522,43766,5216,43766,770,62
1600,3522,43767,5216,43767,770,62
1600,3522,43768,5216,43768,770,62
1600,3522,43769,5216,43769,770,62
1600,3522,43770,5216,43770,770,62
1600,3522,43771,5216,43771,770,62
1600,3522,43772,5216,43772,770,62
1600,3522,43773,5216,43773,770,62
1600,3522,43774,5216,43774,770,62
1600,3522,43775,5216,43775,770,62
1600,3522,43776,5216,43776,770,62
1600,3522,43777,5216,43777,770,62
1600,3522,43778,5216,43778,770,62
1600,3522,43779,5216,43779,770,62
1600,3522,43780,5216,43780,770,62
1600,3522,43781,5216,43781,770,62
1600,3522,43782,5216,43782,770,62
1600,3522,43783,5216,43783,770,62
1600,3522,43784,5216,43784,770,62
1600,3522,43785,5216,43785,770,62
1600,3522,43786,5216,43786,770,62
1600,3522,43787,5216,43787,770,62
1600,3522,43788,5216,43788,770,62
1600,3522,43789,5216,43789,770,62
1600,3522,43790,5216,43790,770,62
1600,3522,43791,5216,43791,770,62
1600,3522,43792,5216,43792,770,62
1600,3522,43793,5216,43793,770,62
1600,3522,43794,5216,43794,770,62
1600,3522,43795,5216,43795,770,62
1600,3522,43796,5216,43796,770,62
1600,3522,43797,5216,43797,770,62
1600,3522,43798,5216,43798,770,62
1600,3522,43799,5216,43799,770,62
1600,3522,43800,5216,43800,770,62
1600,3522,43801,5216,43801,770,62
1600,3522,43802,5216,43802,770,62
1600,3522,43803,5216,43803,770,62
1600,3522,43804,5216,43804,770,62
1600,3522,43805,5216,43805,770,62
1600,3522,43806,5216,43806,770,62
1600,3522,43807,5216,43807,770,62
1600,3522,43808,5216,43808,770,62
1600,3522,43809,5216,43809,770,62
1600,3522,43810,5216,43810,770,62
1600,3522,43811,5216,43811,770,62
1600,3522,43812,5216,43812,770,62
1600,3522,43813,5216,43813,770,62
1600,3522,43814,5216,43814,770,62
1600,3522,43815,5216,43815,770,62
1600,3522,43816,5216,43816,770,62
1600,3522,43817,5216,43817,770,62
1600,3522,43818,5216,43818,770,62
1600,3522,43819,5216,43819,770,62
1600,3522,43820,5216,43820,770,62
1600,3522,43821,5216,43821,770,62
1600,3522,43822,5216,43822,770,62
1600,3522,43823,5216,43823,770,62
1600,3522,43824,5216,43824,770,62
1600,3522,43825,5216,43825,770,62
1600,3522,43826,5216,43826,770,62
1600,3522,43827,5216,43827,770,62
1600,3522,43828,5216,43828,770,62
1600,3522,43829,5216,43829,770,62
1600,3522,43830,5216,43830,770,62
1600,3522,43831,5216,43831,770,62
1600,3522,43832,5216,43832,770,62
1600,3522,43833,5216,43833,770,62
1600,3522,43834,5216,43834,770,62
1600,3522,43835,5216,43835,770,62
1600,3522,43836,5216,43836,770,62
1600,3522,43837,5216,43837,770,62
1600,3522,43838,5216,43838,770,62
1600,3522,43839,5216,43839,770,62
1600,3522,43840,5216,43840,770,62
1600,3522,43841,5216,43841,770,62
1600,3522,43842,5216,43842,770,62
1600,3522,43843,5216,43843,770,62
1600,3522,43844,5216,43844,770,62
1600,3522,43845,5216,43845,770,62
1600,3522,43846,5216,43846,770,62
1600,3522,43847,5216,43847,770,62
1600,3522,43848,5216,43848,770,62
1600,3522,43849,5216,43849,770,62
1600,3522,43850,5216,43850,770,62
1600,3522,43851,5216,43851,770,62
1600,3522,43852,5216,43852,770,62
1600,3522,43853,5216,43853,770,62
1600,3522,43854,5216,43854,770,62
1600,3522,43855,5216,43855,770,62
1600,3522,43856,5216,43856,770,62
1600,3522,43857,5216,43857,770,62
1600,3522,43858,5216,43858,770,62
1600,3522,43859,5216,43859,770,62
1600,3522,43860,5216,43860,770,62
1600,3522,43861,5216,43861,770,62
1600,3522,43862,5216,43862,770,62
1600,3522,43863,5216,43863,770,62
1600,3522,43864,5216,43864,770,62
1600,3522,43865,5216,43865,770,62
1600,3522,43866,5216,43866,770,62
1600,3522,43867,5216,43867,770,62
1600,3522,43868,5216,43868,770,62
1600,3522,43869,5216,43869,770,62
1600,3522,43870,5216,43870,770,62
1600,3522,43871,5216,43871,770,62
1600,3522,43872,5216,43872,770,62
1600,3522,43873,5216,43873,770,62
1600,3522,43874,5216,43874,770,62
1600,3522,43875,5216,43875,770,62
1600,3522,43876,5216,43876,770,62
1600,3522,43877,5216,43877,770,62
1600,3522,43878,5216,43878,770,62
1600,3522,43879,5216,43879,770,62
1600,3522,43880,5216,43880,770,62
1600,3522,43881,5216,43881,770,62
1600,3522,43882,5216,43882,770,62
1600,3522,43883,5216,43883,770,62
1600,3522,43884,5216,43884,770,62
1600,3522,43885,5216,43885,770,62
1600,3522,43886,5216,43886,770,62
1600,3522,43887,5216,43887,770,62
1600,3522,43888,5216,43888,770,62
1600,3522,43889,5216,43889,770,62
1600,3522,43890,5216,43890,770,62
1600,3522,43891,5216,43891,770,62
1600,3522,43892,5216,43892,770,62
1600,3522,43893,5216,43893,770,62
1600,3522,43894,5216,43894,770,62
1600,3522,43895,5216,43895,770,62
1600,3522,43896,5216,43896,770,62
1600,3522,43897,5216,43897,770,62
1600,3522,43898,5216,43898,770,62
1600,3522,43899,5216,43899,770,62
1600,3522,43900,5216,43900,770,62
1600,3522,43901,5216,43901,770,62
1600,3522,43902,5216,43902,770,62
1600,3522,43903,5216,43903,770,62
1600,3522,43904,5216,43904,770,62
1600,3522,43905,5216,43905,770,62
1600,3522,43906,5216,43906,770,62
1600,3522,43907,5216,43907,770,62
1600,3522,43908,5216,43908,770,62
1600,3522,43909,5216,43909,770,62
1600,3522,43910,5216,43910,770,62
1600,3522,43911,5216,43911,770,62
1600,3522,43912,5216,43912,770,62
1600,3522,43913,5216,43913,770,62
1600,3522,43914,5216,43914,770,62
1600,3522,43915,5216,43915,770,62
1600,3522,43916,5216,43916,770,62
1600,3522,43917,5216,43917,770,62
1600,3522,43918,5216,43918,770,62
1600,3522,43919,5216,43919,770,62
1600,3522,43920,5216,43920,770,62
1600,3522,43921,5216,43921,770,62
1600,3522,43922,5216,43922,770,62
1600,3522,43923,5216,43923,770,62
1600,3522,43924,5216,43924,770,62
1600,3522,43925,5216,43925,770,62
1600,3522,43926,5216,43926,770,62
1600,3522,43927,5216,43927,770,62
1600,3522,43928,5216,43928,770,62
1600,3522,43929,5216,43929,770,62
1600,3522,43930,5216,43930,770,62
1600,3522,43931,5216,43931,770,62
1600,3522,43932,5216,43932,770,62
1600,3522,43933,5216,43933,770,62
1600,3522,43934,5216,43934,770,62
1600,3522,43935,5216,43935,770,62
1600,3522,43936,5216,43936,770,62
1600,3522,43937,5216,43937,770,62
1600,3522,43938,5216,43938,770,62
1600,3522,43939,5216,43939,770,62
1600,3522,43940,5216,43940,770,62
1600,3522,43941,5216,43941,770,62
1600,3522,43942,5216,43942,770,62
1600,3522,43943,5216,43943,770,62
1600,3522,43944,5216,43944,770,62
1600,3522,43945,5216,43945,770,62
1600,3522,43946,5216,43946,770,62
1600,3522,43947,5216,43947,770,62
1600,3522,43948,5216,43948,770,62
1600,3522,43949,5216,43949,770,62
1600,3522,43950,5216,43950,770,61
1600,3522,43951,5216,43951,770,60
1600,3522,43952,5216,43952,770,59
1600,3522,43953,5216,43953,770,58
1600,3522,43954,5216,43954,770,57
1600,3522,43955,5216,43955,770,56
1600,3522,43956,5216,43956,770,56
1600,3522,43957,5216,43957,770,55
1600,3522,43958,5216,43958,770,54
1600,3522,43959,5216,43959,770,53
1600,3522,43960,5216,43960,770,52
1600,3522,43961,5216,43961,770,51
1600,3522,43962,5216,43962,770,50
1600,3522,43963,5216,43963,770,49
1600,3522,43964,5216,43964,770,48
1600,3522,43965,5216,43965,770,47
1600,3522,43966,5216,43966,770,47
1601,3522,43967,5216,43967,770,47
1601,3522,43968,5216,43968,770,47
1601,3522,43969,5216,43969,770,47
1601,3522,43970,5216,43970,770,47
1601,3522,43971,5216,43971,770,47
1602,3522,43972,5216,43972,770,47
1603,3522,43973,5216,43973,770,47
1603,3522,43974,5216,43974,770,47
1604,3522,43975,5216,43975,770,47
1604,3522,43976,5216,43976,770,47
1604,3522,43977,5216,43977,770,47
1605,3522,43978,5216,43978,770,47
1606,3522,43979,5216,43979,770,47
1607,3522,43980,5216,43980,770,47
1607,3522,43981,5216,43981,770,47
1607,3522,43982,5216,43982,770,47
1607,3522,43983,5216,43983,770,47
1607,3522,43984,5216,43984,770,47
1607,3522,43985,5216,43985,770,47
1607,3522,43986,5216,43986,770,47
1607,3522,43987,5216,43987,770,47
1607,3522,43988,5216,43988,770,47
1607,3522,43989,5216,43989,770,47
1607,3522,43990,5216,43990,770,47
1607,3522,43991,5216,43991,770,47
1607,3522,43992,5216,43992,770,47
1607,3522,43993,5216,43993,770,47
1607,3522,43994,5216,43994,770,47
1607,3522,43995,5216,43995,770,47
1607,3522,43996,5216,43996,770,47
1607,3522,43997,5216,43997,770,47
1608,3522,43998,5216,43998,770,47
1609,3522,43999,5216,43999,770,47
1610,3522,44000,5216,44000,770,47
1610,3522,44001,5216,44001,770,47
1611,3522,44002,5216,44002,770,47
1611,3522,44003,5216,44003,770,47
1612,3522,44004,5216,44004,770,47
1613,3522,44005,5216,44005,770,47
1613,3522,44006,5216,44006,770,47
1614,3522,44007,5216,44007,770,47
1615,3522,44008,5216,44008,770,47
1615,3522,44009,5216,44009,770,47
1615,3522,44010,5216,44010,770,47
1616,3522,44011,5216,44011,770,47
1616,3522,44012,5216,44012,770,47
1616,3522,44013,5216,44013,770,47
1615,3522,44014,5216,44014,770,47
1613,3522,44015,5216,44015,770,47
1612,3522,44016,5216,44016,770,47
1612,3522,44017,5216,44017,770,47
1611,3522,44018,5216,44018,770,47
1611,3522,44019,5216,44019,770,47
1609,3522,44020,5216,44020,770,47
1607,3522,44021,5216,44021,770,47
1607,3522,44022,5216,44022,770,47
1605,3522,44023,5216,44023,770,47
1604,3522,44024,5216,44024,770,47
1604,3522,44025,5216,44025,770,47
1603,3522,44026,5216,44026,770,47
1601,3522,44027,5216,44027,770,47
1600,3522,44028,5216,44028,770,47
1600,3522,44029,5216,44029,770,47
1600,3522,44030,5216,44030,770,47
1600,3522,44031,5216,44031,770,47
1600,3522,44032,5216,44032,770,47
1600,3522,44033,5216,44033,770,47
1600,3522,44034,5216,44034,770,47
1600,3522,44035,5216,44035,770,47
1600,3522,44036,5216,44036,770,47
1600,3522,44037,5216,44037,770,47
1600,3522,44038,5216,44038,770,47
1600,3522,44039,5216,44039,770,47
1600,3522,44040,5216,44040,770,47
1600,3522,44041,5216,44041,770,47
1600,3522,44042,5216,44042,770,47
1600,3522,44043,5216,44043,770,47
1600,3522,44044,5216,44044,770,47
1600,3522,44045,5216,44045,770,47
1600,3522,44046,5216,44046,770,47
1600,3522,44047,5216,44047,770,47
1600,3522,44048,5216,44048,770,47
1600,3522,44049,5216,44049,770,47
1600,3522,44050,5216,44050,770,47
1600,3522,44051,5216,44051,770,47
1600,3522,44052,5216,44052,770,47
1600,3522,44053,5216,44053,770,47
1600,3522,44054,5216,44054,770,47
1600,3522,44055,5216,44055,770,47
1600,3522,44056,5216,44056,770,47
1600,3522,44057,5216,44057,770,47
1600,3522,44058,5216,44058,770,47
1600,3522,44059,5216,44059,770,47
1600,3522,44060,5216,44060,770,47
1600,3522,44061,5216,44061,770,47
1600,3522,44062,5216,44062,770,47
1600,3522,44063,5216,44063,770,47
1600,3522,44064,5216,44064,770,47
1600,3522,44065,5216,44065,770,47
1600,3522,44066,5216,44066,770,47
1600,3522,44067,5216,44067,770,47
1600,3522,44068,5216,44068,770,47
1600,3522,44069,5216,44069,770,47
1600,3522,44070,5216,44070,770,47
1600,3522,44071,5216,44071,770,47
1600,3522,44072,5216,44072,770,47
1600,3522,44073,5216,44073,770,47
1600,3522,44074,5216,44074,770,47
1600,3522,44075,5216,44075,770,47
1600,3522,44076,5216,44076,770,47
1600,3522,44077,5216,44077,770,47
1600,3522,44078,5216,44078,770,47
1600,3522,44079,5216,44079,770,47
1600,3522,44080,5216,44080,770,47
1600,3522,44081,5216,44081,770,47
1600,3522,44082,5216,44082,770,47
1600,3522,44083,5216,44083,770,47
1600,3522,44084,5216,44084,770,47
1600,3522,44085,5216,44085,770,47
1600,3522,44086,5216,44086,770,47
1600,3522,44087,5216,44087,770,47
1600,3522,44088,5216,44088,770,47
1600,3522,44089,5216,44089,770,47
1600,3522,44090,5216,44090,770,47
1600,3522,44091,5216,44091,770,47
1600,3522,44092,5216,44092,770,47
1600,3522,44093,5216,44093,770,47
1600,3522,44094,5216,44094,770,47
1600,3522,44095,5216,44095,770,47
1600,3522,44096,5216,44096,770,47
1600,3522,44097,5216,44097,770,47
1600,3522,44098,5216,44098,770,47
1600,3522,44099,5216,44099,770,47
1600,3522,44100,5216,44100,770,47
1600,3522,44101,5216,44101,770,47
1600,3522,44102,5216,44102,770,47
1600,3522,44103,5216,44103,770,47
1600,3522,44104,5216,44104,770,47
1600,3522,44105,5216,44105,770,47
1600,3522,44106,5216,44106,770,47
1600,3522,44107,5216,44107,770,47
1600,3522,44108,5216,44108,770,47
1600,3522,44109,5216,44109,770,47
1600,3522,44110,5216,44110,770,47
1600,3522,44111,5216,44111,770,47
1600,3522,44112,5216,44112,770,47
1600,3522,44113,5216,44113,770,47
1600,3522,44114,5216,44114,770,47
1600,3522,44115,5216,44115,770,47
1600,3522,44116,5216,44116,770,47
1600,3522,44117,5216,44117,770,47
1600,3522,44118,5216,44118,770,47
1600,3522,44119,5216,44119,770,47
1600,3522,44120,5216,44120,770,47
1600,3522,44121,5216,44121,770,47
1600,3522,44122,5216,44122,770,47
1600,3522,44123,5216,44123,770,47
1600,3522,44124,5216,44124,770,47
1600,3522,44125,5216,44125,770,47
1600,3522,44126,5216,44126,770,47
1600,3522,44127,5216,44127,770,47
1600,3522,44128,5216,44128,770,47
1600,3522,44129,5216,44129,770,47
1600,3522,44130,5216,44130,770,47
1600,3522,44131,5216,44131,770,47
1600,3522,44132,5216,44132,770,47
1600,3522,44133,5216,44133,770,47
1600,3522,44134,5216,44134,770,47
1600,3522,44135,5216,44135,770,47
1600,3522,44136,5216,44136,770,47
1600,3522,44137,5216,44137,770,47
1600,3522,44138,5216,44138,770,47
1600,3522,44139,5216,44139,770,47
1600,3522,44140,5216,44140,770,47
1600,3522,44141,5216,44141,770,47
1600,3522,44142,5216,44142,770,47
1600,3522,44143,5216,44143,770,47
1600,3522,44144,5216,44144,770,47
1600,3522,44145,5216,44145,770,47
1600,3522,44146,5216,44146,770,47
1600,3522,44147,5216,44147,770,47
1600,3522,44148,5216,44148,770,47
1600,3522,44149,5216,44149,770,47
1600,3522,44150,5216,44150,770,47
1600,3522,44151,5216,44151,770,47
1600,3522,44152,5216,44152,770,47
1600,3522,44153,5216,44153,770,47
1600,3522,44154,5216,44154,770,47
1600,3522,44155,5216,44155,770,47
1600,3522,44156,5216,44156,770,47
1600,3522,44157,5216,44157,770,47
1600,3522,44158,5216,44158,770,47
1600,3522,44159,5216,44159,770,47
1600,3522,44160,5216,44160,770,47
1600,3522,44161,5216,44161,770,47
1600,3522,44162,5216,44162,770,47
1600,3522,44163,5216,44163,770,47
1600,3522,44164,5216,44164,770,47
1600,3522,44165,5216,44165,770,47
1600,3522,44166,5216,44166,770,47
1600,3522,44167,5216,44167,770,47
1600,3522,44168,5216,44168,770,47
1600,3522,44169,5216,44169,770,47
1600,3522,44170,5216,44170,770,47
1600,3522,44171,5216,44171,770,47
1600,3522,44172,5216,44172,770,47
1600,3522,44173,5216,44173,770,47
1600,3522,44174,5216,44174,770,47
1600,3522,44175,5216,44175,770,47
1600,3522,44176,5216,44176,770,47
1600,3522,44177,5216,44177,770,47
1600,3522,44178,5216,44178,770,47
1600,3522,44179,5216,44179,770,47
1600,3522,44180,5216,44180,770,47
1600,3522,44181,5216,44181,770,47
1600,3522,44182,5216,44182,770,47
1600,3522,44183,5216,44183,770,47
1600,3522,44184,5216,44184,770,47
1600,3522,44185,5216,44185,770,47
1600,3522,44186,5216,44186,770,47
1600,3522,44187,5216,44187,770,47
1600,3522,44188,5216,44188,770,47
1600,3522,44189,5216,44189,770,47
1600,3522,44190,5216,44190,770,47
1600,3522,44191,5216,44191,770,47
1600,3522,44192,5216,44192,770,47
1600,3522,44193,5216,44193,770,47
1600,3522,44194,5216,44194,770,47
1600,3522,44195,5216,44195,770,47
1600,3522,44196,5216,44196,770,47
1600,3522,44197,5216,44197,770,47
1600,3522,44198,5216,44198,770,47
1600,3522,44199,5216,44199,770,47
1600,3522,44200,5216,44200,770,47
1600,3522,44201,5216,44201,770,47
1600,3522,44202,5216,44202,770,47
1600,3522,44203,5216,44203,770,47
1600,3522,44204,5216,44204,770,47
1600,3522,44205,5216,44205,770,47
1600,3522,44206,5216,44206,770,47
1600,3522,44207,5216,44207,770,47
1600,3522,44208,5216,44208,770,47
1600,3522,44209,5216,44209,770,47
1600,3522,44210,5216,44210,770,47
1600,3522,44211,5216,44211,770,47
1600,3522,44212,5216,44212,770,47
1600,3522,44213,5216,44213,770,47
1600,3522,44214,5216,44214,770,47
1600,3522,44215,5216,44215,770,47
1600,3522,44216,5216,44216,770,47
1600,3522,44217,5216,44217,770,47
1600,3522,44218,5216,44218,770,47
1600,3522,44219,5216,44219,770,47
1600,3522,44220,5216,44220,770,47
1600,3522,44221,5216,44221,770,47
1600,3522,44222,5216,44222,770,47
1600,3522,44223,5216,44223,770,47
1600,3522,44224,5216,44224,770,47
1600,3522,44225,5216,44225,770,47
1600,3522,44226,5216,44226,770,47
1600,3522,44227,5216,44227,770,47
1600,3522,44228,5216,44228,770,47
1600,3522,44229,5216,44229,770,47
1600,3522,44230,5216,44230,770,47
1600,3522,44231,5216,44231,770,47
1600,3522,44232,5216,44232,770,47
1600,3522,44233,5216,44233,770,47
1600,3522,44234,5216,44234,770,47
1600,3522,44235,5216,44235,770,47
1600,3522,44236,5216,44236,770,47
1600,3522,44237,5216,44237,770,47
1600,3522,44238,5216,44238,770,47
1600,3522,44239,5216,44239,770,47
1600,3522,44240,5216,44240,770,47
1600,3522,44241,5216,44241,770,47
1600,3522,44242,5216,44242,770,47
1600,3522,44243,5216,44243,770,47
1600,3522,44244,5216,44244,770,47
1600,3522,44245,5216,44245,770,47
1600,3522,44246,5216,44246,770,47
1600,3522,44247,5216,44247,770,47
1600,3522,44248,5216,44248,770,47
1600,3522,44249,5216,44249,770,47
1600,3522,44250,5216,44250,770,47
1600,3522,44251,5216,44251,770,47
1600,3522,44252,5216,44252,770,47
1600,3522,44253,5216,44253,770,47
1600,3522,44254,5216,44254,770,47
1600,3522,44255,5216,44255,770,47
1600,3522,44256,5216,44256,770,47
1600,3522,44257,5216,44257,770,47
1600,3522,44258,5216,44258,770,47
1600,3522,44259,5216,44259,770,47
1600,3522,44260,5216,44260,770,47
1600,3522,44261,5216,44261,770,47
1600,3522,44262,5216,44262,770,47
1600,3522,44263,5216,44263,770,47
1600,3522,44264,5216,44264,770,47
1600,3522,44265,5216,44265,770,47
1600,3522,44266,5216,44266,770,47
1600,3522,44267,5216,44267,770,47
1600,3522,44268,5216,44268,770,47
1600,3522,44269,5216,44269,770,47
1600,3522,44270,5216,44270,770,47
1600,3522,44271,5216,44271,770,47
1600,3522,44272,5216,44272,770,47
1600,3522,44273,5216,44273,770,47
1600,3522,44274,5216,44274,770,47
1600,3522,44275,5216,44275,770,47
1600,3522,44276,5216,44276,770,47
1600,3522,44277,5216,44277,770,47
1600,3522,44278,5216,44278,770,47
1600,3522,44279,5216,44279,770,47
1600,3522,44280,5216,44280,770,47
1600,3522,44281,5216,44281,770,47
1600,3522,44282,5216,44282,770,47
1600,3522,44283,5216,44283,770,47
1600,3522,44284,5216,44284,770,47
1600,3522,44285,5216,44285,770,47
1600,3522,44286,5216,44286,770,47
1600,3522,44287,5216,44287,770,47
1600,3522,44288,5216,44288,770,47
1600,3522,44289,5216,44289,770,47
1600,3522,44290,5216,44290,770,47
1600,3522,44291,5216,44291,770,47
1600,3522,44292,5216,44292,770,47
1600,3522,44293,5216,44293,770,47
1600,3522,44294,5216,44294,770,47
1600,3522,44295,5216,44295,770,47
1600,3522,44296,5216,44296,770,47
1600,3522,44297,5216,44297,770,47
1600,3522,44298,5216,44298,770,47
1600,3522,44299,5216,44299,770,47
1600,3522,44300,5216,44300,770,47
1600,3522,44301,5216,44301,770,47
1600,3522,44302,5216,44302,770,47
1600,3522,44303,5216,44303,770,47
1600,3522,44304,5216,44304,770,47
1600,3522,44305,5216,44305,770,47
1600,3522,44306,5216,44306,770,47
1600,3522,44307,5216,44307,770,47
1600,3522,44308,5216,44308,770,47
1600,3522,44309,5216,44309,770,47
1600,3522,44310,5216,44310,770,47
1600,3522,44311,5216,44311,770,47
1600,3522,44312,5216,44312,770,47
1600,3522,44313,5216,44313,770,47
1600,3522,44314,5216,44314,770,47
1600,3522,44315,5216,44315,770,47
1600,3522,44316,5216,44316,770,47
1600,3522,44317,5216,44317,770,47
1600,3522,44318,5216,44318,770,47
1600,3522,44319,5216,44319,770,47
1600,3522,44320,5216,44320,770,47
1600,3522,44321,5216,44321,770,47
1600,3522,44322,5216,44322,770,47
1600,3522,44323,5216,44323,770,47
1600,3522,44324,5216,44324,770,47
1600,3522,44325,5216,44325,770,47
1600,3522,44326,5216,44326,770,47
1600,3522,44327,5216,44327,770,47
1600,3522,44328,5216,44328,770,47
1600,3522,44329,5216,44329,770,47
1600,3522,44330,5216,44330,770,47
1600,3522,44331,5216,44331,770,47
1600,3522,44332,5216,44332,770,47
1600,3522,44333,5216,44333,770,47
1600,3522,44334,5216,44334,770,47
1600,3522,44335,5216,44335,770,47
1600,3522,44336,5216,44336,770,47
1600,3522,44337,5216,44337,770,47
1600,3522,44338,5216,44338,770,47
1600,3522,44339,5216,44339,770,47
1600,3522,44340,5216,44340,770,47
1600,3522,44341,5216,44341,770,47
1600,3522,44342,5216,44342,770,47
1600,3522,44343,5216,44343,770,47
1600,3522,44344,5216,44344,770,47
1600,3522,44345,5216,44345,770,47
1600,3522,44346,5216,44346,770,47
1600,3522,44347,5216,44347,770,47
1600,3522,44348,5216,44348,770,47
1600,3522,44349,5216,44349,770,47
1600,3522,44350,5216,44350,770,47
1600,3522,44351,5216,44351,770,47
1600,3522,44352,5216,44352,770,47
1600,3522,44353,5216,44353,770,47
1600,3522,44354,5216,44354,770,47
1600,3522,44355,5216,44355,770,47
1600,3522,44356,5216,44356,770,47
1600,3522,44357,5216,44357,770,47
1600,3522,44358,5216,44358,770,47
1600,3522,44359,5216,44359,770,47
1600,3522,44360,5216,44360,770,47
1600,3522,44361,5216,44361,770,47
1600,3522,44362,5216,44362,770,47
1600,3522,44363,5216,44363,770,47
1600,3522,44364,5216,44364,770,47
1600,3522,44365,5216,44365,770,47
1600,3522,44366,5216,44366,770,47
1600,3522,44367,5216,44367,770,47
1600,3522,44368,5216,44368,770,47
1600,3522,44369,5216,44369,770,47
1600,3522,44370,5216,44370,770,47
1600,3522,44371,5216,44371,770,47
1600,3522,44372,5216,44372,770,47
1600,3522,44373,5216,44373,770,47
1600,3522,44374,5216,44374,770,47
1600,3522,44375,5216,44375,770,47
1600,3522,44376,5216,44376,770,47
1600,3522,44377,5216,44377,770,47
1600,3522,44378,5216,44378,770,47
1600,3522,44379,5216,44379,770,47
1600,3522,44380,5216,44380,770,47
1600,3522,44381,5216,44381,770,47
1600,3522,44382,5216,44382,770,47
1600,3522,44383,5216,44383,770,47
1600,3522,44384,5216,44384,770,47
1600,3522,44385,5216,44385,770,47
1600,3522,44386,5216,44386,770,47
1600,3522,44387,5216,44387,770,47
1600,3522,44388,5216,44388,770,47
1600,3522,44389,5216,44389,770,47
1600,3522,44390,5216,44390,770,47
1600,3522,44391,5216,44391,770,47
1600,3522,44392,5216,44392,770,47
1600,3522,44393,5216,44393,770,47
1600,3522,44394,5216,44394,770,47
1600,3522,44395,5216,44395,770,47
1600,3522,44396,5216,44396,770,47
1600,3522,44397,5216,44397,770,47
1600,3522,44398,5216,44398,770,46
1600,3522,44399,5216,44399,770,45
1600,3522,44400,5216,44400,770,44
1600,3522,44401,5216,44401,770,43
1600,3522,44402,5216,44402,770,42
1600,3522,44403,5216,44403,770,41
1600,3522,44404,5216,44404,770,40
1600,3522,44405,5216,44405,770,39
1600,3522,44406,5216,44406,770,38
1600,3522,44407,5216,44407,770,37
1600,3522,44408,5216,44408,770,36
1600,3522,44409,5216,44409,770,35
1600,3522,44410,5216,44410,770,34
1600,3522,44411,5216,44411,770,33
1600,3522,44412,5216,44412,770,32
1600,3522,44413,5216,44413,770,31
1601,3522,44414,5216,44414,770,31
1602,3522,44415,5216,44415,770,31
1603,3522,44416,5216,44416,770,31
1603,3522,44417,5216,44417,770,31
1604,3522,44418,5216,44418,770,31
1604,3522,44419,5216,44419,770,31
1605,3522,44420,5216,44420,770,31
1606,3522,44421,5216,44421,770,31
1606,3522,44422,5216,44422,770,31
1607,3522,44423,5216,44423,770,31
1608,3522,44424,5216,44424,770,31
1608,3522,44425,5216,44425,770,31
1608,3522,44426,5216,44426,770,31
1609,3522,44427,5216,44427,770,31
1609,3522,44428,5216,44428,770,31
1609,3522,44429,5216,44429,770,31
1609,3522,44430,5216,44430,770,31
1609,3522,44431,5216,44431,770,31
1609,3522,44432,5216,44432,770,31
1609,3522,44433,5216,44433,770,31
1609,3522,44434,5216,44434,770,31
1609,3522,44435,5216,44435,770,31
1609,3522,44436,5216,44436,770,31
1609,3522,44437,5216,44437,770,31
1609,3522,44438,5216,44438,770,31
1609,3522,44439,5216,44439,770,31
1609,3522,44440,5216,44440,770,31
1609,3522,44441,5216,44441,770,31
1609,3522,44442,5216,44442,770,31
1609,3522,44443,5216,44443,770,31
1609,3522,44444,5216,44444,770,31
1609,3522,44445,5216,44445,770,31
1609,3522,44446,5216,44446,770,31
1609,3522,44447,5216,44447,770,31
1609,3522,44448,5216,44448,770,31
1609,3522,44449,5216,44449,770,31
1609,3522,44450,5216,44450,770,31
1609,3522,44451,5216,44451,770,31
1609,3522,44452,5216,44452,770,31
1609,3522,44453,5216,44453,770,31
1609,3522,44454,5216,44454,770,31
1609,3522,44455,5216,44455,770,31
1609,3522,44456,5216,44456,770,31
1609,3522,44457,5216,44457,770,31
1609,3522,44458,5216,44458,770,31
1609,3522,44459,5216,44459,770,31
1609,3522,44460,5216,44460,770,31
1609,3522,44461,5216,44461,770,31
1608,3522,44462,5216,44462,770,31
1607,3522,44463,5216,44463,770,31
1606,3522,44464,5216,44464,770,31
1606,3522,44465,5216,44465,770,31
1605,3522,44466,5216,44466,770,31
1605,3522,44467,5216,44467,770,31
1604,3522,44468,5216,44468,770,31
1603,3522,44469,5216,44469,770,31
1603,3522,44470,5216,44470,770,31
1602,3522,44471,5216,44471,770,31
1601,3522,44472,5216,44472,770,31
1601,3522,44473,5216,44473,770,31
1601,3522,44474,5216,44474,770,31
1600,3522,44475,5216,44475,770,31
1600,3522,44476,5216,44476,770,31
1600,3522,44477,5216,44477,770,31
1600,3522,44478,5216,44478,770,31
1600,3522,44479,5216,44479,770,31
1600,3522,44480,5216,44480,770,31
1600,3522,44481,5216,44481,770,31
1600,3522,44482,5216,44482,770,31
1600,3522,44483,5216,44483,770,31
1600,3522,44484,5216,44484,770,31
1600,3522,44485,5216,44485,770,31
1600,3522,44486,5216,44486,770,31
1600,3522,44487,5216,44487,770,31
1600,3522,44488,5216,44488,770,31
1600,3522,44489,5216,44489,770,31
1600,3522,44490,5216,44490,770,31
1600,3522,44491,5216,44491,770,31
1600,3522,44492,5216,44492,770,31
1600,3522,44493,5216,44493,770,31
1600,3522,44494,5216,44494,770,31
1600,3522,44495,5216,44495,770,31
1600,3522,44496,5216,44496,770,31
1600,3522,44497,5216,44497,770,31
1600,3522,44498,5216,44498,770,31
1600,3522,44499,5216,44499,770,31
1600,3522,44500,5216,44500,770,31
1600,3522,44501,5216,44501,770,31
1600,3522,44502,5216,44502,770,31
1600,3522,44503,5216,44503,770,31
1600,3522,44504,5216,44504,770,31
1600,3522,44505,5216,44505,770,31
1600,3522,44506,5216,44506,770,31
1600,3522,44507,5216,44507,770,31
1600,3522,44508,5216,44508,770,31
1600,3522,44509,5216,44509,770,31
1600,3522,44510,5216,44510,770,31
1600,3522,44511,5216,44511,770,31
1600,3522,44512,5216,44512,770,31
1600,3522,44513,5216,44513,770,31
1600,3522,44514,5216,44514,770,31
1600,3522,44515,5216,44515,770,31
1600,3522,44516,5216,44516,770,31
1600,3522,44517,5216,44517,770,31
1600,3522,44518,5216,44518,770,31
1600,3522,44519,5216,44519,770,31
1600,3522,44520,5216,44520,770,31
1600,3522,44521,5216,44521,770,31
1600,3522,44522,5216,44522,770,31
1600,3522,44523,5216,44523,770,31
1600,3522,44524,5216,44524,770,31
1600,3522,44525,5216,44525,770,31
1600,3522,44526,5216,44526,770,31
1600,3522,44527,5216,44527,770,31
1600,3522,44528,5216,44528,770,31
1600,3522,44529,5216,44529,770,31
1600,3522,44530,5216,44530,770,31
1600,3522,44531,5216,44531,770,31
1600,3522,44532,5216,44532,770,31
1600,3522,44533,5216,44533,770,31
1600,3522,44534,5216,44534,770,31
1600,3522,44535,5216,44535,770,31
1600,3522,44536,5216,44536,770,31
1600,3522,44537,5216,44537,770,31
1600,3522,44538,5216,44538,770,31
1600,3522,44539,5216,44539,770,31
1600,3522,44540,5216,44540,770,31
1600,3522,44541,5216,44541,770,31
1600,3522,44542,5216,44542,770,31
1600,3522,44543,5216,44543,770,31
1600,3522,44544,5216,44544,770,31
1600,3522,44545,5216,44545,770,31
1600,3522,44546,5216,44546,770,31
1600,3522,44547,5216,44547,770,31
1600,3522,44548,5216,44548,770,31
1600,3522,44549,5216,44549,770,31
1600,3522,44550,5216,44550,770,31
1600,3522,44551,5216,44551,770,31
1600,3522,44552,5216,44552,770,31
1600,3522,44553,5216,44553,770,31
1600,3522,44554,5216,44554,770,31
1600,3522,44555,5216,44555,770,31
1600,3522,44556,5216,44556,770,31
1600,3522,44557,5216,44557,770,31
1600,3522,44558,5216,44558,770,31
1600,3522,44559,5216,44559,770,31
1600,3522,44560,5216,44560,770,31
1600,3522,44561,5216,44561,770,31
1600,3522,44562,5216,44562,770,31
1600,3522,44563,5216,44563,770,31
1600,3522,44564,5216,44564,770,31
1600,3522,44565,5216,44565,770,31
1600,3522,44566,5216,44566,770,31
1600,3522,44567,5216,44567,770,31
1600,3522,44568,5216,44568,770,31
1600,3522,44569,5216,44569,770,31
1600,3522,44570,5216,44570,770,31
1600,3522,44571,5216,44571,770,31
1600,3522,44572,5216,44572,770,31
1600,3522,44573,5216,44573,770,31
1600,3522,44574,5216,44574,770,31
1600,3522,44575,5216,44575,770,31
1600,3522,44576,5216,44576,770,31
1600,3522,44577,5216,44577,770,31
1600,3522,44578,5216,44578,770,31
1600,3522,44579,5216,44579,770,31
1600,3522,44580,5216,44580,770,31
1600,3522,44581,5216,44581,770,31
1600,3522,44582,5216,44582,770,31
1600,3522,44583,5216,44583,770,31
1600,3522,44584,5216,44584,770,31
1600,3522,44585,5216,44585,770,31
1600,3522,44586,5216,44586,770,31
1600,3522,44587,5216,44587,770,31
1600,3522,44588,5216,44588,770,31
1600,3522,44589,5216,44589,770,31
1600,3522,44590,5216,44590,770,31
1600,3522,44591,5216,44591,770,31
1600,3522,44592,5216,44592,770,31
1600,3522,44593,5216,44593,770,31
1600,3522,44594,5216,44594,770,31
1600,3522,44595,5216,44595,770,31
1600,3522,44596,5216,44596,770,31
1600,3522,44597,5216,44597,770,31
1600,3522,44598,5216,44598,770,31
1600,3522,44599,5216,44599,770,31
1600,3522,44600,5216,44600,770,31
1600,3522,44601,5216,44601,770,31
1600,3522,44602,5216,44602,770,31
1600,3522,44603,5216,44603,770,31
1600,3522,44604,5216,44604,770,31
1600,3522,44605,5216,44605,770,31
1600,3522,44606,5216,44606,770,31
1600,3522,44607,5216,44607,770,31
1600,3522,44608,5216,44608,770,31
1600,3522,44609,5216,44609,770,31
1600,3522,44610,5216,44610,770,31
1600,3522,44611,5216,44611,770,31
1600,3522,44612,5216,44612,770,31
1600,3522,44613,5216,44613,770,31
1600,3522,44614,5216,44614,770,31
1600,3522,44615,5216,44615,770,31
1600,3522,44616,5216,44616,770,31
1600,3522,44617,5216,44617,770,31
1600,3522,44618,5216,44618,770,31
1600,3522,44619,5216,44619,770,31
1600,3522,44620,5216,44620,770,31
1600,3522,44621,5216,44621,770,31
1600,3522,44622,5216,44622,770,31
1600,3522,44623,5216,44623,770,31
1600,3522,44624,5216,44624,770,31
1600,3522,44625,5216,44625,770,31
1600,3522,44626,5216,44626,770,31
1600,3522,44627,5216,44627,770,31
1600,3522,44628,5216,44628,770,31
1600,3522,44629,5216,44629,770,31
1600,3522,44630,5216,44630,770,31
1600,3522,44631,5216,44631,770,31
1600,3522,44632,5216,44632,770,31
1600,3522,44633,5216,44633,770,31
1600,3522,44634,5216,44634,770,31
1600,3522,44635,5216,44635,770,31
1600,3522,44636,5216,44636,770,31
1600,3522,44637,5216,44637,770,31
1600,3522,44638,5216,44638,770,31
1600,3522,44639,5216,44639,770,31
1600,3522,44640,5216,44640,770,31
1600,3522,44641,5216,44641,770,31
1600,3522,44642,5216,44642,770,31
1600,3522,44643,5216,44643,770,31
1600,3522,44644,5216,44644,770,31
1600,3522,44645,5216,44645,770,31
1600,3522,44646,5216,44646,770,31
1600,3522,44647,5216,44647,770,31
1600,3522,44648,5216,44648,770,31
1600,3522,44649,5216,44649,770,31
1600,3522,44650,5216,44650,770,31
1600,3522,44651,5216,44651,770,31
1600,3522,44652,5216,44652,770,31
1600,3522,44653,5216,44653,770,31
1600,3522,44654,5216,44654,770,31
1600,3522,44655,5216,44655,770,31
1600,3522,44656,5216,44656,770,31
1600,3522,44657,5216,44657,770,31
1600,3522,44658,5216,44658,770,31
1600,3522,44659,5216,44659,770,31
1600,3522,44660,5216,44660,770,31
1600,3522,44661,5216,44661,770,31
1600,3522,44662,5216,44662,770,31
1600,3522,44663,5216,44663,770,31
1600,3522,44664,5216,44664,770,31
1600,3522,44665,5216,44665,770,31
1600,3522,44666,5216,44666,770,31
1600,3522,44667,5216,44667,770,31
1600,3522,44668,5216,44668,770,31
1600,3522,44669,5216,44669,770,31
1600,3522,44670,5216,44670,770,31
1600,3522,44671,5216,44671,770,31
1600,3522,44672,5216,44672,770,31
1600,3522,44673,5216,44673,770,31
1600,3522,44674,5216,44674,770,31
1600,3522,44675,5216,44675,770,31
1600,3522,44676,5216,44676,770,31
1600,3522,44677,5216,44677,770,31
1600,3522,44678,5216,44678,770,31
1600,3522,44679,5216,44679,770,31
1600,3522,44680,5216,44680,770,31
1600,3522,44681,5216,44681,770,31
1600,3522,44682,5216,44682,770,31
1600,3522,44683,5216,44683,770,31
1600,3522,44684,5216,44684,770,31
1600,3522,44685,5216,44685,770,31
1600,3522,44686,5216,44686,770,31
1600,3522,44687,5216,44687,770,31
1600,3522,44688,5216,44688,770,31
1600,3522,44689,5216,44689,770,31
1600,3522,44690,5216,44690,770,31
1600,3522,44691,5216,44691,770,31
1600,3522,44692,5216,44692,770,31
1600,3522,44693,5216,44693,770,31
1600,3522,44694,5216,44694,770,31
1600,3522,44695,5216,44695,770,31
1600,3522,44696,5216,44696,770,31
1600,3522,44697,5216,44697,770,31
1600,3522,44698,5216,44698,770,31
1600,3522,44699,5216,44699,770,31
1600,3522,44700,5216,44700,770,31
1600,3522,44701,5216,44701,770,31
1600,3522,44702,5216,44702,770,31
1600,3522,44703,5216,44703,770,31
1600,3522,44704,5216,44704,770,31
1600,3522,44705,5216,44705,770,31
1600,3522,44706,5216,44706,770,31
1600,3522,44707,5216,44707,770,31
1600,3522,44708,5216,44708,770,31
1600,3522,44709,5216,44709,770,31
1600,3522,44710,5216,44710,770,31
1600,3522,44711,5216,44711,770,31
1600,3522,44712,5216,44712,770,31
1600,3522,44713,5216,44713,770,31
1600,3522,44714,5216,44714,770,31
1600,3522,44715,5216,44715,770,31
1600,3522,44716,5216,44716,770,31
1600,3522,44717,5216,44717,770,31
1600,3522,44718,5216,44718,770,31
1600,3522,44719,5216,44719,770,31
1600,3522,44720,5216,44720,770,31
1600,3522,44721,5216,44721,770,31
1600,3522,44722,5216,44722,770,31
1600,3522,44723,5216,44723,770,31
1600,3522,44724,5216,44724,770,31
1600,3522,44725,5216,44725,770,31
1600,3522,44726,5216,44726,770,31
1600,3522,44727,5216,44727,770,31
1600,3522,44728,5216,44728,770,31
1600,3522,44729,5216,44729,770,31
1600,3522,44730,5216,44730,770,31
1600,3522,44731,5216,44731,770,31
1600,3522,44732,5216,44732,770,31
1600,3522,44733,5216,44733,770,31
1600,3522,44734,5216,44734,770,31
1600,3522,44735,5216,44735,770,31
1600,3522,44736,5216,44736,770,31
1600,3522,44737,5216,44737,770,31
1600,3522,44738,5216,44738,770,31
1600,3522,44739,5216,44739,770,31
1600,3522,44740,5216,44740,770,31
1600,3522,44741,5216,44741,770,31
1600,3522,44742,5216,44742,770,31
1600,3522,44743,5216,44743,770,31
1600,3522,44744,5216,44744,770,31
1600,3522,44745,5216,44745,770,31
1600,3522,44746,5216,44746,770,31
1600,3522,44747,5216,44747,770,31
1600,3522,44748,5216,44748,770,31
1600,3522,44749,5216,44749,770,31
1600,3522,44750,5216,44750,770,31
1600,3522,44751,5216,44751,770,31
1600,3522,44752,5216,44752,770,31
1600,3522,44753,5216,44753,770,31
1600,3522,44754,5216,44754,770,31
1600,3522,44755,5216,44755,770,31
1600,3522,44756,5216,44756,770,31
1600,3522,44757,5216,44757,770,31
1600,3522,44758,5216,44758,770,31
1600,3522,44759,5216,44759,770,31
1600,3522,44760,5216,44760,770,31
1600,3522,44761,5216,44761,770,31
1600,3522,44762,5216,44762,770,31
1600,3522,44763,5216,44763,770,31
1600,3522,44764,5216,44764,770,31
1600,3522,44765,5216,44765,770,31
1600,3522,44766,5216,44766,770,31
1600,3522,44767,5216,44767,770,31
1600,3522,44768,5216,44768,770,31
1600,3522,44769,5216,44769,770,31
1600,3522,44770,5216,44770,770,31
1600,3522,44771,5216,44771,770,31
1600,3522,44772,5216,44772,770,31
1600,3522,44773,5216,44773,770,31
1600,3522,44774,5216,44774,770,31
1600,3522,44775,5216,44775,770,31
1600,3522,44776,5216,44776,770,31
1600,3522,44777,5216,44777,770,31
1600,3522,44778,5216,44778,770,31
1600,3522,44779,5216,44779,770,31
1600,3522,44780,5216,44780,770,31
1600,3522,44781,5216,44781,770,31
1600,3522,44782,5216,44782,770,31
1600,3522,44783,5216,44783,770,31
1600,3522,44784,5216,44784,770,31
1600,3522,44785,5216,44785,770,31
1600,3522,44786,5216,44786,770,31
1600,3522,44787,5216,44787,770,31
1600,3522,44788,5216,44788,770,31
1600,3522,44789,5216,44789,770,31
1600,3522,44790,5216,44790,770,31
1600,3522,44791,5216,44791,770,31
1600,3522,44792,5216,44792,770,31
1600,3522,44793,5216,44793,770,31
1600,3522,44794,5216,44794,770,31
1600,3522,44795,5216,44795,770,31
1600,3522,44796,5216,44796,770,31
1600,3522,44797,5216,44797,770,31
1600,3522,44798,5216,44798,770,31
1600,3522,44799,5216,44799,770,31
1600,3522,44800,5216,44800,770,31
1600,3522,44801,5216,44801,770,31
1600,3522,44802,5216,44802,770,31
1600,3522,44803,5216,44803,770,31
1600,3522,44804,5216,44804,770,31
1600,3522,44805,5216,44805,770,31
1600,3522,44806,5216,44806,770,31
1600,3522,44807,5216,44807,770,31
1600,3522,44808,5216,44808,770,31
1600,3522,44809,5216,44809,770,31
1600,3522,44810,5216,44810,770,31
1600,3522,44811,5216,44811,770,31
1600,3522,44812,5216,44812,770,31
1600,3522,44813,5216,44813,770,31
1600,3522,44814,5216,44814,770,31
1600,3522,44815,5216,44815,770,31
1600,3522,44816,5216,44816,770,31
1600,3522,44817,5216,44817,770,31
1600,3522,44818,5216,44818,770,31
1600,3522,44819,5216,44819,770,31
1600,3522,44820,5216,44820,770,31
1600,3522,44821,5216,44821,770,31
1600,3522,44822,5216,44822,770,31
1600,3522,44823,5216,44823,770,31
1600,3522,44824,5216,44824,770,31
1600,3522,44825,5216,44825,770,31
1600,3522,44826,5216,44826,770,31
1600,3522,44827,5216,44827,770,31
1600,3522,44828,5216,44828,770,31
1600,3522,44829,5216,44829,770,31
1600,3522,44830,5216,44830,770,31
1600,3522,44831,5216,44831,770,31
1600,3522,44832,5216,44832,770,31
1600,3522,44833,5216,44833,770,31
1600,3522,44834,5216,44834,770,31
1600,3522,44835,5216,44835,770,31
1600,3522,44836,5216,44836,770,31
1600,3522,44837,5216,44837,770,31
1600,3522,44838,5216,44838,770,31
1600,3522,44839,5216,44839,770,31
1600,3522,44840,5216,44840,770,31
1600,3522,44841,5216,44841,770,31
1600,3522,44842,5216,44842,770,31
1600,3522,44843,5216,44843,770,31
1600,3522,44844,5216,44844,770,31
1600,3522,44845,5216,44845,770,31
1600,3522,44846,5216,44846,770,30
1600,3522,44847,5216,44847,770,29
1600,3522,44848,5216,44848,770,28
1600,3522,44849,5216,44849,770,28
1600,3522,44850,5216,44850,770,27
1600,3522,44851,5216,44851,770,26
1600,3522,44852,5216,44852,770,25
1600,3522,44853,5216,44853,770,24
1600,3522,44854,5216,44854,770,23
1600,3522,44855,5216,44855,770,22
1600,3522,44856,5216,44856,770,21
1600,3522,44857,5216,44857,770,20
1600,3522,44858,5216,44858,770,19
1600,3522,44859,5216,44859,770,18
1600,3522,44860,5216,44860,770,17
1600,3522,44861,5216,44861,770,16
